756
912 223 849 580 817 616 353 130 689 777 659 794 63 219 656 600 290 906 471 814 706 490 561 350 578 619 842 557 344 338 452 356 171 667 229 441 23 254 548 79 568 785 108 899 447 197 242 490 384 661 600 625 589 554 703 535 205 976 300 148 302 507 70 577 21 805 190 13 732 819 682 905 43 249 833 183 507 151 616 954 731 401 906 341 450 0 663 902 859 811 638 266 255 693 584 102 840 391 139 582 532 848 626 847 515 895 55 13 274 399 367 551 672 361 524 679 331 72 535 989 287 599 10 29 340 766 794 77 735 575 322 922 580 184 159 849 81 439 158 960 578 162 140 921 473 172 938 9 101 993 403 263 192 425 996 565 491 573 71 445 472 916 351 461 235 983 242 974 895 818 188 120 73 498 31 267 190 197 250 115 188 243 997 855 13 674 226 626 96 490 285 944 439 789 225 810 44 394 513 265 370 244 0 281 809 162 14 186 985 202 832 94 834 659 557 803 286 338 133 974 518 91 624 679 134 5 118 791 534 746 608 669 725 784 903 942 424 577 426 876 610 526 899 7 20 878 286 262 673 942 814 663 359 736 104 838 869 381 363 496 333 206 281 791 975 696 619 390 985 821 30 451 260 202 220 677 986 710 695 953 984 897 882 765 877 157 128 748 184 2 664 306 919 463 759 817 134 998 224 305 751 861 728 202 668 210 583 235 396 24 810 342 545 385 113 835 974 701 585 932 308 509 381 347 935 89 402 941 58 266 40 446 222 250 976 412 123 230 874 547 760 969 738 285 743 753 155 400 386 840 967 960 580 500 81 854 369 925 250 962 396 141 624 991 491 87 103 331 303 618 745 42 449 65 715 648 936 895 789 84 592 916 356 478 518 504 420 951 571 753 448 303 240 554 635 586 131 272 23 390 187 932 977 236 144 751 819 312 679 874 961 992 463 375 974 81 443 428 636 708 873 513 719 285 758 206 110 455 436 345 715 935 972 204 752 227 27 765 701 1000 906 76 59 677 479 464 221 7 835 820 208 437 619 97 871 199 417 736 940 779 548 660 822 689 416 605 630 135 626 25 873 230 33 301 630 672 956 215 950 598 560 506 614 410 856 215 415 40 548 406 462 738 779 245 509 940 432 509 690 844 39 687 4 479 735 668 721 207 30 881 300 821 139 955 919 474 467 822 122 544 231 204 433 245 984 682 525 74 545 283 999 507 395 564 652 304 58 540 523 466 255 19 659 487 887 908 505 451 704 994 649 435 706 409 157 565 448 691 549 846 861 306 166 741 299 650 66 180 532 582 124 736 890 943 169 537 730 29 857 173 320 52 526 407 108 572 949 340 600 237 599 459 587 238 742 857 619 801 903 971 857 3 179 224 195 431 168 408 614 515 324 531 693 58 712 229 924 219 816 833 324 841 352 313 477 771 392 969 777 475 201 127 847 885 23 541 968 924 559 713 764 784 501 217 789 643 474 800 854 123 715 414 307 164 140 637 653 811 231 764 897 44 154 207 270 749 898 520 791 399 726 530 557 687 745 406 624 207 372 550 858 487 756 356 335 182 608 662 998 436 742 51 793 490 430 882 349 568 121 841 248 688 140 204 84 725 587 417 968 971 588 205 683 915 251 320 571 921 396 734 784 553 232 792 891 57 627 440 489 512 232 590 310 90 963 653 919 110 460 221 798 165 29 997 65 680 202 352 919 955 279 71 610 247 73 403 
208 628 989
215 421 988
498 153 852
92 140 996
333 308 823
446 193 722
489 29 926
664 692 856
567 704 807
320 483 975
261 634 893
383 199 737
230 693 904
595 492 759
65 713 958
748 36 482
27 45 900
381 29 773
532 302 885
590 395 943
299 468 814
53 204 668
286 318 856
166 554 987
614 302 956
69 472 889
711 493 967
747 633 950
286 566 808
289 58 985
61 312 878
219 375 952
133 711 936
287 372 257
76 614 236
451 274 682
587 488 997
169 692 920
265 50 984
604 51 614
535 271 822
299 624 611
311 707 981
579 486 965
602 98 831
312 454 725
351 435 969
673 409 958
83 726 937
47 274 397
606 301 938
659 64 586
70 320 968
685 733 945
364 748 994
366 667 960
315 170 822
735 45 993
106 598 923
664 312 959
25 295 902
456 611 910
711 175 895
315 598 820
122 609 772
346 52 941
708 684 827
518 433 993
107 568 520
650 585 681
289 34 676
517 131 817
460 608 909
294 15 859
295 169 984
391 481 667
614 78 877
346 336 759
56 620 869
11 51 848
454 21 831
155 627 998
202 325 999
52 640 936
706 184 967
593 716 640
86 223 987
628 555 998
355 262 669
723 78 389
158 115 966
332 322 597
137 196 885
234 539 951
559 577 941
446 8 725
28 542 626
392 409 973
517 699 643
693 248 948
298 584 998
8 384 801
340 584 916
41 319 950
226 89 991
79 500 884
522 533 912
43 312 939
103 200 629
58 38 999
724 122 999
208 106 924
705 406 907
565 704 766
449 675 861
102 493 973
443 727 963
328 436 1000
455 486 950
616 316 938
43 528 313
192 642 978
648 169 908
124 193 468
412 670 997
302 612 988
186 233 816
353 613 933
302 566 916
227 238 610
140 583 978
378 547 938
609 734 742
15 287 812
304 50 877
754 274 724
218 260 568
342 427 983
483 648 876
360 19 967
129 413 776
182 732 720
474 738 966
645 594 953
438 586 984
313 610 861
666 8 947
343 672 799
252 390 944
547 307 817
682 608 857
210 752 321
727 212 758
190 538 552
463 727 828
525 289 986
284 352 978
734 597 698
531 247 1000
160 346 983
30 176 884
401 491 815
206 161 824
286 245 829
747 191 868
676 652 429
395 488 819
114 381 826
111 737 967
303 530 939
529 540 605
408 196 875
244 530 493
259 467 881
364 31 994
568 363 839
90 1 939
307 59 815
286 518 858
567 385 915
376 553 969
58 82 989
709 714 990
513 738 626
346 2 795
429 348 620
245 597 877
428 393 651
214 621 664
256 531 999
353 754 712
541 34 718
203 605 478
280 28 968
35 617 965
160 558 824
449 127 848
287 748 554
58 126 986
65 292 534
61 48 810
223 661 977
448 186 741
400 501 422
76 514 978
527 337 899
58 555 989
133 77 690
595 320 1000
80 524 977
458 553 925
412 289 997
69 431 856
658 383 939
554 115 878
400 685 912
605 679 514
397 647 695
65 492 911
684 434 481
94 21 771
592 407 947
719 185 478
293 720 944
752 689 999
725 109 998
43 622 940
102 546 965
393 679 704
690 427 895
106 355 984
72 187 961
290 129 971
170 154 870
591 492 925
67 465 998
547 335 985
324 322 794
600 532 997
37 49 445
542 406 979
375 502 722
648 305 852
349 95 654
224 728 979
16 703 811
259 79 952
736 101 857
208 317 999
637 400 985
705 230 972
752 455 987
705 185 322
542 161 712
34 184 983
147 669 980
118 481 588
207 126 994
633 386 876
266 582 842
367 129 812
148 84 609
326 455 946
459 573 975
72 478 981
648 264 967
480 486 772
368 296 976
497 97 856
501 576 788
663 127 989
282 21 962
33 38 274
19 272 750
262 726 248
111 228 826
290 133 633
143 391 644
656 532 822
384 67 852
252 404 933
472 332 641
203 575 377
58 143 982
319 581 961
525 711 988
138 546 913
442 33 643
573 378 903
569 67 794
226 15 659
636 669 971
649 374 908
129 110 952
522 617 959
565 306 689
28 288 863
107 218 474
252 71 893
370 475 876
208 204 391
264 339 938
601 36 857
324 337 604
655 346 914
510 150 999
564 54 760
37 23 798
623 401 397
636 444 700
78 644 927
319 27 906
239 308 542
743 750 989
341 236 990
354 694 561
368 267 840
685 337 989
56 256 944
214 70 915
292 308 441
312 488 960
127 316 876
542 68 678
345 709 983
43 440 1000
106 362 951
36 749 950
92 396 982
90 9 910
562 671 897
79 116 849
633 379 861
279 13 785
155 447 997
653 379 935
551 80 995
544 14 947
512 106 936
492 185 853
290 220 987
594 519 782
131 68 817
199 709 977
342 387 977
366 141 976
410 508 906
418 246 956
475 627 659
104 42 848
343 154 781
90 374 959
747 740 453
537 371 832
129 409 749
319 439 712
260 595 990
368 154 528
538 526 906
258 567 915
6 113 780
383 170 945
316 492 856
577 114 843
237 713 791
498 691 835
258 583 775
324 170 986
418 336 766
96 589 714
491 742 540
507 593 980
422 395 985
587 453 959
716 496 940
333 26 637
125 482 945
724 382 943
586 607 592
246 270 881
683 638 941
258 129 973
446 702 719
638 18 960
606 472 883
56 264 953
329 556 573
223 274 766
112 425 831
446 40 748
557 625 625
278 162 935
531 279 1000
536 630 887
270 576 830
391 697 612
202 287 866
498 251 996
388 398 959
486 710 972
489 113 935
157 713 887
107 515 986
161 485 962
345 191 825
437 315 739
715 721 801
490 678 725
613 51 737
135 301 933
99 463 915
328 310 1000
442 48 986
614 1 921
626 183 1000
208 338 545
536 342 985
155 491 999
50 568 821
597 137 770
448 202 373
686 704 923
517 611 484
344 362 469
294 727 783
34 300 802
522 43 572
50 547 853
524 502 854
507 413 939
59 701 852
297 67 671
434 339 903
480 454 810
102 519 899
249 112 954
323 387 469
518 70 953
716 97 928
169 516 895
71 120 990
98 542 675
529 395 656
365 330 913
320 429 990
327 172 876
424 131 785
200 432 944
618 244 879
277 519 990
577 426 770
15 27 951
108 489 687
246 331 918
101 469 647
735 84 996
569 358 933
399 254 774
145 674 877
119 451 660
512 671 927
175 235 949
457 426 674
72 562 941
732 670 899
294 702 750
214 215 698
731 394 790
279 229 893
272 196 818
330 560 941
340 590 969
7 164 474
349 62 916
118 366 571
517 136 903
216 712 822
195 536 959
111 619 882
211 628 971
756 142 961
410 639 874
164 596 1000
42 399 897
624 201 853
471 746 890
52 460 847
247 20 902
581 584 759
174 691 907
575 107 906
315 405 207
168 492 993
574 648 969
695 179 444
117 584 474
310 260 971
631 211 926
60 679 803
414 743 851
317 227 996
618 12 950
554 87 819
289 62 905
541 736 757
632 427 450
676 47 557
490 714 938
195 272 792
479 333 953
269 242 997
226 87 684
628 96 977
116 64 720
403 151 988
29 261 391
204 163 742
628 11 996
108 706 943
519 284 951
292 189 531
368 4 942
303 656 944
389 595 938
190 398 886
434 79 991
91 534 749
48 651 835
204 619 972
173 422 695
134 529 933
615 734 769
553 516 954
91 338 870
494 243 949
174 284 890
405 266 727
424 411 990
13 610 712
357 528 570
226 657 861
66 640 948
178 105 636
60 742 740
123 264 929
730 655 798
119 561 930
358 549 946
296 42 896
701 484 822
660 566 775
360 37 994
72 398 980
543 670 681
124 414 584
114 44 961
197 369 891
651 269 998
174 219 516
135 397 216
709 394 984
456 234 826
477 751 977
474 24 471
620 216 975
494 257 996
717 504 962
176 351 968
162 313 948
192 234 960
417 516 926
623 557 801
713 144 956
687 464 936
391 560 897
54 139 702
650 569 547
682 14 983
283 188 951
694 710 994
520 418 659
521 382 931
497 263 638
252 12 1000
113 139 998
52 147 940
646 332 779
222 288 868
470 457 827
592 258 607
111 198 810
477 184 964
380 417 653
499 584 692
325 720 945
112 424 809
226 55 926
749 410 924
131 607 442
755 587 955
695 325 945
571 184 909
359 581 684
716 88 903
504 508 814
506 715 895
150 608 995
121 251 982
109 135 844
523 240 951
495 530 698
28 145 923
317 165 985
79 668 917
751 466 689
344 707 786
253 350 840
461 193 928
130 133 663
535 465 896
721 529 956
575 509 381
550 534 998
224 372 920
449 464 850
327 524 690
367 125 919
221 716 715
46 632 591
151 214 800
162 476 944
388 665 982
51 474 609
73 256 923
146 6 915
530 255 297
681 622 927
119 156 960
74 425 830
511 110 612
93 690 679
185 181 674
273 666 881
472 171 328
587 180 968
657 688 895
64 217 755
18 296 966
371 584 949
610 32 983
556 484 587
560 432 977
545 322 976
90 377 987
347 147 951
201 727 634
626 214 785
3 197 913
629 712 908
75 89 898
402 751 961
104 350 977
209 90 991
162 85 946
503 715 341
142 99 886
411 718 978
641 638 982
136 462 908
208 268 510
176 596 895
588 407 927
745 388 981
696 610 982
662 207 591
420 84 876
622 430 961
30 608 895
212 309 814
100 715 774
624 643 585
603 659 544
640 635 823
505 411 998
28 487 880
430 473 942
450 667 989
443 570 930
466 243 961
417 471 993
16 236 995
607 285 923
178 499 734
415 109 986
505 580 815
272 703 862
445 45 901
341 22 880
369 467 782
281 313 985
413 729 936
356 358 974
372 572 948
497 314 540
193 423 927
533 149 859
29 283 907
17 406 902
489 739 956
373 498 517
523 252 694
695 419 763
334 750 993
599 481 933
363 452 745
448 177 988
587 753 966
700 428 865
16 276 839
680 530 550
128 461 837
416 228 952
698 477 980
272 132 973
548 487 679
750 39 963
356 291 963
77 361 926
231 665 662
167 521 481
213 373 943
73 744 999
321 465 916
359 241 665
225 480 927
519 250 997
741 114 843
552 215 826
205 578 915
743 5 964
233 152 777
63 318 964
654 362 261
78 205 968
541 159 270
275 353 632
230 677 777
469 10 932
441 734 938
690 81 943
467 57 706
577 194 926
563 645 884
722 727 669
232 229 919