473 470
467 122
148 99
154 68
363 275
430 50
359 100
90 8
106 80
422 421
220 37
184 147
472 308
282 30
21 5
390 68
371 139
129 25
197 193
329 98
293 103
55 18
286 50
441 256
339 237
135 77
227 62
289 141
232 150
381 227
428 120
358 195
406 256
12 7
385 152
296 243
424 134
215 116
414 29
73 64
172 33
22 17
126 91
61 13
183 169
463 315
444 222
205 75
3 1
473 363
438 142
320 182
425 300
20 9
377 374
189 49
327 209
44 6
82 15
243 93
216 64
210 205
469 33
335 40
19 11
340 224
304 173
69 20
470 87
461 371
237 99
350 333
268 31
306 212
80 74
435 249
408 31
295 97
261 247
145 7
125 82
164 1
259 89
383 270
139 111
238 168
133 44
300 250
297 50
398 212
209 193
392 17
403 221
394 350
221 184
136 56
152 139
288 263
417 396
32 13
448 261
239 112
160 74
165 30
121 107
301 152
442 232
382 228
348 327
257 168
233 178
409 312
51 37
66 33
179 112
228 175
225 173
355 140
191 174
445 168
375 50
443 407
124 8
400 35
37 20
110 61
171 51
226 207
134 63
471 444
130 116
332 44
137 84
275 192
341 315
112 53
200 36
447 194
276 232
52 31
446 255
464 389
169 57
457 248
321 117
342 58
142 59
122 59
278 49
376 26
367 345
103 26
248 42
78 5
207 53
267 13
58 17
384 179
319 145
151 110
193 187
455 211
48 13
431 287
6 1
273 222
229 138
123 117
419 348
57 23
29 3
35 24
429 322
201 197
234 93
33 32
24 5
314 269
240 46
203 179
253 139
155 50
421 179
432 99
387 367
97 59
260 34
351 167
254 207
466 444
118 35
354 11
230 165
460 48
452 286
182 25
7 1
362 86
157 148
465 453
89 71
192 142
71 66
241 192
326 124
84 28
249 90
158 140
462 394
309 10
412 137
217 16
393 245
235 138
180 91
356 85
405 119
280 88
279 157
214 149
361 210
285 178
100 94
357 86
453 323
440 214
439 319
120 36
202 144
27 8
141 17
407 213
277 245
308 300
186 1
185 19
343 35
159 22
360 304
303 156
450 287
111 16
379 32
17 16
177 147
76 34
312 175
415 365
149 49
60 42
305 59
347 271
396 388
281 198
386 347
395 364
42 35
397 196
170 61
176 54
175 18
131 94
8 1
434 233
167 158
107 1
128 41
302 299
174 95
426 268
156 30
56 10
316 4
108 12
45 39
54 14
41 22
418 315
423 354
391 310
416 404
378 304
324 273
114 60
313 27
468 227
178 96
72 4
333 276
292 257
16 6
236 13
204 143
28 24
346 70
224 60
74 65
338 88
88 53
380 1
337 3
291 86
272 20
433 366
163 56
173 65
372 40
251 194
10 4
451 345
336 286
117 97
270 58
14 1
194 78
456 301
49 46
153 150
389 305
115 109
65 19
132 105
328 103
92 84
374 312
244 85
94 68
166 20
101 2
79 6
64 50
318 280
317 60
223 16
98 78
294 18
206 195
325 177
86 79
352 66
96 31
310 55
262 17
323 110
105 9
330 227
40 19
34 4
299 101
345 317
85 74
188 122
5 2
211 140
436 212
370 134
404 127
46 5
401 212
102 76
36 8
364 340
427 60
458 378
50 39
31 2
81 67
38 18
59 48
252 200
109 52
47 42
402 359
181 106
104 14
373 176
95 87
413 62
43 23
311 284
246 106
411 244
15 9
196 55
198 96
250 95
349 132
140 92
99 11
161 123
399 237
459 250
274 30
30 20
147 60
26 3
307 157
93 77
208 181
353 97
258 174
315 113
410 137
231 162
437 151
62 33
242 149
454 252
247 188
143 13
91 11
39 18
298 237
420 186
68 10
322 214
287 178
187 162
77 68
222 20
190 44
283 201
256 144
119 90
255 52
269 259
162 90
4 3
199 6
212 37
9 1
271 259
75 58
70 44
365 96
67 46
213 112
331 43
264 181
53 14
87 60
245 214
263 226
218 43
266 123
146 132
195 139
219 14
366 168
18 10
334 25
113 95
368 115
168 60
11 6
83 67
138 11
449 151
344 126
284 13
23 1
150 72
369 50
265 179
2 1
127 38
388 127
144 78
116 39
63 56
290 280
