100 300 50 1000
35 89 816567
99 32 415951
49 82 737265
82 89 604400
67 1 33312
85 71 144569
91 93 265747
68 41 952517
31 52 676918
18 64 525150
64 79 632544
59 79 218344
13 87 557733
32 71 873944
89 68 310259
1 20 208093
6 84 849388
90 59 431602
45 10 890642
95 40 845336
74 47 749201
52 85 804914
68 66 358066
42 51 83236
6 27 539749
23 96 400217
68 32 759261
19 64 313536
99 95 440356
62 28 844155
89 69 647330
98 74 106277
58 5 259863
50 23 33104
70 95 591851
56 93 465878
28 4 473440
26 2 480155
39 13 922941
57 32 233033
9 92 960417
81 52 551422
92 99 112201
100 43 142613
93 30 727717
9 62 445839
12 48 359795
31 70 499546
18 87 429459
90 35 791383
9 28 64553
14 20 934683
23 95 256071
62 60 231963
43 58 553777
40 36 81365
29 49 42512
38 33 517626
96 78 452511
58 59 612525
41 74 412341
46 89 222555
73 4 116059
21 44 415082
74 94 921170
16 28 358824
61 95 91411
2 10 258408
55 48 55013
14 22 592348
45 43 768219
6 30 346627
50 99 368795
86 56 936481
95 61 825596
75 35 771432
87 6 64972
4 62 390941
39 56 963959
96 77 799286
45 19 724285
30 99 697618
84 86 82807
63 29 703407
2 43 170861
5 96 719652
9 38 362021
34 13 132370
19 87 516726
22 82 114255
54 74 287330
33 41 770960
42 86 939338
65 57 526724
26 88 160468
28 75 730554
8 66 106894
83 57 329954
39 32 504222
97 21 261526
4 40 920251
38 64 867162
29 94 710806
33 6 296532
81 37 991139
47 22 537185
8 31 576945
82 23 90981
50 18 505970
68 49 989073
24 13 97159
48 66 840481
44 48 312607
47 6 723332
1 21 156873
19 9 952169
28 70 842038
41 66 69118
95 52 795873
49 48 791876
18 6 488487
64 70 887157
78 1 977915
90 89 578748
96 21 462597
20 91 538118
12 9 228598
75 95 478180
15 68 35362
1 26 133840
58 70 893950
24 76 610152
29 2 530787
99 75 762106
37 55 333307
13 20 669314
36 41 699466
94 1 502848
24 32 62717
13 71 698286
28 12 665676
54 49 562670
67 36 252935
13 47 169559
70 12 713806
14 60 867929
65 46 79063
13 23 47059
78 68 292992
5 3 404231
54 6 614770
5 20 152689
71 54 603205
31 86 555687
81 24 566611
29 19 416463
72 2 53527
46 92 768604
26 42 547298
35 27 321434
22 84 828241
77 65 335467
21 96 747447
8 58 507874
83 11 117708
35 48 363805
51 33 182118
5 54 315497
50 52 368964
29 11 919873
32 44 662485
93 39 792106
28 57 805995
46 91 257208
33 40 551503
7 12 935658
80 21 966888
99 47 517365
13 3 339411
18 99 695512
60 44 392919
55 45 905723
84 46 196980
33 34 844503
43 97 530596
48 82 149996
79 81 808771
50 29 966319
48 37 734452
42 93 757794
37 39 503381
45 47 544444
26 48 301260
65 10 308262
51 70 897870
90 27 625442
27 1 780943
30 3 11471
24 99 430030
35 45 153474
99 43 278626
37 67 6373
32 95 286336
28 80 834928
32 13 603304
5 91 527610
46 3 310173
46 90 879253
39 75 970770
67 76 818777
42 16 852413
100 89 426888
43 31 288911
20 84 972971
64 12 564346
6 94 476368
85 72 64139
55 98 53581
94 49 382911
94 72 582436
87 4 281137
3 5 949960
4 14 772981
79 66 344971
20 32 69484
54 71 206260
37 38 146213
18 10 330592
87 32 657142
89 17 180648
90 99 275343
36 2 943752
11 51 374616
62 20 130419
82 100 263992
89 46 312898
34 92 852932
17 14 660221
68 7 951207
84 58 627463
100 31 932173
40 49 812175
2 6 519947
51 92 484326
29 53 342136
51 69 362130
37 61 378833
44 28 178711
66 100 554978
63 22 502792
32 60 632584
33 86 183971
44 34 285997
60 33 590166
89 93 36104
15 4 468767
61 98 455343
24 90 132229
43 41 856998
31 46 485843
45 78 900629
84 33 772733
8 96 280467
47 35 291511
16 39 743953
2 32 308919
6 68 655124
37 34 410095
68 96 761893
29 80 353792
84 23 464580
10 15 787063
12 6 993567
54 31 98599
69 43 728449
14 36 253855
86 37 781788
65 25 459316
13 49 543230
10 21 724118
5 47 822998
34 83 400562
90 52 709775
54 27 580340
91 73 861769
81 86 196599
38 2 791011
71 48 940319
32 27 400424
31 13 347535
9 47 884021
92 25 756976
30 95 637240
9 56 357564
71 99 896489
7 41 315663
94 65 857705
42 72 14939
8 42 361966
45 13 445381
28 58
14 51
42 93
88 35
29 86
37 57
30 24
35 94
68 83
39 90
7 14
57 60
57 3
63 98
65 44
39 34
72 3
71 10
56 12
5 20
50 17
34 58
28 59
54 29
45 2
90 94
47 58
86 42
48 25
72 66
79 93
28 98
81 16
54 29
15 1
30 74
71 59
67 59
17 83
18 73
33 54
28 63
62 39
37 69
95 31
84 28
38 98
29 82
34 77
20 54
33 80
49 11
96 73
8 56
99 85
49 21
31 20
56 40
27 78
94 81
12 60
26 28
55 76
27 63
48 66
42 91
39 20
44 15
37 94
39 76
18 35
92 65
45 95
12 47
6 88
32 56
18 20
59 85
60 34
89 11
59 97
47 98
7 31
93 12
38 89
99 76
86 37
42 13
65 62
25 21
76 65
32 22
28 40
80 60
7 39
83 94
7 99
96 77
46 34
74 92
17 56
33 94
66 25
54 45
3 14
85 82
78 40
43 72
19 83
73 29
95 41
23 4
5 71
35 95
56 91
53 59
48 50
32 33
79 66
77 61
100 81
6 94
48 4
26 33
57 80
86 33
32 41
92 59
46 11
68 69
38 55
17 88
48 36
41 48
81 33
77 62
36 43
89 98
6 55
32 92
54 72
75 37
65 31
8 88
63 27
80 75
6 35
77 24
54 20
94 2
92 20
95 15
24 43
38 75
21 28
49 17
33 28
91 47
25 48
4 46
54 35
32 41
70 5
92 52
81 79
11 82
61 34
40 43
47 75
23 61
98 83
64 43
69 38
13 44
63 61
94 14
6 19
33 28
16 66
89 41
50 12
19 24
30 9
87 56
43 2
39 58
81 46
4 74
71 74
81 1
95 100
20 70
86 88
30 77
29 85
81 48
23 8
17 25
6 51
74 20
8 34
98 30
50 32
92 38
48 91
88 12
77 79
81 43
15 66
81 28
77 53
44 48
84 27
40 36
51 22
39 78
45 9
86 84
87 96
74 9
16 57
38 28
76 78
94 44
38 74
17 16
67 80
73 90
76 11
9 5
54 4
89 74
14 31
42 52
60 31
96 29
17 76
88 59
23 33
82 11
77 79
99 45
70 64
78 28
32 15
42 9
93 100
52 94
35 85
70 35
13 61
8 79
70 74
40 22
10 32
53 98
25 1
27 39
74 23
18 86
27 57
84 4
11 62
61 18
71 62
80 5
15 63
65 42
26 97
25 87
54 23
39 97
82 98
86 3
85 27
87 81
91 44
7 97
71 85
37 42
71 8
12 24
65 53
25 79
65 43
6 69
96 24
75 51
37 45
46 3
79 43
8 74
79 11
86 1
23 32
71 5
56 69
61 7
83 69
4 13
31 61
8 15
43 54
21 13
14 20
68 99
80 69
62 79
94 68
86 85
43 24
96 42
11 89
22 85
92 69
90 27
20 33
74 72
38 5
17 59
35 87
9 91
41 97
20 76
52 49
61 88
2 64
91 43
24 95
99 1
61 28
92 46
58 25
86 43
84 25
53 52
27 97
94 95
89 95
97 36
14 26
50 8
26 4
23 16
26 98
46 35
27 85
95 16
34 4
47 31
39 87
38 73
2 12
48 9
40 38
25 4
14 12
53 26
19 23
7 81
11 83
81 16
95 71
68 70
45 3
82 29
49 5
30 23
52 55
69 59
64 32
79 5
73 24
44 68
74 50
99 9
79 29
36 64
51 100
28 25
67 95
100 51
78 73
79 47
96 79
57 99
82 79
97 62
99 66
68 7
17 26
71 81
95 65
63 7
89 93
48 9
15 42
51 69
2 72
87 37
9 71
1 25
74 71
5 53
82 9
51 85
73 40
28 42
71 3
99 59
34 53
82 46
7 5
9 32
24 8
23 18
25 42
65 85
41 82
26 33
43 49
80 69
50 29
31 95
88 65
91 82
9 16
63 8
100 96
60 10
83 69
96 45
3 28
24 87
86 76
42 40
20 44
47 54
41 78
74 52
18 2
6 98
58 43
15 96
69 99
96 51
55 56
83 94
33 45
89 16
29 6
18 33
3 81
44 89
95 78
39 56
85 79
74 17
64 69
14 48
45 4
51 92
90 54
46 9
5 98
32 33
89 16
25 7
27 81
92 15
69 51
20 94
4 73
85 89
14 31
27 49
26 8
9 80
93 10
22 86
23 90
78 79
16 75
22 76
66 14
93 41
26 18
79 40
24 66
15 98
4 83
82 55
9 73
88 94
28 94
78 11
72 14
73 92
19 9
36 45
93 58
45 28
2 98
78 47
32 22
66 37
55 77
65 8
80 58
12 77
4 71
36 82
18 8
73 100
29 23
33 90
41 47
1 41
62 74
60 36
29 68
91 32
46 84
75 64
60 5
33 11
40 72
40 69
90 39
48 19
68 99
27 42
52 26
34 90
6 46
79 77
63 66
44 79
36 39
67 88
87 14
42 35
73 64
55 59
47 85
99 43
96 26
84 41
65 34
9 11
28 10
30 92
65 76
29 100
30 70
71 41
58 36
3 91
36 59
6 78
29 100
48 32
44 8
50 83
31 92
94 37
79 36
60 26
71 46
4 92
3 95
41 50
31 70
38 73
79 63
49 20
57 81
35 59
4 87
80 10
72 57
67 22
54 38
57 10
12 28
4 91
50 20
28 86
46 68
20 69
67 6
23 51
25 11
10 99
50 27
68 84
71 89
41 8
46 20
3 26
77 8
70 38
63 77
60 4
3 76
89 48
55 98
80 36
96 46
48 33
16 14
46 76
67 65
88 34
78 2
45 66
63 36
9 14
82 35
9 3
3 27
45 10
47 27
71 49
55 53
44 52
24 59
99 50
90 31
19 53
98 53
66 6
88 5
30 31
59 75
13 20
82 68
66 34
30 26
48 30
100 43
29 44
37 58
31 24
24 42
39 79
51 37
67 35
94 11
91 5
84 37
67 41
56 53
81 73
14 12
21 26
90 23
45 89
78 43
65 70
55 53
92 15
75 42
77 4
75 11
1 64
78 57
23 84
4 75
18 34
19 72
22 60
26 86
39 74
64 18
44 48
32 6
90 14
29 40
14 39
38 56
92 30
2 29
84 72
8 20
15 6
31 73
67 71
55 28
92 28
27 1
78 73
32 94
76 82
41 35
30 63
1 93
69 44
77 60
96 77
67 9
16 67
41 31
36 93
22 99
4 76
34 13
21 69
25 29
97 36
54 26
43 78
100 67
34 39
39 73
49 73
28 3
40 58
43 65
27 73
25 7
47 46
13 95
45 55
18 25
32 35
27 63
7 38
90 66
39 6
51 62
99 1
55 23
95 44
24 93
46 11
3 26
87 72
75 24
7 9
49 5
63 20
27 22
6 90
26 62
14 32
71 35
81 19
87 75
2 49
2 48
98 38
76 11
81 22
24 10
22 88
36 17
57 68
45 74
80 48
54 59
25 94
66 52
38 41
2 61
11 8
81 48
40 75
22 23
10 3
71 16
17 77
97 87
37 52
17 61
6 75
78 5
94 92
44 56
29 63
64 42
42 41
48 60
7 88
2 61
6 63
53 64
12 46
23 73
90 60
22 46
65 33
20 34
79 55
96 10
9 99
24 85
64 86
3 71
51 11
34 36
51 46
91 20
54 79
21 52
9 44
53 44
62 46
99 61
79 63
33 85
71 3
66 57
89 61
80 16
15 76
59 90
41 65
31 84
89 40
80 94
91 96
97 90
25 43
85 84
92 70
95 39
66 92
22 74
12 15
5 4
41 98
77 29
54 27
90 45
99 83
47 69
20 96
72 32
69 29
45 33
63 67
51 21
51 39
59 65
95 50
69 99
17 39
67 82
53 15
26 40
20 95
83 2
39 68
90 87
8 1
45 1
31 99
51 19
26 43
48 21
8 50
52 20
77 79
1 14
86 81
42 88
80 20
87 81
79 61
78 50
43 99
18 96
33 63
21 52
91 6
25 95
54 56
1 6
78 69
39 55
82 96
22 85
31 68
10 62
39 2
82 55
26 55
39 6
10 32
52 28
1 95
61 55
82 66
13 34
11 35
63 60
14 38
4 89
83 65
73 63
21 19
77 51
72 9
20 91
45 90
31 76
17 16
98 46
64 12
3 33
55 72
65 80
39 79
52 70
13 98
97 87
75 86
78 12
60 67
99 58
92 58
90 69
73 65
90 75
2 55
97 22
4 29
1 28
51 52
78 27
85 61
34 63
24 8
42 98
52 71
14 93
23 10
74 66
2 34
16 56
13 98
50 26
93 70
49 59
44 76
23 69
72 68
50 30
1 39
6 16
89 78
92 72
64 96
22 86
67 64
74 89
8 100
88 35
3 79
58 94
21 4
72 22
24 32
14 27
1 74
74 78
27 69
12 100
39 97
97 1
48 31
47 7
33 17
42 45
32 58
52 67
100 73
68 3
12 99
68 20
90 5
41 31
10 61
89 35
31 90
12 33
8 43
87 1
75 78
9 27
53 44
94 74
11 49
73 20
63 18
80 45
76 68
30 10
63 23
