200 200 10 10000
136 141 519399
120 35 501034
21 168 153211
36 174 369411
96 184 831230
87 21 161667
12 57 288141
29 69 161050
200 4 427912
135 183 566891
168 129 386602
10 136 125921
188 49 740477
133 130 420266
8 12 646482
139 2 154213
74 75 346901
49 19 901139
134 3 397276
78 46 752586
4 30 677624
43 161 437303
187 154 147239
8 49 420507
116 167 960845
168 196 547640
169 135 397956
180 113 668553
10 74 967739
107 37 652914
142 113 566021
2 143 614286
113 100 43467
200 157 209525
8 114 5799
106 6 763806
98 171 420687
7 91 169999
194 56 672479
197 153 380263
102 5 578628
31 119 563028
148 129 56710
106 7 391275
1 50 431366
53 98 516728
126 195 695472
9 59 537739
21 194 132721
10 120 45569
19 187 345640
164 120 298334
145 121 806489
114 21 409893
44 81 95890
117 143 626184
122 140 780208
157 44 929392
2 83 795980
83 2 999800
124 9 52376
106 9 390849
153 177 53203
161 1 239895
196 84 477235
171 50 375062
108 186 281119
46 87 768857
154 130 423321
200 191 238605
21 48 340214
113 176 963672
2 25 506970
6 52 123159
9 33 62949
39 12 266412
151 10 599791
178 48 904615
148 82 650196
34 114 44496
1 147 393861
5 43 495766
157 93 224313
129 191 592483
22 31 129022
142 48 546174
78 172 376916
171 9 426361
58 83 769035
12 61 362254
154 47 261766
8 71 940946
193 11 821672
31 191 75259
124 117 503366
50 191 433436
105 148 498239
139 3 884463
101 9 265730
3 106 913922
149 147 751110
184 1 384217
120 160 103333
90 10 723508
117 80 734587
9 68 634856
76 5 975928
10 37 673674
144 2 847626
141 128 845421
84 6 353102
129 90 704935
3 69 678714
131 3 886699
128 1 748834
5 108 828774
132 3 980891
3 8 67477
34 149 710873
13 26 492907
176 96 197073
185 112 577925
10 122 165256
132 84 172946
157 198 990422
9 96 349710
2 132 478763
19 158 844278
6 199 80045
33 31 631076
18 95 254315
12 15 664479
128 166 265549
45 154 728159
74 6 118967
52 29 164136
158 151 613462
137 107 280097
170 52 866132
121 81 781485
151 126 731473
61 39 575041
56 121 411588
111 33 344837
136 9 52865
44 120 597034
61 160 62393
1 100 567417
98 97 348902
127 175 886750
10 132 643579
91 13 338755
194 13 159462
74 139 310441
45 89 151559
22 128 833739
125 136 249009
9 103 496376
152 10 553030
8 94 209596
19 104 194988
127 152 818092
151 101 202358
43 120 837340
52 112 727861
8 172 546479
37 105 461969
97 33 79006
100 168 50350
75 131 640283
128 134 365724
55 2 782207
68 11 727140
3 89 675943
7 184 577703
89 10 392094
130 36 312266
140 39 512456
119 137 330479
108 26 307494
3 67 967972
182 135 161006
82 196 982019
187 5 950953
44 3 536065
96 42 644960
139 21 47252
117 79 361791
3 65 57590
4 131 572601
10 158 334695
160 7 680315
100 13 803094
6 68 941917
171 51 732146
96 110 257407
111 104 279804
121 146 742685
137 171 713468
44 194 650078
47 10
72 6
1 198
121 70
9 6
8 125
10 9
5 8
6 3
38 189
121 7
2 30
126 4
153 4
41 19
190 148
90 2
4 193
129 133
23 1
7 45
7 193
76 60
33 1
51 2
4 158
8 162
8 6
56 6
4 29
117 20
8 7
7 2
37 90
6 113
11 171
9 18
6 80
110 165
8 159
52 5
167 200
3 10
75 4
8 117
2 111
27 7
15 7
9 7
6 39
140 9
28 29
176 7
4 3
59 18
157 81
4 92
53 2
190 124
5 7
5 7
199 183
136 43
78 8
18 6
90 7
8 6
186 10
113 56
42 50
2 89
1 3
10 104
8 196
8 10
3 10
149 60
199 182
7 6
2 180
131 147
143 115
60 143
191 127
127 88
4 10
9 88
3 119
15 83
4 119
1 8
98 2
128 79
62 8
140 9
65 1
3 6
81 10
1 9
194 58
1 120
5 4
6 9
2 168
8 3
102 9
5 4
82 133
126 4
114 4
82 4
133 2
138 187
10 179
9 4
6 45
3 9
6 166
127 2
60 6
3 1
7 1
106 4
62 8
1 6
7 142
4 3
16 72
7 1
7 164
8 9
1 153
10 134
27 90
10 3
5 194
3 7
62 157
8 31
96 26
132 24
1 6
4 2
128 10
2 125
5 6
165 185
21 69
1 7
6 122
19 1
1 138
116 52
8 65
106 57
2 197
4 82
5 65
61 4
8 17
6 7
121 1
3 103
5 27
6 35
4 55
69 4
65 59
174 65
25 187
124 97
91 167
104 172
2 23
10 9
85 1
19 107
23 1
200 154
6 147
138 8
65 8
151 5
6 9
91 2
35 5
8 34
6 171
160 177
171 183
10 9
162 1
1 72
166 10
151 103
192 2
149 2
24 9
6 10
175 9
148 184
9 103
1 9
9 7
7 10
3 121
28 1
6 5
158 10
2 22
8 25
8 23
4 1
10 5
199 9
1 45
137 189
1 121
77 156
7 121
8 7
165 5
38 108
59 171
110 4
2 199
103 10
70 3
6 10
27 83
41 170
6 4
78 8
8 47
8 99
3 52
85 9
2 3
82 8
197 7
64 10
141 54
107 10
195 1
149 55
125 1
3 16
48 7
183 6
95 6
3 4
7 9
110 11
16 8
168 199
88 4
188 39
132 10
1 9
89 93
72 132
8 4
7 10
1 107
9 113
6 84
92 24
10 18
5 71
84 26
144 2
3 7
165 3
171 10
8 4
3 96
24 73
5 192
5 7
127 1
161 104
8 7
123 84
111 10
10 22
101 1
123 7
8 163
15 41
3 9
17 2
2 78
52 120
10 179
4 100
2 5
146 19
8 4
58 10
172 2
10 73
2 163
8 105
148 7
185 111
69 113
10 4
1 69
66 94
38 9
5 10
8 140
143 4
64 10
9 3
7 116
126 38
4 5
5 2
4 9
25 1
22 35
57 194
6 10
172 4
132 8
71 75
183 1
68 6
33 125
8 2
131 86
59 122
114 113
8 9
122 9
7 9
6 198
38 64
5 9
4 200
7 1
186 5
108 158
10 9
98 9
179 148
46 3
155 141
178 2
199 2
10 196
7 154
147 135
1 199
9 91
2 155
53 152
59 90
9 4
59 46
132 83
5 145
8 188
73 9
9 3
89 66
3 8
3 10
174 76
57 80
30 3
5 1
180 1
181 7
6 35
8 4
8 34
54 158
4 10
185 40
9 193
10 140
9 34
10 75
10 103
100 5
6 158
1 5
5 2
84 67
1 198
81 3
4 3
160 26
166 3
122 69
6 5
7 174
49 8
8 5
5 145
5 120
6 8
3 189
187 6
10 134
3 2
188 51
10 12
184 8
5 6
146 86
185 9
84 3
51 102
6 4
51 71
4 2
6 8
135 1
2 10
2 9
4 47
95 8
4 63
112 4
135 6
1 153
39 193
70 3
9 6
135 94
6 90
4 10
2 6
166 183
5 151
3 5
4 2
142 83
10 2
7 100
142 191
7 2
10 116
2 96
70 5
78 9
192 164
42 7
3 5
122 200
169 10
4 38
2 4
6 10
3 10
7 130
198 1
141 7
1 114
25 10
51 97
3 2
196 3
190 44
145 91
200 19
116 105
90 156
44 142
10 8
7 9
195 73
5 145
33 2
1 6
93 9
7 6
27 160
10 5
2 3
10 5
92 6
141 2
116 120
8 189
99 92
9 7
146 5
8 4
2 87
146 4
184 170
9 10
189 3
89 102
92 49
192 7
31 6
145 3
7 4
6 10
140 164
10 142
191 6
7 189
9 5
188 4
100 7
9 1
128 67
3 69
27 16
2 192
30 94
55 1
6 3
36 200
130 10
1 59
1 131
2 198
139 3
7 49
9 6
151 195
1 5
10 46
70 7
62 149
32 9
10 7
8 2
1 110
10 11
5 3
55 70
7 8
6 15
62 8
3 155
168 171
154 145
152 116
2 145
69 10
115 21
133 10
5 8
3 129
12 10
8 4
147 5
4 28
94 41
10 136
23 7
104 15
166 85
50 54
170 4
115 196
2 14
138 41
9 150
2 49
1 175
1 17
166 33
154 3
7 8
6 2
38 116
5 143
33 141
6 177
60 2
3 6
60 182
7 1
97 9
10 90
6 5
9 5
155 10
2 167
200 4
137 143
10 7
67 139
4 96
188 7
198 3
126 2
1 8
45 9
194 107
183 175
183 1
6 139
59 4
6 145
24 6
42 186
1 7
10 52
43 6
10 175
1 164
169 78
2 10
7 100
180 9
7 180
199 193
1 29
3 9
78 4
7 10
81 36
9 191
169 6
26 40
150 8
3 128
147 9
72 5
5 191
127 3
180 116
8 59
1 124
74 137
85 161
7 25
1 181
2 8
1 64
200 4
160 63
42 2
39 2
89 126
117 124
9 84
90 194
10 179
5 129
9 168
6 5
160 85
73 156
5 104
78 3
8 2
3 7
8 9
173 52
138 3
157 23
185 3
2 7
9 162
4 9
4 1
53 39
151 1
4 149
168 8
10 6
3 6
8 57
10 8
10 5
5 2
76 7
7 2
86 115
158 3
8 124
57 9
121 113
192 2
6 199
92 6
149 7
180 142
96 1
6 7
10 3
42 10
79 93
1 3
107 50
5 6
5 10
1 187
4 3
86 30
114 4
3 7
81 7
95 10
148 49
3 1
150 6
3 162
4 8
8 125
84 1
4 9
6 43
4 121
2 7
29 3
3 4
52 133
6 5
18 134
2 197
8 6
178 67
9 2
8 104
8 5
163 5
6 10
2 61
76 140
30 195
56 41
36 85
167 86
9 114
126 194
48 1
65 180
108 11
6 4
10 2
10 1
69 27
109 1
172 186
6 7
8 4
134 7
97 6
6 10
10 3
6 189
42 1
7 10
5 9
169 132
193 6
8 183
10 93
2 8
113 200
3 7
2 10
147 18
199 4
12 151
134 9
1 62
6 135
8 169
3 19
6 200
2 8
8 155
39 60
127 190
2 95
2 7
26 60
5 100
6 2
174 8
4 39
100 8
175 3
2 65
2 95
68 64
160 126
1 4
74 78
4 154
116 112
8 159
5 67
9 15
3 37
60 7
10 7
4 1
122 129
59 9
17 8
3 52
4 7
163 10
10 6
1 7
2 193
155 1
64 17
8 2
2 3
195 8
5 73
118 9
6 82
72 44
1 5
197 9
111 5
9 22
46 6
4 7
178 116
6 169
83 6
141 7
2 5
29 8
2 76
82 78
2 111
143 135
33 5
109 90
84 91
165 145
152 19
7 37
191 2
3 4
187 5
14 187
5 10
76 10
46 3
3 8
6 161
9 4
2 10
98 112
8 150
72 2
110 6
5 188
171 9
6 1
2 40
5 54
1 62
140 10
6 130
2 9
119 1
142 2
194 94
5 153
4 2
58 141
2 6
86 10
21 47
6 10
121 62
179 100
183 151
1 88
10 5
72 50
4 189
154 6
6 9
5 26
37 10
84 29
3 87
159 85
2 8
143 4
2 3
10 6
5 155
187 40
7 4
127 8
5 8
7 9
85 4
5 160
8 9
53 10
5 8
7 10
5 3
47 1
6 124
10 18
2 170
111 157
87 2
6 153
89 180
10 6
65 81
2 117
7 1
142 195
5 184
5 182
163 194
9 10
155 97
1 5
91 5
169 120
5 6
9 5
89 4
153 199
5 137
8 4
90 1
170 4
6 74
66 1
185 7
40 3
166 26
67 110
4 75
8 6
196 30
147 2
6 9
15 1
9 8
8 75
5 1
41 46
61 7
45 179
129 9
2 20
37 122
5 122
41 130
1 190
3 9
8 46
9 56
1 4
3 173
1 90
7 107
5 116
20 8
9 6
6 110
8 2
39 182
50 8
176 141
4 115
20 3
57 62
7 65
161 49
10 9
13 10
135 1
7 4
167 15
2 138
7 6
9 58
188 6
5 196
9 8
9 179
20 184
10 2
8 162
8 135
92 6
80 1
2 120
160 4
23 154
115 8
9 7
4 2
19 7
5 10
105 6
105 118
186 2
45 4
5 4
18 199
48 197
29 107
62 132
177 93
28 35
3 8
13 5
4 127
5 3
62 8
9 182
95 154
6 21
193 138
133 69
6 99
7 1
56 15
10 46
135 125
187 136
1 131
4 173
177 159
3 10
3 45
107 1
114 3
6 98
183 170
19 2
129 103
9 1
94 7
66 190
170 2
194 92
100 179
6 8
70 9
6 117
176 2
102 1
64 6
10 34
146 49
79 7
22 178
195 191
15 57
9 3
140 127
49 9
3 4
81 186
122 154
139 27
106 9
56 6
9 7
5 73
9 170
1 35
117 7
146 131
53 123
10 22
151 3
10 6
55 72
2 200
5 56
197 4
5 74
186 6
4 6
1 4
38 147
54 9
5 86
1 21
5 4
172 9
6 54
4 8
3 28
49 1
176 6
3 2
167 22
8 192
196 9
124 40
21 10
104 126
190 84
9 62
2 1
9 8
9 29
121 88
10 8
8 7
141 89
9 2
105 157
180 9
10 5
34 10
131 200
3 65
199 9
6 84
121 6
73 80
10 8
199 1
10 71
33 110
105 19
5 3
1 9
3 153
19 58
153 53
114 1
88 7
145 109
101 96
98 26
108 5
101 6
190 3
2 182
113 89
117 115
187 106
6 59
112 192
59 197
141 125
82 5
40 116
144 180
42 3
170 1
111 2
9 4
2 9
18 1
38 1
7 9
5 3
7 120
99 193
77 163
167 91
9 10
88 8
162 10
154 62
1 9
3 7
10 5
141 8
52 6
1 182
133 7
40 157
10 5
5 1
2 8
4 8
1 22
137 35
149 1
41 19
9 122
183 4
9 7
5 22
64 7
4 10
5 120
132 3
132 94
3 5
9 132
68 1
124 3
64 18
6 189
118 1
8 163
185 3
178 5
1 146
139 6
10 1
2 9
1 105
8 9
118 7
53 124
87 10
55 67
165 9
8 143
3 150
47 32
5 84
44 54
4 133
8 4
1 5
112 2
8 140
142 170
179 2
43 23
5 8
57 2
10 1
3 4
9 43
2 10
76 3
172 2
89 172
198 117
10 8
2 10
79 2
29 129
128 3
6 20
117 170
118 121
158 71
111 91
8 10
5 7
132 131
131 5
3 120
108 121
35 5
17 112
19 200
181 98
6 148
8 113
9 8
155 157
6 87
122 36
1 8
97 3
10 2
1 188
175 130
3 135
32 5
45 41
97 31
4 5
30 40
6 4
98 9
8 3
6 1
69 114
6 5
1 104
61 8
2 190
4 2
1 8
7 200
35 43
163 79
2 9
6 137
176 145
27 147
8 10
181 5
1 115
8 5
44 7
8 3
61 5
1 177
36 25
63 104
3 1
7 4
2 83
192 5
9 5
96 6
7 128
8 143
9 7
1 68
82 91
122 147
66 184
32 4
42 141
154 171
28 38
5 3
87 159
109 159
1 3
3 40
162 159
2 66
6 136
9 22
5 2
168 10
8 2
178 25
58 40
2 27
13 9
125 176
100 80
53 8
134 7
189 2
80 9
155 168
2 174
115 30
196 144
38 140
181 61
10 200
10 3
9 124
132 194
34 5
6 5
87 9
8 163
6 109
87 18
191 7
162 71
9 126
171 89
165 4
112 9
3 4
141 46
2 10
3 184
169 131
2 151
9 10
140 9
1 4
1 42
8 159
71 7
124 3
1 6
16 131
127 195
6 2
3 7
5 24
7 10
7 45
8 4
152 3
168 4
132 169
9 136
10 130
81 9
1 47
3 8
6 139
102 181
10 93
6 8
130 5
21 80
137 10
67 108
10 184
7 6
2 175
8 23
194 1
168 62
123 121
162 9
157 119
181 82
5 7
28 10
96 73
32 74
78 2
64 5
147 6
155 70
4 112
1 10
155 34
15 74
4 10
126 4
3 6
43 139
28 6
88 3
1 4
171 126
94 6
2 176
155 6
4 53
70 11
10 114
10 23
7 4
117 47
2 152
8 7
126 2
67 8
120 9
9 6
1 3
10 71
5 132
10 8
122 107
3 41
3 1
191 9
8 5
10 6
173 140
51 3
90 9
20 199
3 95
3 6
44 10
196 86
1 9
5 4
1 3
8 123
27 2
2 95
1 4
8 7
82 29
128 2
10 3
55 26
15 173
10 3
187 6
173 3
12 4
179 196
9 107
1 173
2 3
57 3
7 54
8 13
87 133
7 103
16 46
5 4
6 7
7 138
6 2
23 10
87 3
160 8
155 37
150 6
36 8
4 50
183 114
45 156
164 7
5 170
6 175
195 54
8 191
4 172
76 2
164 173
65 170
121 148
96 68
30 181
1 2
193 5
56 116
140 73
16 1
152 6
167 3
113 9
177 173
6 4
9 3
132 7
27 180
69 2
1 6
2 65
2 34
185 19
172 133
165 136
184 7
3 5
44 5
4 132
4 3
27 1
120 82
2 125
68 24
7 9
113 172
16 7
4 3
2 9
2 8
6 9
7 156
7 157
3 115
120 128
8 4
69 7
154 40
10 196
168 178
11 2
9 50
36 34
150 2
5 63
3 156
2 6
10 86
6 5
123 6
5 26
142 88
121 8
38 190
25 149
87 141
78 113
10 187
187 145
135 9
7 8
91 5
106 5
160 199
132 8
9 23
95 3
9 1
73 104
6 15
3 4
56 36
8 2
17 1
1 159
148 89
9 6
198 57
122 8
1 9
7 51
8 5
9 108
8 183
10 178
1 111
20 151
3 2
198 3
4 146
5 31
91 135
7 51
8 4
164 3
1 3
102 199
3 6
119 3
146 7
7 142
22 174
9 1
44 149
6 146
55 152
111 6
5 3
2 8
10 1
7 58
153 133
6 5
178 137
3 141
10 1
185 3
2 5
115 2
127 149
127 138
2 35
8 10
132 151
26 2
5 4
105 4
7 187
6 7
45 5
103 1
2 1
6 16
10 9
42 1
8 3
126 134
4 72
8 2
162 10
112 10
127 7
10 9
9 6
4 5
40 175
4 8
6 160
9 4
60 166
187 6
130 10
5 38
2 6
6 2
47 62
4 3
45 9
41 159
148 150
199 9
28 9
163 96
140 38
79 1
102 60
50 200
105 3
92 5
2 28
2 3
9 8
169 108
172 6
19 166
1 9
154 164
78 4
6 122
8 147
5 49
125 193
160 4
91 5
10 94
111 53
7 21
68 167
6 7
191 50
65 68
190 3
4 166
2 1
151 138
24 3
41 161
5 8
49 1
179 8
9 137
113 69
127 98
96 1
7 108
8 4
2 90
8 10
164 5
13 125
3 68
71 4
99 96
109 93
2 5
51 76
95 8
9 6
4 3
139 86
122 5
4 50
19 6
8 3
68 4
192 193
118 135
131 122
3 18
163 6
76 98
182 69
10 8
2 85
5 10
8 130
6 4
5 7
10 120
9 2
72 59
29 10
9 198
4 2
73 3
163 2
9 1
1 8
21 6
105 135
42 65
195 7
2 88
2 14
13 82
6 9
1 189
5 99
10 7
176 51
8 160
100 9
6 118
5 7
10 13
1 6
25 9
49 101
5 4
5 155
5 15
10 6
83 52
8 181
10 4
3 9
199 1
10 177
7 6
5 70
7 5
26 107
2 143
135 72
2 164
187 25
4 187
155 7
5 1
2 164
7 5
3 135
83 183
29 3
7 10
106 6
6 5
3 6
6 56
1 3
11 20
108 5
2 48
9 172
2 113
39 103
5 1
6 123
4 5
64 10
176 8
3 49
140 45
4 66
136 105
14 5
6 105
109 33
8 100
65 194
135 106
71 152
5 54
85 10
123 7
4 134
180 5
88 4
4 41
136 9
10 165
7 164
9 2
3 10
31 98
165 4
4 175
198 14
123 3
8 20
10 4
7 4
127 33
61 156
1 166
93 4
62 5
5 18
70 10
63 52
178 13
109 157
187 5
8 138
10 4
9 65
3 1
1 14
163 176
5 3
197 171
158 187
10 91
5 125
2 138
2 39
6 71
164 5
10 179
8 55
5 39
75 4
125 164
116 9
10 164
43 62
148 3
6 5
6 19
147 6
3 29
167 2
5 84
98 1
4 6
100 8
6 142
171 169
163 144
96 6
7 160
106 3
118 42
4 77
71 3
7 26
7 58
7 2
10 8
44 7
8 5
1 100
2 130
5 127
3 10
191 103
3 8
135 9
199 8
10 170
161 189
4 9
2 8
26 10
106 2
2 10
117 3
173 4
1 3
192 4
163 5
100 15
9 114
10 81
28 1
53 117
61 161
8 175
84 122
169 48
5 191
183 50
181 8
2 157
2 105
159 1
125 5
4 176
12 5
9 2
9 26
30 4
5 39
10 130
125 10
143 60
8 72
10 96
5 101
2 1
6 27
93 1
166 108
187 149
118 8
48 1
70 75
135 164
2 3
2 6
145 7
136 39
8 87
5 130
2 163
147 4
5 182
46 10
12 111
157 4
189 197
150 7
2 6
4 7
118 40
6 181
126 35
1 8
148 2
199 7
68 3
4 6
5 99
7 10
98 189
194 4
74 91
3 1
2 137
9 180
57 8
1 4
45 10
106 5
147 47
3 136
1 22
12 1
7 56
101 71
200 109
23 114
7 3
84 189
2 70
4 5
8 4
38 30
3 5
109 9
8 2
7 57
82 49
39 2
54 8
140 79
6 8
2 7
10 7
136 6
75 6
192 1
7 112
24 128
70 8
9 6
1 3
5 186
10 3
8 138
30 1
80 12
1 6
42 9
1 8
166 49
195 10
3 132
103 10
2 149
9 38
54 2
1 80
191 6
154 180
26 9
6 3
4 5
115 51
181 7
133 67
121 174
9 44
8 46
62 134
10 4
110 2
42 4
1 10
3 5
4 5
3 127
7 3
1 8
7 169
51 179
3 5
4 10
8 149
1 147
75 4
169 6
158 5
70 88
8 153
5 88
98 8
69 2
7 129
47 50
189 5
10 7
9 128
68 1
108 4
18 45
119 7
2 9
68 7
11 4
65 9
2 25
3 10
1 3
128 39
32 11
25 5
40 117
6 11
8 10
8 65
5 193
162 71
161 6
31 4
11 98
6 8
111 10
8 3
101 5
180 1
8 1
27 135
5 116
3 158
102 10
13 3
5 97
118 4
68 7
10 5
146 5
192 124
5 66
10 6
2 8
7 4
7 177
166 8
1 152
2 194
6 4
5 99
8 184
145 41
5 181
181 5
3 95
8 176
87 94
26 100
2 5
6 118
4 110
6 1
170 158
6 2
19 35
3 9
141 190
124 120
174 51
41 1
182 9
134 153
14 18
3 170
2 84
2 36
176 5
1 172
3 10
144 5
174 9
10 8
125 7
4 3
3 106
10 3
117 68
159 129
78 10
148 83
10 93
148 8
8 1
35 110
2 112
6 7
9 93
1 95
117 44
67 103
83 102
127 9
157 10
9 113
1 2
2 3
10 36
175 131
8 2
22 36
1 2
59 3
10 124
160 4
175 31
3 8
7 53
5 10
179 9
8 10
42 2
184 5
114 147
1 32
3 7
9 91
4 198
114 41
8 128
173 10
6 7
52 92
2 157
158 66
8 132
194 14
6 9
6 20
10 9
1 60
1 103
92 5
3 4
8 1
183 190
7 136
81 10
52 9
145 4
9 99
9 95
4 9
161 8
4 2
6 33
179 135
192 89
109 9
190 4
122 1
1 10
22 116
6 10
9 97
48 6
86 10
2 10
4 66
175 3
129 67
115 8
6 2
170 2
143 128
1 9
154 6
106 115
194 1
151 5
121 6
109 10
18 8
4 8
153 131
9 75
100 10
76 122
4 2
107 100
10 7
6 111
90 9
3 48
82 7
26 8
5 99
124 4
5 1
182 5
2 199
86 3
127 73
1 5
9 8
10 199
94 5
7 9
5 117
10 71
1 10
4 7
6 9
60 8
3 126
78 43
10 1
9 7
1 3
5 4
5 158
136 2
59 12
6 56
64 75
132 4
8 2
5 10
184 135
1 5
8 25
20 162
150 108
3 13
36 9
4 6
59 9
113 2
72 88
54 106
7 2
29 7
200 199
10 4
2 6
6 5
147 93
6 5
2 4
5 10
119 164
14 10
89 173
47 8
66 179
21 87
8 6
156 9
8 10
129 1
6 3
109 1
16 154
2 12
197 77
10 2
5 28
33 3
5 195
151 7
43 126
1 10
9 8
5 50
115 6
169 10
9 10
6 1
4 188
24 124
1 44
5 55
69 6
95 189
123 38
9 116
9 3
5 178
2 27
131 2
93 58
1 8
6 162
15 145
4 5
35 7
6 156
2 5
1 52
27 3
8 166
182 3
9 170
194 4
9 146
186 147
4 1
192 148
9 8
6 116
99 192
4 3
3 9
139 27
8 9
8 2
5 20
12 5
54 112
146 5
2 18
7 2
7 5
124 1
90 6
10 4
53 2
64 84
9 6
61 2
5 8
3 46
2 65
182 93
1 56
1 161
80 143
111 7
9 12
9 7
119 76
5 10
9 109
134 184
6 10
193 89
3 57
10 9
4 155
13 7
47 10
66 141
57 87
117 9
183 165
160 5
1 150
4 85
2 9
154 178
6 4
7 6
9 176
1 6
9 184
9 132
51 192
5 96
4 129
10 61
181 3
5 37
9 7
182 6
119 48
6 194
5 9
7 135
113 184
10 194
9 8
154 168
27 80
5 53
8 3
53 154
42 8
154 17
72 106
159 1
119 38
6 2
143 162
7 166
90 22
106 4
10 40
173 5
103 10
1 8
37 9
4 194
3 63
5 121
9 1
76 87
189 6
60 160
48 7
149 3
174 157
13 35
2 3
4 9
16 121
163 63
4 8
5 8
92 37
180 119
10 3
7 4
136 96
1 2
23 194
120 198
7 2
85 40
1 5
10 3
80 158
7 9
157 185
119 115
77 102
3 2
196 141
149 143
7 5
1 3
77 5
9 6
92 10
6 9
125 33
5 163
10 101
178 1
7 94
3 45
4 8
6 10
90 119
154 5
125 137
4 57
1 173
187 62
3 7
3 189
7 106
139 2
3 30
1 2
1 4
10 2
125 3
3 1
4 9
1 93
22 2
10 1
94 65
7 4
140 8
8 36
7 82
2 168
122 3
134 2
166 194
69 68
6 168
49 4
200 3
123 134
4 3
7 49
71 150
10 63
167 1
6 49
74 2
5 12
128 43
134 106
2 121
157 1
1 6
5 160
10 7
38 3
8 4
59 139
31 3
10 58
10 7
7 144
23 64
169 8
68 9
7 14
157 40
5 9
73 81
156 168
122 180
4 44
31 25
8 87
6 65
8 4
59 7
85 114
138 198
197 33
10 53
6 1
3 192
4 35
3 9
126 187
188 6
44 77
3 8
200 152
141 83
1 119
101 9
4 125
6 152
7 177
10 119
9 4
1 154
7 62
30 4
194 4
1 95
6 1
124 112
68 49
7 36
8 40
78 6
3 10
138 31
3 139
58 4
5 121
108 132
10 5
173 108
52 10
2 172
4 8
87 44
104 2
9 5
182 112
187 57
117 3
3 2
5 63
170 3
4 22
10 119
7 163
177 6
159 38
57 70
180 173
4 10
33 88
156 134
1 3
6 128
118 6
4 102
3 180
2 145
90 119
58 4
3 10
114 8
144 170
163 9
3 54
4 65
1 8
8 3
2 17
6 198
23 88
2 30
105 40
7 10
168 10
6 95
111 4
155 159
1 134
1 124
6 115
6 9
7 158
5 170
87 24
7 124
4 86
127 5
6 189
9 7
69 151
3 174
7 4
6 20
74 2
3 9
70 8
5 160
4 144
2 42
5 143
10 4
121 161
60 113
200 13
170 81
2 110
8 7
132 10
121 5
38 5
97 72
1 11
46 171
193 139
1 4
5 8
105 153
138 3
157 1
10 4
146 109
5 2
2 196
3 200
139 25
196 5
143 9
177 186
5 134
3 164
122 81
3 155
5 8
2 124
6 174
5 6
9 52
7 9
4 2
4 5
1 51
26 8
169 128
3 9
10 1
58 112
178 6
161 8
1 85
184 168
2 186
23 87
3 104
60 81
53 144
179 167
157 30
116 8
2 195
48 2
8 34
131 173
162 105
143 10
172 21
12 26
1 102
146 2
90 4
151 37
3 9
8 9
45 9
2 105
1 119
59 97
93 2
151 198
119 80
69 63
10 4
3 107
61 4
3 10
36 43
25 7
4 8
4 3
2 5
90 169
10 154
3 180
108 14
178 194
164 145
9 3
74 56
6 44
78 7
9 3
139 3
2 92
137 51
10 119
1 7
193 5
30 8
106 109
82 68
46 17
130 128
1 8
124 10
2 4
83 116
45 1
144 162
5 121
6 8
6 51
52 22
98 2
8 4
185 4
3 9
18 1
93 4
175 7
8 9
7 122
134 5
7 2
140 81
4 67
10 101
4 144
10 3
119 87
171 172
198 10
59 5
84 23
2 5
148 1
6 19
2 3
5 37
17 3
2 40
161 4
50 61
91 8
10 123
4 6
193 157
5 1
8 6
168 177
145 27
148 9
37 3
6 20
168 101
10 129
4 83
6 8
151 35
3 9
1 8
9 89
7 6
195 167
138 3
116 6
171 177
175 129
197 8
128 9
20 5
94 144
6 200
8 95
107 5
17 123
63 179
14 8
173 83
8 13
170 200
1 81
77 13
80 173
114 127
1 145
9 6
2 3
83 10
1 111
118 197
106 61
57 28
6 4
77 49
108 5
152 120
197 5
132 118
2 111
7 4
3 2
8 160
169 70
105 1
84 7
149 9
151 183
164 184
3 6
4 143
107 61
25 6
5 11
6 10
139 180
3 1
18 2
9 85
120 175
3 82
1 116
4 195
9 58
1 10
3 7
9 3
9 149
108 3
9 95
2 176
145 2
34 148
47 35
10 75
105 2
2 42
187 9
1 15
193 1
166 45
122 62
5 10
131 167
5 8
6 2
8 4
5 194
6 88
96 8
9 4
160 180
200 80
31 86
121 74
4 5
120 156
105 89
158 93
1 8
93 7
6 8
7 130
200 194
1 178
6 49
6 2
1 3
5 180
3 170
93 151
7 155
184 10
5 156
115 200
1 130
180 20
10 2
72 163
96 79
8 145
6 131
8 97
30 109
10 140
4 10
1 9
8 1
8 9
25 29
5 10
1 144
95 9
66 10
51 9
5 99
170 22
4 5
30 199
8 9
145 4
10 3
32 3
47 4
55 128
10 6
3 1
173 87
179 3
2 94
2 1
1 5
144 5
90 6
76 115
11 37
137 133
175 84
8 14
1 142
170 156
87 4
5 9
10 6
2 51
4 150
4 5
2 66
80 10
169 7
169 176
91 2
1 7
132 171
98 4
41 9
44 2
104 6
100 9
8 46
150 7
150 61
23 135
77 71
5 10
101 27
68 72
108 117
4 9
3 4
150 1
178 3
187 5
88 127
50 15
15 10
116 7
2 141
4 160
49 5
191 23
11 55
10 181
168 10
10 132
136 139
7 9
199 88
7 6
8 67
1 7
8 119
2 32
10 199
145 25
8 2
73 2
75 61
3 5
9 180
29 9
10 3
8 5
5 122
10 5
87 4
2 126
120 180
4 123
3 32
138 81
5 112
9 141
8 10
128 5
4 7
115 10
106 2
7 197
3 186
6 133
28 2
117 3
191 6
7 8
5 58
2 165
64 118
182 177
8 49
24 138
3 105
67 16
180 2
3 137
1 10
101 30
6 26
6 60
109 8
101 89
153 48
3 6
3 5
4 123
9 8
127 9
19 7
83 11
66 41
3 139
10 159
200 8
2 3
5 48
166 163
6 7
175 173
142 5
8 42
101 132
5 28
10 6
5 2
2 1
1 4
106 90
56 85
27 44
6 24
41 66
19 12
6 2
2 83
3 28
99 42
7 95
6 150
189 45
145 181
57 2
5 7
149 1
157 9
4 58
81 142
10 3
5 8
2 32
120 173
36 152
97 14
2 7
4 10
58 9
8 3
49 13
121 152
107 3
1 113
7 4
144 5
5 74
52 18
100 6
8 113
84 96
157 6
138 146
8 127
101 7
3 89
97 8
125 107
14 5
6 9
4 7
5 9
95 8
38 168
10 3
2 5
93 9
1 4
138 31
54 69
174 146
8 195
101 132
85 8
1 2
7 3
146 2
8 22
2 61
148 3
7 5
6 190
10 2
2 17
159 148
63 1
104 2
2 170
185 174
6 8
142 164
77 9
98 7
5 10
1 34
49 116
67 174
13 3
188 6
170 76
2 1
4 177
94 102
5 9
21 8
10 3
124 163
164 6
192 4
127 10
90 142
96 10
1 6
54 68
1 2
163 7
60 2
7 174
139 7
117 139
84 18
116 95
10 5
1 3
7 94
9 8
8 3
145 7
165 117
73 4
127 115
1 8
2 9
73 10
68 8
1 32
196 140
1 64
8 14
137 3
5 9
8 1
13 147
2 3
169 112
1 56
81 197
80 8
185 7
122 9
3 2
14 186
197 8
4 185
3 4
7 1
197 7
6 113
169 7
120 100
119 18
1 4
58 2
37 6
116 5
5 8
3 39
1 102
42 7
2 109
3 8
2 27
6 1
1 44
18 46
114 5
7 2
4 7
100 10
9 199
101 4
4 49
6 112
10 137
186 88
19 2
45 77
62 4
187 4
6 3
39 97
161 9
2 73
8 7
139 22
171 114
83 54
171 189
1 6
54 167
71 94
3 66
64 106
5 3
67 129
5 1
123 2
3 49
6 64
86 177
100 3
7 10
156 9
1 4
5 120
2 6
10 2
9 3
151 4
95 10
8 10
73 6
42 182
4 25
24 166
8 3
2 1
2 89
49 10
6 158
1 3
157 2
10 130
10 67
37 134
61 104
25 4
198 2
20 116
90 142
1 61
2 157
162 75
5 1
135 133
156 100
181 14
3 54
85 141
49 2
100 4
8 9
158 131
98 6
195 70
5 46
108 157
65 150
103 4
6 5
181 7
6 10
69 7
189 8
9 10
8 4
7 5
1 10
33 175
9 176
4 6
154 170
142 9
3 6
130 1
9 69
43 7
4 10
118 61
6 119
178 8
6 63
9 1
4 117
10 9
127 2
10 1
29 27
8 82
183 84
158 15
7 8
51 6
1 2
34 5
198 5
8 45
105 2
104 9
192 6
2 140
2 41
94 41
1 10
6 4
187 134
77 193
86 8
160 107
22 4
33 178
84 109
118 4
2 9
1 115
173 1
7 10
4 89
1 9
10 4
117 87
10 7
165 7
102 91
10 105
5 6
6 35
112 2
98 70
3 9
96 130
5 2
27 8
7 145
10 28
9 58
5 131
4 75
126 101
102 158
2 52
19 9
2 37
8 63
10 12
4 126
79 4
48 175
111 2
10 137
126 189
8 5
8 1
1 104
180 1
36 61
35 3
119 163
10 13
10 153
88 3
175 71
190 2
99 7
5 167
3 51
5 122
7 8
60 3
53 48
116 122
6 12
1 51
187 69
7 64
3 67
176 3
183 2
10 184
122 6
3 5
80 160
84 8
3 197
87 104
23 128
7 11
9 10
7 149
5 182
148 36
155 53
7 2
183 8
100 7
84 120
1 9
28 30
77 4
10 7
113 91
3 7
1 3
8 1
7 189
4 43
3 8
1 106
86 10
1 33
133 158
62 90
168 9
117 71
145 73
6 9
114 9
96 12
18 173
130 13
8 9
8 116
170 58
2 82
6 23
5 8
10 2
116 8
132 43
116 3
9 20
19 59
132 107
10 58
3 6
125 153
42 4
197 3
178 89
9 2
9 10
63 183
99 104
72 6
130 20
123 76
2 7
99 1
21 114
5 136
7 190
175 74
35 7
1 2
6 8
1 176
7 3
4 145
35 5
63 7
4 8
165 198
194 1
1 9
6 3
9 3
12 5
5 9
102 1
170 182
131 12
4 197
79 146
10 67
9 91
151 171
39 65
80 1
103 9
8 133
3 27
6 15
22 74
163 23
2 103
153 8
112 1
8 10
16 140
7 163
159 101
49 8
67 2
116 128
10 130
103 27
166 57
113 6
8 187
9 79
60 12
2 99
63 183
7 103
121 181
9 184
9 5
1 81
2 5
8 137
2 5
9 36
40 115
6 9
122 121
10 187
174 196
124 9
6 161
5 8
26 60
10 14
27 168
67 10
4 129
17 9
79 9
1 24
1 100
58 176
195 7
9 76
6 2
108 45
8 1
10 51
80 2
69 105
8 184
6 90
52 105
116 182
2 185
170 3
5 79
56 5
10 2
146 156
6 124
186 103
3 154
9 184
36 108
98 10
3 176
8 10
178 161
6 99
163 4
82 199
10 139
9 142
9 5
65 3
186 98
7 6
187 3
172 4
35 8
10 2
123 5
174 69
78 3
6 132
1 167
159 27
8 7
137 135
172 1
3 49
65 130
6 7
4 5
104 5
6 9
70 159
43 10
7 74
136 10
6 10
153 94
47 90
4 200
56 121
10 102
135 9
5 9
7 6
3 38
7 192
20 124
7 14
8 10
8 1
130 6
195 72
30 3
10 84
1 127
5 42
5 184
142 6
83 6
6 2
7 198
176 3
3 110
4 183
74 1
5 9
181 7
197 9
3 4
93 76
1 2
92 5
7 6
9 173
9 4
86 8
112 124
76 8
3 180
3 5
128 2
1 7
31 90
10 8
8 135
188 20
29 8
6 5
54 10
2 20
7 56
8 60
121 7
2 10
105 166
38 137
101 1
120 10
3 163
2 10
19 9
21 199
163 31
19 2
2 6
1 71
77 6
127 73
141 2
3 8
74 199
164 8
10 130
77 4
5 28
5 2
6 5
155 95
113 5
191 47
133 19
8 7
24 114
29 8
110 36
58 1
6 5
138 137
195 120
10 64
7 2
7 151
3 7
188 2
28 5
43 5
1 25
144 93
4 6
158 8
5 176
2 8
46 63
135 6
9 45
123 75
148 7
196 111
3 42
146 7
181 10
108 24
188 121
5 103
9 125
121 9
27 5
91 3
96 10
8 4
83 119
9 7
4 106
47 62
158 115
180 4
2 8
187 1
7 71
79 8
8 198
3 7
2 177
8 161
152 20
124 3
8 47
10 5
1 166
91 52
6 54
180 2
138 8
180 88
174 123
74 134
6 1
4 88
40 10
59 71
57 132
180 4
4 69
84 171
134 10
174 1
9 40
6 87
2 141
5 8
118 4
62 5
119 127
5 9
25 8
27 4
8 97
104 3
106 8
27 174
181 57
64 50
53 152
55 6
4 185
40 134
152 199
62 103
9 195
162 124
74 111
121 89
176 173
122 159
137 3
163 4
193 7
65 5
31 74
1 8
3 4
4 171
191 9
7 9
41 99
8 132
61 10
107 98
4 144
5 37
3 140
6 5
10 8
10 32
20 4
112 155
8 1
24 23
6 156
169 3
65 8
181 102
5 123
184 124
196 4
3 146
179 3
10 6
4 5
10 5
140 126
2 179
8 2
23 2
7 17
57 196
98 9
2 110
1 50
5 11
10 32
10 165
189 10
164 35
172 104
168 138
162 4
54 9
85 5
8 195
3 10
8 152
2 60
68 1
131 105
8 31
10 5
9 3
1 7
169 143
29 4
4 141
3 157
9 1
5 50
4 10
4 10
42 2
46 10
4 6
156 85
126 9
9 163
2 134
35 124
9 17
8 2
10 4
71 180
14 10
9 2
90 2
43 160
86 4
45 182
4 182
123 32
151 9
156 199
9 80
1 23
8 4
3 5
189 22
111 108
5 39
32 7
120 14
6 9
194 46
9 83
5 7
6 80
189 57
3 69
165 6
28 52
5 95
10 98
3 2
120 6
151 10
1 10
10 131
137 90
86 10
186 5
5 3
35 5
112 72
119 8
10 4
158 122
72 2
1 5
1 26
4 62
9 5
6 19
8 3
8 10
106 85
9 11
161 24
59 1
7 2
172 129
73 4
197 143
1 27
5 8
6 68
85 3
1 47
83 1
122 2
25 157
106 4
154 67
6 59
112 3
56 10
127 96
47 2
3 12
3 112
2 6
6 1
134 40
1 10
8 198
177 65
172 40
8 6
179 135
115 6
65 176
141 117
149 31
145 58
3 2
1 52
124 50
85 124
36 2
1 8
106 130
11 9
33 62
73 108
2 48
2 8
5 122
2 120
2 82
184 6
3 8
9 6
45 8
123 4
5 10
8 7
1 104
3 58
3 5
2 186
67 50
36 149
8 5
149 9
67 9
10 35
189 115
159 176
77 5
27 23
30 12
103 188
4 196
76 6
10 45
29 7
6 4
5 7
10 4
1 33
191 2
1 5
6 4
68 4
5 9
2 118
165 66
31 37
8 170
33 88
4 98
43 2
30 15
2 4
169 9
8 3
28 147
42 2
161 2
9 5
82 49
49 10
2 7
116 9
4 8
120 107
50 2
92 10
1 3
168 2
10 4
122 3
37 2
6 8
9 38
5 7
2 104
9 71
1 2
2 91
109 4
8 114
2 50
9 8
9 28
28 20
5 10
5 130
46 8
7 179
4 36
9 145
67 5
9 7
105 7
198 5
38 8
28 4
176 24
139 6
2 159
55 23
3 158
3 166
82 6
99 107
162 53
1 60
27 89
144 9
116 1
94 188
2 4
2 151
6 1
8 7
3 45
196 103
10 133
7 2
2 33
8 187
41 121
175 3
24 2
178 157
114 167
28 9
120 1
10 5
146 7
13 63
155 8
188 7
3 165
10 121
151 3
1 126
4 37
185 193
196 114
6 22
1 10
186 1
74 72
66 3
115 4
7 1
10 2
3 46
9 37
4 24
115 3
5 10
61 66
9 123
48 128
122 55
34 9
124 8
100 8
1 9
3 124
11 2
10 55
91 9
7 10
9 4
102 1
4 74
7 8
181 62
7 136
8 4
1 5
41 4
9 2
6 4
164 2
3 44
3 103
31 106
129 10
6 192
8 144
83 10
173 80
30 3
150 4
19 73
9 38
83 107
9 10
6 182
4 5
139 140
7 155
6 4
129 35
8 79
30 39
7 6
3 9
9 177
5 15
171 33
170 9
10 116
6 2
83 69
6 121
97 5
7 4
146 115
174 14
45 149
166 113
6 85
7 128
54 50
6 189
33 1
5 182
13 1
164 1
59 48
68 23
2 134
7 198
127 111
2 10
1 16
128 6
4 83
153 2
55 9
7 155
1 7
76 133
1 25
77 39
157 5
6 86
6 73
43 7
104 67
28 5
9 43
1 112
104 119
35 7
190 6
38 7
4 1
7 4
10 152
5 3
6 104
2 39
47 53
49 128
2 5
7 2
170 62
115 39
5 46
1 32
1 41
5 7
4 5
46 8
48 2
25 148
2 16
99 8
10 1
124 1
196 10
9 10
5 23
9 1
84 6
13 156
82 10
4 103
83 1
7 23
84 4
9 141
4 5
3 9
35 9
66 8
126 165
42 2
193 200
5 44
10 1
6 28
57 2
195 73
2 4
188 2
181 3
4 2
1 2
85 7
191 9
96 84
3 172
4 9
6 36
147 8
42 34
4 9
8 3
110 151
56 17
59 181
173 2
105 154
30 149
9 2
9 101
153 143
6 3
69 108
39 6
89 5
152 52
71 179
104 109
118 6
6 98
131 113
47 4
9 141
4 164
188 169
107 3
1 60
122 184
99 183
70 152
10 4
8 10
10 24
43 3
67 44
5 119
6 189
77 1
10 108
9 199
102 1
105 7
4 76
5 132
2 10
76 198
144 180
2 9
6 66
17 3
98 69
35 181
4 2
7 84
10 131
60 127
10 147
3 8
188 1
120 10
53 43
7 5
10 9
40 4
8 180
49 2
2 9
198 117
125 7
1 149
17 2
2 9
23 58
8 69
145 1
10 3
6 62
2 7
5 197
35 7
45 54
10 11
67 10
9 7
1 7
109 98
9 144
137 10
88 6
12 10
191 25
176 166
44 5
10 153
22 1
9 140
173 9
187 5
1 171
7 159
66 1
147 5
1 2
194 4
64 7
5 7
10 161
97 9
3 67
6 135
8 10
2 4
116 150
39 8
8 7
7 102
199 9
10 102
113 3
5 10
148 50
9 138
10 3
3 70
10 144
138 194
3 70
45 7
8 5
6 8
43 4
10 60
123 36
6 8
175 5
5 185
8 7
13 182
81 6
182 1
181 6
186 73
70 126
127 101
101 4
29 9
177 117
16 140
6 25
100 4
4 9
1 9
7 10
81 145
165 1
91 4
8 1
154 120
101 200
3 2
4 97
1 4
109 184
7 157
155 141
130 6
80 43
195 126
6 4
1 3
1 45
2 8
85 7
160 5
9 10
82 10
6 2
10 8
14 9
1 10
104 5
2 7
2 8
157 3
6 10
6 2
6 160
19 115
7 5
5 20
3 8
8 22
155 84
10 105
3 196
23 6
200 9
160 148
6 4
82 19
173 9
113 5
126 3
8 48
3 75
7 169
4 9
3 165
52 4
29 156
8 147
7 4
10 2
38 120
3 179
1 10
14 1
4 6
34 89
147 181
1 10
104 8
108 7
126 3
4 8
80 69
174 4
9 4
71 7
5 87
3 2
1 24
146 2
52 5
73 23
160 7
5 6
4 25
8 182
6 8
2 10
1 126
9 10
10 64
83 2
1 76
153 37
4 34
3 71
170 49
8 5
8 63
10 5
77 8
27 8
32 3
3 152
2 54
21 4
86 98
176 2
7 9
6 176
91 5
54 10
28 196
184 3
3 5
50 9
5 154
7 197
8 4
56 5
7 79
8 5
6 5
8 158
11 86
2 10
86 10
8 56
20 3
135 192
143 3
41 2
7 1
1 21
2 77
196 16
128 183
2 3
6 8
10 2
134 3
159 139
2 3
27 188
51 10
4 3
167 9
6 39
108 6
1 105
2 80
2 200
2 61
48 51
4 70
168 59
3 110
18 8
4 7
55 99
130 119
10 4
4 2
116 37
89 2
140 197
77 3
120 44
6 74
155 163
156 7
8 9
1 163
5 4
18 7
5 7
5 2
74 6
5 51
139 44
44 8
1 9
8 5
194 10
8 107
19 3
104 101
5 62
10 1
164 174
9 10
7 6
99 5
150 125
6 8
10 1
3 9
102 120
32 7
154 164
168 7
153 200
75 8
6 5
178 91
145 5
3 198
10 165
173 1
1 140
90 49
9 53
49 135
10 7
110 8
84 10
7 187
139 7
8 13
147 99
5 7
6 39
3 5
2 46
7 10
149 21
8 10
5 156
10 7
8 16
142 21
7 158
155 81
6 134
1 116
2 7
9 200
9 64
65 2
8 168
114 8
71 10
4 113
29 170
5 87
177 50
87 9
20 78
3 10
134 6
198 5
145 10
9 3
186 9
31 5
1 45
152 10
179 56
9 10
197 126
104 10
121 9
60 32
5 1
120 58
7 6
193 5
139 52
6 5
7 178
5 148
82 143
7 176
9 103
4 7
8 57
55 5
19 90
5 8
10 185
51 38
5 143
98 8
8 93
1 8
98 41
4 7
60 1
8 6
126 71
9 71
47 9
121 42
1 7
16 2
7 198
3 83
6 7
4 9
10 8
65 3
106 65
8 97
182 141
9 96
114 94
25 137
67 1
171 65
87 9
21 190
2 6
2 8
3 67
10 8
104 50
3 180
5 194
3 1
123 155
161 10
186 188
112 169
5 8
10 114
123 1
12 9
2 8
8 3
111 173
9 120
32 3
164 108
92 1
82 17
51 4
120 6
2 3
198 2
18 5
181 6
55 5
7 10
2 8
76 110
9 37
41 2
99 5
12 1
114 139
3 1
144 129
134 150
6 24
103 63
129 7
60 79
5 10
75 123
62 163
105 8
4 9
4 160
9 105
180 197
3 97
2 5
120 3
198 3
10 4
169 105
5 4
170 6
6 8
2 1
45 7
2 133
1 79
5 1
31 9
136 32
10 181
10 7
1 168
7 145
15 3
1 95
10 92
196 5
4 21
141 101
105 58
6 89
8 80
74 111
1 77
155 195
193 46
1 91
7 9
9 2
9 89
6 7
66 153
133 20
6 7
145 9
50 8
88 83
3 2
133 6
6 9
125 92
9 17
5 4
9 6
6 197
71 131
195 45
85 35
68 49
4 6
12 4
156 157
146 1
9 86
7 10
118 10
117 96
120 36
3 7
1 4
21 26
140 128
34 185
9 141
2 200
2 163
14 3
15 6
3 29
135 125
54 3
8 6
6 4
139 160
84 197
87 79
74 7
3 5
185 26
2 1
2 139
99 9
2 43
15 5
199 166
146 61
53 41
139 181
133 3
151 6
6 151
6 8
100 159
14 6
10 99
4 5
2 98
5 7
4 72
97 7
44 5
180 10
3 5
163 3
6 168
4 5
8 166
118 199
10 151
4 2
163 5
9 139
58 119
57 29
70 7
181 178
169 8
36 187
139 10
2 8
5 1
5 70
51 2
45 22
166 132
86 163
10 2
99 2
5 1
3 10
95 129
21 36
88 10
89 164
166 2
2 1
1 112
3 10
73 2
7 6
132 105
6 10
5 131
3 180
2 4
1 122
8 3
8 6
7 12
5 10
5 144
10 1
8 5
155 10
1 63
7 4
74 3
9 60
81 9
48 132
3 122
154 40
3 33
3 25
3 6
19 113
119 117
6 7
3 152
11 81
18 142
4 6
5 10
4 94
102 178
149 4
10 4
128 2
4 5
7 4
50 8
5 4
8 4
62 96
4 185
51 1
118 25
6 2
52 2
8 78
7 62
75 2
1 193
5 8
7 5
2 120
104 4
81 9
85 7
1 6
4 179
8 1
68 5
9 22
165 58
9 28
2 155
2 82
97 3
6 64
7 1
158 7
35 10
16 76
5 199
5 144
112 91
23 10
71 1
44 95
10 6
195 9
81 7
164 3
141 199
4 10
121 6
8 157
4 110
8 166
10 17
77 2
40 8
1 98
9 3
8 6
9 2
1 153
92 96
5 3
59 143
106 130
66 133
10 191
6 10
66 3
199 175
91 80
2 170
6 5
97 26
151 178
26 192
10 2
17 142
60 4
3 1
118 183
57 69
186 3
193 189
10 51
5 41
3 9
5 126
7 86
2 177
8 47
156 4
5 100
6 8
118 3
38 8
10 60
108 3
3 10
3 6
76 3
1 2
183 163
1 36
32 3
115 8
8 1
10 3
145 9
172 60
198 3
121 33
192 194
163 8
102 8
33 5
173 10
148 128
7 9
7 3
4 145
81 5
7 29
148 6
5 157
200 7
28 195
83 8
37 5
140 141
50 5
2 5
2 113
36 7
167 135
198 118
4 9
84 7
9 5
147 5
101 1
54 5
87 2
3 1
4 7
6 5
45 9
6 62
4 179
85 1
1 131
4 5
2 3
179 116
6 20
2 18
153 7
18 189
2 30
175 31
8 49
1 183
25 88
98 91
159 199
1 6
10 1
75 45
156 5
113 53
2 8
3 9
9 102
5 1
173 5
151 10
21 67
5 1
5 2
74 3
62 8
113 148
125 135
3 117
140 169
8 10
63 35
8 1
3 59
8 3
3 180
2 7
100 56
101 10
2 53
8 4
9 7
6 65
7 74
96 21
118 9
4 155
8 1
7 111
154 3
25 40
3 80
33 6
1 4
66 7
3 90
9 2
158 5
1 100
8 49
8 180
153 7
140 59
21 2
45 5
2 11
6 73
46 10
3 65
149 79
14 10
77 31
10 76
2 143
5 170
8 2
4 5
10 176
10 32
115 178
184 10
8 5
2 144
25 3
4 151
61 8
1 5
149 116
103 155
4 107
159 173
65 7
69 11
10 27
4 8
7 8
66 5
186 2
4 46
41 7
10 1
8 35
92 4
35 81
164 36
133 136
99 1
176 4
64 8
178 7
6 7
4 182
5 7
55 2
199 5
1 193
3 1
5 8
2 78
50 1
7 3
192 1
7 2
147 55
190 178
5 1
9 60
75 8
123 46
10 6
63 1
14 2
10 2
118 143
5 10
124 91
5 2
161 7
1 165
29 9
5 6
4 2
18 2
10 6
117 1
1 2
10 52
3 4
42 123
32 5
191 8
177 60
4 7
151 4
5 4
100 4
101 68
4 98
3 10
4 5
5 190
49 1
163 97
10 9
10 1
10 169
8 2
5 46
6 127
39 9
59 8
6 199
157 3
9 2
2 91
3 9
1 9
13 10
10 104
9 33
10 15
110 9
5 117
114 52
1 5
9 170
10 119
1 43
6 5
6 2
7 127
1 5
86 155
21 9
13 2
5 43
2 71
2 1
197 1
10 32
127 120
4 5
169 4
9 108
39 8
1 8
1 138
98 7
72 3
2 32
4 7
4 3
76 10
124 119
54 7
197 60
75 136
16 173
43 7
123 7
41 5
21 9
10 189
10 136
193 4
127 5
107 25
3 98
10 142
54 8
27 177
12 1
57 1
7 163
5 74
76 3
190 152
36 100
9 5
183 8
10 20
114 58
23 112
1 7
97 34
132 7
96 7
122 82
10 4
155 7
9 110
137 5
94 9
124 20
19 2
74 88
25 100
3 114
6 191
4 6
148 173
44 114
26 6
136 2
52 106
2 7
8 4
48 93
6 10
4 9
185 73
8 153
5 7
7 42
9 128
5 134
8 1
118 131
8 10
4 198
29 104
44 10
9 7
3 177
152 163
113 9
196 6
3 165
2 176
112 69
6 27
168 57
194 1
7 6
169 8
8 5
147 6
1 77
9 198
76 10
2 181
39 15
10 13
4 9
49 10
151 10
2 6
1 88
50 1
3 1
8 6
1 94
90 114
70 141
21 121
5 87
26 98
10 159
112 4
43 123
89 11
32 3
67 114
2 187
31 62
7 4
40 153
5 119
145 85
132 111
8 1
30 103
78 8
1 5
32 7
53 65
122 7
9 112
4 162
5 69
39 9
102 118
22 7
60 127
71 4
66 193
7 4
113 5
1 72
8 10
48 1
12 131
3 30
3 35
100 147
2 151
7 6
5 119
3 139
6 33
186 5
56 3
6 1
9 46
7 6
3 113
40 148
135 181
74 183
10 20
167 4
159 158
8 76
46 153
161 87
27 1
9 2
5 2
174 153
155 48
5 67
34 20
16 185
23 8
6 3
5 44
154 2
131 73
8 55
115 2
43 1
12 10
54 4
10 114
1 10
1 140
69 1
7 145
89 1
1 8
2 1
9 57
23 5
1 5
4 134
65 3
60 10
51 4
6 42
102 2
200 9
119 187
3 8
7 1
27 68
198 59
7 4
2 6
18 152
83 76
10 35
71 2
5 10
189 67
165 168
82 3
62 3
8 51
7 147
3 9
137 9
3 96
10 71
69 80
5 6
10 84
9 1
2 122
10 109
190 8
10 190
1 105
5 7
86 10
4 194
151 15
4 36
195 8
167 2
6 199
9 6
112 160
8 9
4 191
3 4
7 166
167 84
12 71
18 2
190 10
2 132
102 10
84 104
138 179
122 7
132 7
6 120
10 1
92 46
4 152
5 180
2 175
13 4
103 9
10 82
5 100
5 7
189 10
39 101
90 196
90 6
2 185
25 183
186 3
5 3
78 144
5 3
155 132
3 135
6 3
81 174
21 4
7 21
34 10
2 10
150 81
130 145
77 6
1 92
1 44
5 9
3 1
44 128
5 3
34 6
15 5
6 12
7 137
9 2
25 119
117 23
10 29
21 178
51 9
1 8
8 2
154 34
5 175
163 8
94 7
5 144
3 4
10 6
80 6
151 100
3 53
6 35
7 8
4 6
162 9
12 136
42 9
196 10
4 6
1 64
190 8
6 8
7 3
10 152
157 57
77 3
33 8
9 137
47 88
151 9
174 10
8 95
1 5
34 180
9 77
159 71
22 137
3 41
8 152
2 48
3 190
7 2
8 128
2 157
186 3
98 2
53 45
58 9
55 75
3 5
8 102
1 9
6 3
162 91
2 4
7 123
6 177
157 10
38 3
144 10
6 9
6 1
7 10
10 194
51 5
6 155
125 1
68 65
2 61
10 44
190 83
2 10
196 193
106 2
2 59
7 113
1 2
83 116
1 196
66 99
2 198
193 112
153 10
164 67
38 5
98 10
134 6
155 10
8 3
1 8
7 4
4 155
182 5
2 53
10 7
102 164
6 2
7 5
7 2
9 8
6 56
2 90
4 164
1 7
2 6
7 136
101 89
10 2
40 9
189 3
167 9
6 154
3 124
7 146
110 3
60 154
69 71
5 10
99 4
70 9
166 10
94 1
99 176
6 4
92 157
112 53
4 8
50 1
197 13
182 7
67 10
21 7
165 3
64 115
117 197
121 183
170 112
4 169
165 176
2 133
52 7
176 196
3 186
33 5
168 167
19 56
10 4
170 1
5 1
7 4
193 187
182 8
117 8
131 115
184 1
96 5
20 8
7 8
4 17
144 2
3 28
97 6
28 1
127 5
7 9
96 3
7 4
8 27
4 170
10 52
8 194
153 10
7 8
38 9
139 8
10 27
1 46
68 61
98 2
99 14
169 22
149 161
4 173
2 9
4 189
89 168
8 10
5 4
9 141
93 77
68 8
5 1
7 53
115 8
5 7
1 169
2 133
7 9
6 183
89 8
180 1
35 175
49 3
9 7
3 50
4 6
8 43
4 5
186 2
132 7
36 181
103 120
107 9
6 74
95 175
9 59
130 2
6 10
6 115
46 143
200 142
170 91
183 69
89 56
178 55
179 8
37 3
9 55
8 9
10 178
80 191
7 10
24 7
12 136
3 91
48 92
10 34
5 97
117 19
8 9
108 153
114 9
1 101
42 8
45 190
6 9
87 53
3 32
2 120
78 10
9 3
33 6
3 113
69 30
5 2
8 1
147 13
25 160
3 8
6 138
191 4
139 49
8 187
9 7
158 2
73 65
12 140
8 94
157 9
4 85
14 21
8 7
18 8
47 1
68 10
194 5
136 172
30 1
125 3
94 31
193 36
7 3
4 8
18 7
8 64
2 4
125 118
7 158
7 2
1 6
95 1
63 4
99 17
7 160
118 8
10 5
117 93
151 1
173 168
10 1
94 164
31 176
4 66
1 82
5 101
188 10
3 41
10 113
184 51
64 101
117 4
1 190
7 24
127 6
9 8
167 86
2 10
63 155
2 10
8 88
173 10
7 74
157 162
9 86
49 2
66 6
121 94
30 10
1 6
4 152
6 2
147 167
4 28
10 172
5 9
4 2
194 26
9 5
3 63
7 6
4 161
9 36
6 78
2 6
8 58
178 10
8 6
175 4
165 4
84 27
49 8
26 63
36 151
152 3
50 103
9 4
144 6
71 2
20 192
8 9
50 2
91 10
26 10
124 2
176 1
8 116
102 4
164 1
25 58
198 163
8 119
10 80
5 93
138 6
133 5
1 158
161 167
141 72
4 153
7 102
4 175
147 6
5 188
2 93
4 69
151 177
6 1
84 10
78 29
2 6
9 1
4 187
5 103
184 171
2 7
30 132
2 5
168 8
14 2
8 2
75 4
120 2
130 9
4 33
166 6
157 3
1 132
80 37
32 7
6 7
113 48
34 10
2 94
92 10
129 10
66 1
7 6
10 8
14 195
9 7
193 65
86 6
131 18
97 10
17 2
1 75
6 1
123 9
192 38
115 143
108 3
9 2
196 4
1 3
18 2
130 8
2 48
3 4
21 43
64 4
8 7
148 5
134 6
4 123
155 143
3 111
2 9
10 9
9 47
3 10
5 27
108 190
56 74
2 20
6 189
159 4
182 4
13 10
200 153
131 111
132 67
7 28
1 4
6 3
166 2
135 177
181 85
16 2
141 89
186 7
136 40
7 162
94 7
5 40
122 6
1 129
162 40
17 78
6 127
7 9
8 2
151 16
118 3
8 35
5 165
135 164
2 10
197 10
127 102
110 2
10 4
9 54
197 136
2 7
106 156
7 135
7 1
9 10
2 7
69 36
11 90
120 18
88 3
24 66
123 126
58 10
7 121
61 7
115 161
4 10
6 79
74 1
6 104
6 2
1 2
3 8
1 101
89 4
182 2
2 6
5 56
9 4
8 3
153 7
185 142
9 169
140 7
52 8
29 8
3 8
96 143
20 155
83 12
29 10
4 178
9 4
10 124
3 29
6 88
8 9
9 3
6 1
104 177
2 87
100 62
8 1
119 187
4 105
8 180
3 157
2 129
9 4
43 4
1 168
7 6
151 170
33 4
3 7
68 36
52 116
140 8
4 169
9 32
143 106
9 135
4 84
18 143
4 25
65 4
2 1
45 2
17 3
8 5
142 161
103 149
1 4
150 9
116 6
99 93
172 9
78 118
130 6
181 9
168 6
80 6
192 55
5 92
40 7
43 7
103 38
10 6
83 4
1 103
7 5
1 140
83 9
10 188
1 122
23 8
10 6
94 5
6 7
141 116
158 7
8 75
9 85
174 157
6 123
7 4
62 125
4 119
4 59
10 6
4 8
52 4
159 28
7 59
110 3
10 7
6 84
90 26
82 113
160 127
71 3
10 2
50 115
106 6
9 115
100 7
3 4
193 51
26 2
40 73
189 10
112 6
9 6
6 141
137 7
1 2
7 9
6 8
20 21
10 6
5 10
116 8
7 4
95 8
1 6
103 8
38 182
172 2
8 142
29 27
3 49
72 7
7 3
5 9
151 10
4 44
2 65
2 138
63 120
9 63
172 59
94 10
9 5
4 2
85 166
10 72
58 3
83 151
5 7
174 103
4 116
10 9
160 103
2 6
151 161
10 49
35 88
73 8
102 175
82 7
4 37
1 200
22 23
55 4
142 2
123 27
5 68
73 4
159 9
8 9
6 8
66 7
2 1
14 4
51 118
5 97
2 91
125 47
101 117
10 4
1 189
152 1
199 4
6 161
6 9
195 19
7 67
186 8
10 7
9 1
53 119
31 167
4 2
4 93
118 125
3 8
4 142
10 40
5 4
17 3
3 107
6 7
163 62
181 2
4 63
71 55
3 189
4 134
7 3
14 114
42 180
100 2
23 6
188 7
45 78
5 10
126 5
157 186
122 8
48 166
94 187
2 9
119 6
1 5
107 154
18 10
8 7
10 59
12 97
6 10
64 157
10 125
31 38
7 3
143 65
27 6
9 1
34 5
174 72
73 35
2 59
24 9
54 70
10 41
75 6
4 7
2 187
84 8
7 9
92 8
50 8
131 2
7 5
9 1
78 6
188 12
80 173
58 11
4 38
8 5
138 3
105 183
5 106
1 9
9 83
64 38
7 130
182 6
68 3
9 23
123 22
82 170
9 7
195 170
107 169
24 4
159 5
10 182
2 53
195 9
2 75
115 123
106 3
5 8
100 65
192 4
2 8
54 167
6 3
24 145
3 6
7 19
3 8
199 130
8 166
6 1
80 5
8 168
81 8
121 10
180 191
1 4
16 3
8 10
7 5
174 138
129 27
152 7
198 30
112 78
37 7
2 63
9 152
22 7
23 10
130 60
124 6
4 170
65 200
41 10
9 4
105 196
7 142
10 16
16 8
92 183
2 9
106 7
14 194
14 9
95 3
64 13
5 9
55 7
71 146
6 81
144 194
181 1
34 1
8 140
72 3
6 178
5 7
8 70
1 4
124 8
7 182
57 147
67 3
62 164
29 56
196 62
4 5
11 169
7 109
93 191
9 38
6 89
49 3
9 124
106 2
133 2
26 10
1 122
93 107
3 32
2 180
35 2
50 6
61 10
12 8
112 33
128 5
5 12
6 10
158 27
136 10
2 7
6 170
10 4
1 123
9 1
173 159
29 10
199 8
6 112
3 5
6 5
166 3
2 7
4 2
4 155
82 185
196 182
172 3
6 43
101 2
50 7
104 3
9 141
138 10
163 3
5 1
84 8
31 115
4 7
6 156
127 60
3 82
5 173
3 8
3 79
8 51
127 7
3 27
33 200
5 108
7 1
7 8
67 198
112 77
33 180
116 189
199 8
5 79
6 198
121 1
180 196
2 4
3 125
8 5
162 125
8 6
25 194
154 1
9 143
72 7
178 94
5 128
8 6
7 6
149 2
150 139
1 7
153 6
28 55
149 8
6 131
38 7
146 105
2 1
7 4
5 8
4 8
6 71
2 111
10 56
14 87
152 3
1 5
1 11
1 82
173 9
144 2
126 6
80 134
136 10
6 44
74 179
194 5
8 67
104 55
1 40
88 5
102 87
6 10
26 50
98 10
9 1
1 78
5 9
187 6
10 7
5 8
32 78
8 147
10 50
64 4
6 21
3 7
5 30
9 167
1 46
184 37
1 26
2 69
2 92
189 81
2 5
19 4
9 3
8 68
7 194
2 112
5 3
3 46
9 10
1 183
4 2
3 5
146 144
7 127
23 9
3 99
10 7
10 138
8 7
1 126
105 17
1 8
186 1
182 3
184 141
176 189
41 8
32 96
102 4
86 34
8 3
23 6
115 145
2 4
73 76
31 7
7 8
3 1
1 88
142 182
187 4
5 10
115 78
99 187
9 195
10 121
9 10
8 9
6 1
37 1
9 7
98 6
10 73
131 155
94 6
9 71
58 64
151 4
9 108
8 10
115 34
71 43
119 153
1 6
10 8
3 59
1 44
3 43
3 104
12 4
145 13
8 6
57 4
119 3
149 10
10 7
8 2
191 82
2 105
88 7
27 10
123 10
1 7
3 180
8 7
48 146
184 170
91 99
8 35
2 18
3 2
4 87
9 194
137 122
4 146
142 146
8 27
137 4
9 7
8 190
5 80
2 7
126 15
3 101
2 1
118 3
173 6
8 62
9 45
85 10
2 7
161 141
4 190
7 9
10 143
3 78
5 22
79 190
9 2
4 173
5 179
26 8
49 166
152 2
4 8
6 185
79 111
134 9
4 7
3 90
10 4
5 10
5 2
9 7
79 27
139 144
6 2
48 182
4 14
3 5
12 8
135 109
10 9
6 155
4 101
52 10
9 1
7 4
1 60
137 8
37 7
46 179
44 1
51 6
53 8
92 71
176 129
114 184
7 26
4 1
118 9
2 4
185 84
15 194
9 28
110 170
7 10
191 181
10 9
162 9
4 10
3 6
4 8
10 7
10 160
122 5
72 90
70 6
118 89
111 46
149 195
169 55
23 1
125 4
10 3
123 95
8 129
2 160
169 2
74 7
190 49
10 88
78 39
91 60
18 90
169 5
6 4
8 117
4 56
6 7
195 132
7 10
78 5
6 105
8 173
2 7
74 22
8 10
10 7
5 24
9 197
71 4
4 1
1 80
1 41
62 9
106 9
85 4
84 7
1 6
2 6
9 23
151 6
7 9
196 6
135 118
4 134
8 1
118 10
4 9
2 3
31 2
8 10
152 3
39 120
8 101
9 1
3 37
89 6
154 10
131 85
4 10
5 6
198 170
3 33
3 196
8 6
8 19
185 3
70 9
153 184
58 3
8 5
10 8
152 142
1 10
19 15
10 8
3 85
9 58
40 10
9 3
10 2
9 62
5 153
3 44
154 139
1 193
23 6
10 110
2 7
121 179
4 199
6 9
1 6
9 196
99 9
53 9
18 7
8 160
5 89
5 3
8 130
8 3
185 140
10 66
39 1
101 112
3 140
4 134
3 4
10 74
1 190
3 147
13 3
142 126
3 5
8 2
1 127
138 9
5 30
191 11
78 15
26 59
8 106
3 10
9 92
156 72
2 3
3 9
92 56
4 163
6 10
1 5
75 102
34 3
5 98
83 4
5 49
147 89
121 9
2 30
3 8
137 21
5 63
37 88
106 2
134 3
7 5
188 3
39 1
178 1
189 1
198 5
56 82
3 2
96 102
10 98
1 5
18 9
2 70
179 96
1 124
53 129
1 96
145 6
13 6
7 137
10 97
10 185
125 139
2 7
3 90
8 147
149 4
120 10
4 10
2 140
95 49
8 1
9 4
10 8
110 6
5 42
10 3
88 108
10 8
5 1
1 126
83 175
4 58
4 5
10 29
7 2
3 65
4 2
112 115
10 6
5 132
3 7
180 153
102 111
176 7
5 3
178 9
1 6
8 5
173 185
6 9
2 61
9 5
21 182
4 7
68 108
8 156
44 6
9 7
1 4
3 7
3 53
113 62
60 8
114 9
1 180
178 10
105 3
94 8
9 3
163 73
124 10
10 158
3 4
168 44
174 155
1 126
5 18
52 182
64 10
116 7
118 170
51 95
65 10
148 9
132 168
137 80
2 1
9 8
170 5
6 37
152 20
9 32
136 129
9 8
20 125
172 9
9 185
76 6
181 3
4 2
60 189
92 1
103 139
9 133
8 166
4 181
8 128
176 78
150 1
103 94
141 3
192 171
196 1
8 71
58 5
3 25
8 45
97 31
8 141
86 8
142 17
2 151
10 7
10 157
7 8
166 122
28 105
127 99
161 81
3 188
10 4
8 2
6 8
8 89
3 96
120 6
121 76
168 3
141 9
5 7
58 10
149 2
10 9
2 130
131 151
84 5
7 4
2 5
6 2
191 1
9 162
175 10
20 4
5 170
10 85
129 8
36 108
5 10
5 1
5 4
8 6
44 188
170 54
3 5
125 3
6 7
2 1
35 4
7 108
153 4
122 137
3 7
86 10
118 8
5 1
6 29
5 195
8 190
7 64
9 8
2 40
8 6
134 4
87 10
111 141
51 9
6 42
90 9
193 10
3 28
135 2
172 3
8 3
72 10
62 1
7 10
121 9
130 4
1 112
48 6
8 120
2 181
19 114
115 168
1 19
8 5
78 142
140 34
116 14
148 6
193 4
37 4
3 18
48 105
192 7
7 87
9 121
10 9
4 5
4 145
8 75
6 82
2 113
2 122
144 4
133 93
10 5
9 57
7 105
9 163
173 75
2 148
50 169
22 8
108 135
3 6
100 132
100 6
98 189
5 146
6 87
6 10
7 61
180 123
2 4
8 189
6 131
6 79
3 7
65 147
14 1
41 3
26 3
10 42
154 19
5 2
158 7
3 8
5 40
70 1
6 50
93 86
54 10
7 1
4 9
46 94
148 2
120 86
167 4
38 82
71 3
10 3
5 9
1 62
24 7
10 9
4 3
7 3
3 91
8 63
138 3
8 179
8 73
6 123
165 65
100 9
43 9
3 62
29 139
1 2
91 8
3 101
168 7
7 10
2 1
177 10
97 1
148 1
49 40
7 4
1 4
5 6
10 166
172 2
9 8
9 43
7 2
1 194
1 21
122 91
86 3
103 9
8 7
105 10
2 11
10 1
164 2
121 2
6 72
198 9
1 139
5 8
136 76
6 4
7 1
8 135
111 178
195 103
170 43
129 1
191 9
5 13
3 170
2 45
138 6
151 4
5 150
2 42
2 10
21 3
172 198
78 10
2 77
178 8
6 188
1 20
3 152
9 54
92 79
1 155
3 42
144 8
9 2
88 200
189 4
166 96
154 8
25 10
10 74
148 126
167 54
135 162
4 48
148 78
67 143
8 98
131 137
6 4
10 62
6 51
121 130
74 4
9 192
79 123
173 8
54 10
8 1
172 9
79 172
100 4
43 2
9 6
4 32
130 8
118 39
126 2
9 60
66 149
157 70
136 87
182 2
124 7
4 189
88 150
14 130
3 126
10 55
107 2
18 1
2 76
1 112
5 35
75 8
8 26
200 14
9 194
7 137
106 160
40 8
25 7
5 2
175 163
7 33
8 168
95 7
3 168
8 176
164 4
110 2
200 196
7 2
189 4
109 110
83 4
8 179
71 134
8 192
7 1
1 181
5 174
89 136
131 124
5 8
67 15
160 5
72 3
98 180
102 175
5 98
135 115
45 6
88 7
8 6
2 145
107 126
190 10
66 5
32 2
1 165
4 6
7 5
30 1
9 67
10 1
35 1
77 66
39 45
7 3
1 57
104 2
1 8
185 132
145 1
36 197
57 182
10 1
18 24
37 47
150 5
179 169
98 7
81 10
4 2
166 27
27 105
34 46
71 85
118 21
169 8
169 10
5 3
139 107
178 5
22 3
48 9
156 10
143 10
6 5
103 7
8 7
142 39
10 6
6 199
77 58
89 104
9 41
6 4
44 64
13 144
158 9
10 85
2 94
131 66
3 77
118 54
155 9
4 1
10 191
192 6
3 7
110 23
7 9
2 10
31 185
103 9
197 162
8 63
65 5
52 67
85 77
182 10
90 61
38 7
164 9
189 34
4 1
3 87
6 2
171 199
5 146
69 23
2 9
71 176
17 6
4 147
7 90
57 10
8 28
4 7
103 5
106 9
51 3
9 128
94 8
4 99
9 6
1 10
1 8
4 156
6 199
15 85
27 145
6 5
7 2
113 166
1 69
145 165
25 90
72 7
71 8
6 1
1 178
6 188
6 38
115 104
6 3
30 98
9 1
78 154
6 185
1 198
191 1
182 147
4 8
5 6
14 82
106 33
23 114
7 9
186 145
164 165
142 8
3 7
53 3
127 114
8 5
101 187
27 2
4 3
5 3
99 154
125 182
199 23
58 30
26 20
115 9
1 50
9 189
5 41
196 4
117 1
2 83
186 35
112 8
3 110
4 2
151 4
5 8
2 102
2 89
1 4
60 10
30 2
6 196
10 149
5 127
69 10
96 141
9 133
140 7
2 93
6 10
9 5
3 8
2 7
9 117
165 136
161 83
2 9
6 5
1 6
175 108
67 7
195 1
7 9
3 140
115 163
67 8
87 53
6 172
10 70
6 104
8 1
129 2
5 6
70 65
10 6
82 29
10 1
66 52
99 27
166 2
45 10
4 7
45 167
6 128
32 7
170 2
72 1
1 105
3 6
21 2
191 187
9 67
7 10
130 61
46 171
7 117
8 157
79 8
47 81
1 46
4 27
72 4
125 3
1 2
70 165
8 1
133 182
140 7
167 8
1 4
2 60
9 7
4 36
178 6
5 49
10 110
84 190
10 191
116 5
74 8
92 86
5 7
7 196
141 5
3 2
8 5
71 7
1 60
57 4
10 199
192 188
119 110
89 9
3 182
38 176
15 5
2 29
15 109
121 56
2 8
126 9
2 8
174 52
101 47
9 4
117 5
10 180
151 137
2 113
10 4
8 10
121 10
147 5
176 83
86 6
120 6
166 9
2 144
9 112
187 2
107 186
56 54
8 97
145 36
102 4
9 2
9 86
200 7
4 10
186 141
196 194
5 98
6 153
4 9
9 7
2 46
10 196
105 3
84 9
3 5
93 53
49 53
3 8
67 13
144 105
6 116
50 46
2 3
85 6
6 150
6 173
9 4
7 183
10 8
200 97
92 8
5 194
192 4
10 56
122 8
4 113
4 200
86 1
2 21
136 16
9 138
5 24
10 2
10 8
94 1
8 7
58 5
3 4
9 47
94 161
9 25
164 32
2 58
4 6
155 81
4 7
190 165
1 140
60 2
115 118
116 8
1 3
24 7
9 5
3 114
21 8
7 69
4 75
164 166
9 3
8 126
7 131
60 4
1 2
170 175
4 2
8 134
1 8
89 8
48 147
88 8
54 44
159 31
162 2
157 7
144 127
10 75
6 9
121 8
4 34
141 10
42 186
94 4
4 36
3 186
161 83
8 9
4 102
8 65
168 2
78 90
9 16
3 142
185 8
6 1
3 2
8 10
144 4
4 1
6 68
57 1
5 144
18 53
25 137
142 74
141 177
68 9
10 8
35 78
5 10
8 6
76 7
47 10
33 169
4 86
70 21
180 6
8 62
2 152
8 84
6 4
8 196
103 7
8 2
89 4
3 5
84 3
9 157
26 8
44 31
125 10
6 181
160 25
38 6
156 3
166 4
10 3
78 131
126 162
9 112
6 155
4 8
16 5
167 198
6 198
6 83
7 99
77 138
177 119
182 6
26 106
5 6
10 130
36 8
3 11
3 5
112 149
153 118
64 103
129 55
1 9
5 143
100 6
131 9
8 10
43 63
2 77
140 10
6 116
6 187
10 6
2 108
67 151
6 113
175 118
46 2
3 9
125 72
166 37
42 11
60 16
5 9
7 105
96 117
109 156
25 197
196 92
7 85
149 4
71 43
7 9
4 196
8 4
2 3
9 3
171 9
106 7
174 4
2 93
33 9
55 155
47 65
3 10
107 2
37 5
7 56
2 44
81 176
7 10
97 111
9 26
3 152
5 39
6 133
131 13
50 6
25 1
3 46
10 101
168 10
167 7
4 5
6 3
140 11
133 6
5 10
27 1
2 90
127 172
37 129
6 8
5 156
177 2
1 52
10 66
44 1
5 2
175 174
107 6
5 8
5 135
7 40
27 2
1 43
4 102
5 122
1 7
9 2
10 72
75 8
8 7
3 5
2 6
5 136
8 7
7 44
58 7
1 196
68 9
85 24
106 10
10 164
10 168
100 183
139 10
28 86
171 23
6 4
7 9
85 9
4 10
8 145
28 31
5 170
2 3
9 5
1 98
38 3
1 7
36 180
197 95
5 23
3 4
1 47
6 3
2 187
8 109
6 4
62 70
6 5
5 159
7 186
142 8
4 156
1 7
97 7
3 144
1 185
5 10
86 154
103 40
7 3
176 31
157 7
90 8
160 177
8 70
154 79
1 2
7 59
62 35
9 10
174 6
4 2
32 86
6 78
6 9
7 9
137 3
154 108
52 163
133 7
34 9
7 67
9 7
168 2
7 2
8 2
3 8
106 118
5 66
7 6
140 8
7 37
4 128
9 72
62 1
13 2
9 44
92 7
123 38
104 8
8 3
19 2
29 7
6 4
180 2
164 85
7 4
186 33
133 3
33 6
20 9
87 7
36 7
104 18
159 198
3 48
9 31
103 1
67 50
8 4
106 37
6 200
2 9
155 1
9 10
1 99
46 8
152 3
65 10
8 110
49 66
177 181
164 116
51 9
78 1
104 128
4 6
9 60
105 137
2 114
100 6
30 64
7 5
144 40
115 1
48 7
112 1
41 2
2 10
1 162
87 8
64 18
19 8
1 24
26 148
37 8
90 148
102 7
79 127
73 9
135 4
8 2
3 139
137 1
104 7
33 149
16 190
34 2
1 3
162 164
1 3
7 114
181 4
9 4
173 156
8 141
2 1
1 29
5 21
9 68
17 43
1 6
172 10
190 24
196 7
10 7
97 6
5 110
10 7
1 94
96 6
193 1
34 6
6 4
198 179
73 3
42 166
166 68
125 143
85 1
90 8
88 4
8 4
124 2
166 2
3 128
15 108
153 70
108 4
1 92
8 33
7 4
47 6
156 7
155 22
143 3
5 10
175 4
13 45
9 10
38 106
167 184
187 21
8 62
112 6
122 91
8 162
7 4
45 5
81 33
123 8
163 5
143 138
78 3
173 7
5 165
25 60
2 3
9 147
158 2
9 85
139 3
51 142
1 2
1 5
10 8
3 10
1 61
64 40
6 3
8 92
70 24
79 6
1 74
125 151
4 3
83 4
196 99
13 24
116 4
197 169
7 10
44 193
72 154
4 1
8 9
152 1
175 46
143 7
10 135
134 156
64 2
6 1
187 31
130 35
194 2
193 8
5 142
8 176
111 4
2 62
8 10
14 15
111 1
3 7
148 120
1 121
3 51
28 165
4 9
4 180
70 4
2 8
4 110
6 8
25 142
92 8
39 64
2 26
8 6
189 85
8 42
167 127
1 120
8 88
7 172
2 8
6 59
1 5
3 10
10 7
10 1
181 87
108 2
6 20
197 14
80 28
4 1
7 118
9 10
8 4
17 186
144 6
186 33
138 197
149 7
10 5
9 135
4 1
9 5
7 9
1 184
2 5
33 4
2 57
12 108
3 1
1 2
10 165
194 48
9 117
193 90
4 9
103 53
8 5
58 132
121 161
199 10
84 140
24 10
6 3
191 200
89 151
27 128
106 137
3 70
28 54
3 156
128 176
184 189
104 10
133 5
165 8
42 5
79 8
190 173
5 21
57 186
81 67
8 92
162 7
1 10
76 5
98 14
35 42
6 34
105 149
2 4
1 188
3 153
92 7
4 22
32 1
41 3
10 6
133 173
91 7
109 5
121 2
2 159
9 36
3 7
4 2
20 2
6 2
7 1
197 7
10 7
158 3
1 37
115 86
3 6
42 3
6 2
2 8
105 135
134 10
10 2
150 9
10 119
54 105
8 3
185 2
8 72
189 1
4 9
2 4
93 8
9 63
10 142
53 9
139 1
117 7
159 134
8 46
16 48
91 108
4 17
10 96
2 10
6 38
169 10
8 9
62 3
3 5
56 3
10 6
106 6
1 6
15 32
123 138
119 1
2 3
4 6
3 43
170 10
31 1
8 10
43 190
4 36
10 5
2 130
132 1
61 7
12 83
187 4
9 6
2 4
3 185
125 2
117 4
8 105
118 112
28 8
2 130
9 25
84 73
4 102
8 106
3 7
115 16
8 95
6 21
1 179
57 180
6 7
8 5
3 5
10 9
136 175
6 136
198 113
53 3
131 62
5 1
57 4
8 4
121 3
3 10
8 2
5 56
17 70
160 177
7 16
136 63
9 13
127 70
6 88
52 7
5 2
6 10
8 183
2 9
1 9
3 10
173 4
182 172
109 9
7 6
8 6
169 166
75 8
9 5
152 169
2 189
8 2
136 2
105 5
86 110
196 6
175 3
123 2
71 10
4 115
102 100
9 10
5 170
1 2
5 6
7 109
115 145
183 115
1 5
1 169
164 173
3 6
131 10
7 127
183 42
5 31
9 7
12 3
24 62
3 10
12 8
4 19
100 140
154 10
3 4
42 6
9 5
7 9
2 149
5 4
107 113
7 54
87 2
6 7
2 7
2 4
160 4
107 7
5 8
7 88
62 129
8 64
5 2
2 38
47 10
3 131
136 53
3 10
8 31
5 7
10 182
13 3
4 2
3 9
58 3
34 38
68 8
2 8
171 4
33 3
76 171
184 4
1 3
3 8
138 12
152 63
8 80
164 181
130 8
3 7
57 27
6 166
1 59
113 9
170 195
113 2
5 164
171 66
8 86
191 189
167 18
67 3
8 10
153 4
8 1
31 115
122 57
7 72
156 3
68 6
144 127
4 64
11 6
3 37
35 60
1 156
69 93
14 5
64 9
16 102
1 6
155 101
71 188
7 4
3 8
7 8
1 5
10 6
66 3
8 1
80 5
18 149
14 83
10 7
96 1
101 4
9 1
1 6
188 5
3 10
141 10
1 37
6 30
168 195
178 189
96 185
9 10
176 2
62 164
192 16
5 10
3 10
7 178
7 197
9 80
1 32
144 168
7 10
2 3
166 10
139 10
4 109
67 83
188 5
9 1
182 124
100 83
19 6
69 141
6 119
96 7
4 5
4 1
1 9
3 158
7 1
8 1
140 8
172 114
1 7
7 78
36 155
191 171
3 76
43 2
8 4
4 68
45 3
92 91
176 1
8 199
9 166
3 2
2 5
38 4
91 2
5 157
10 8
10 99
6 9
1 192
9 88
141 7
3 6
92 149
3 1
192 38
10 2
20 37
194 2
82 4
9 41
10 3
10 133
91 150
59 2
160 39
95 73
185 8
167 4
6 3
163 1
8 6
58 1
33 169
8 4
143 7
7 31
2 102
5 6
44 5
8 87
135 32
35 5
1 2
1 116
5 6
10 1
179 7
10 165
8 10
18 10
2 7
10 2
149 5
8 10
2 163
4 113
10 98
14 3
1 42
83 69
10 20
8 7
158 10
8 56
10 146
2 7
8 73
71 66
135 7
102 7
89 6
4 9
7 8
4 132
6 3
3 105
175 6
185 156
19 1
3 189
155 10
8 70
1 2
126 4
5 23
71 7
116 5
193 156
182 166
10 2
81 121
4 174
30 59
177 130
114 183
68 9
60 5
37 199
5 60
48 80
4 3
165 184
21 140
81 15
23 47
7 37
2 99
104 53
9 10
2 59
5 151
16 9
10 2
151 193
81 12
1 7
42 195
1 4
165 1
2 130
182 7
6 4
53 4
7 148
2 129
3 10
121 3
88 110
24 126
170 187
9 121
46 10
4 9
6 10
113 2
48 6
8 89
5 128
89 59
9 8
8 3
75 151
3 4
104 10
8 4
196 5
94 5
95 150
52 10
10 9
10 9
1 12
112 115
63 29
139 176
5 66
189 5
8 149
4 5
185 5
1 25
22 3
3 44
83 4
8 7
4 7
3 9
73 3
3 1
7 102
5 8
67 177
4 7
7 8
186 10
29 190
150 8
118 9
166 1
4 6
10 4
71 5
3 1
4 87
10 186
10 145
8 130
2 3
175 2
156 50
111 10
8 39
58 90
105 7
9 5
52 108
9 29
5 155
26 72
22 7
9 139
3 192
7 6
71 4
89 8
163 121
197 1
5 2
4 36
8 10
116 123
10 132
164 100
169 14
4 33
36 10
121 192
150 42
2 6
128 6
5 130
2 151
121 109
6 2
10 8
120 25
62 96
5 100
2 7
8 23
4 136
66 4
44 2
119 11
2 33
7 2
8 36
7 177
183 35
9 62
8 178
1 5
3 10
195 81
5 68
12 185
5 187
95 193
6 134
9 41
8 1
10 32
109 172
5 8
126 172
2 13
153 198
10 1
58 77
121 5
8 33
8 79
42 10
3 39
9 5
6 9
9 4
35 59
10 76
10 55
40 2
7 108
180 10
3 72
8 6
2 58
178 8
3 120
3 71
94 199
66 3
3 8
4 130
123 6
11 28
110 198
2 9
111 1
2 3
60 9
119 1
135 4
183 6
9 5
2 4
61 10
5 4
7 2
121 4
43 6
114 10
6 174
9 58
129 93
4 3
5 10
54 50
28 10
5 35
7 2
3 10
10 102
4 2
6 29
68 5
5 21
5 2
5 2
186 2
65 10
123 4
148 6
5 2
3 1
191 3
121 2
1 8
25 118
98 162
6 5
6 10
33 61
156 1
7 10
4 3
8 9
9 3
188 11
186 199
2 151
8 175
109 3
27 3
5 2
1 65
37 137
199 4
170 75
2 3
6 4
128 8
32 45
85 113
6 3
47 5
10 160
1 9
36 45
60 125
7 8
58 69
3 5
53 3
5 46
65 36
192 64
8 23
164 5
1 99
180 7
27 160
106 196
2 4
91 10
195 2
59 9
49 161
45 7
98 144
7 1
126 124
182 122
144 2
118 74
153 10
197 44
26 178
39 35
10 4
1 174
8 104
143 67
10 3
190 7
8 7
4 8
8 10
50 3
109 4
9 4
5 9
138 153
52 2
100 89
17 5
112 65
81 10
7 5
4 182
24 193
9 38
7 90
67 8
4 8
99 83
4 1
10 36
3 178
5 1
3 9
162 9
153 44
5 2
185 7
173 7
189 128
155 9
185 2
10 147
180 7
7 2
10 4
176 71
106 15
10 200
23 174
6 18
164 3
116 40
69 2
99 7
6 7
98 32
188 3
17 138
8 92
9 3
10 2
144 10
4 5
10 45
9 142
163 151
2 30
200 99
2 131
47 2
8 192
187 169
121 88
108 51
6 2
66 7
10 5
7 119
2 141
89 7
87 4
8 2
21 2
36 48
39 123
106 71
119 176
5 10
34 29
25 24
52 136
1 94
1 53
178 136
9 5
78 169
200 56
76 9
89 9
2 10
68 69
79 163
185 9
27 100
1 85
52 6
18 111
8 10
167 7
4 8
130 37
2 3
7 75
100 8
6 25
52 8
46 9
106 9
3 8
3 2
76 135
10 5
88 1
6 145
8 2
12 184
8 36
4 5
26 1
5 4
22 93
2 38
2 1
55 6
199 7
16 4
145 6
92 5
143 44
1 51
4 148
52 20
10 3
8 84
3 198
122 107
7 13
7 5
28 1
148 9
72 8
8 7
98 22
25 3
200 192
64 4
106 46
2 165
184 10
134 130
135 4
52 3
1 144
10 45
4 145
119 9
142 192
5 193
68 3
10 51
161 45
158 85
61 27
49 100
97 4
44 1
10 108
4 9
40 6
157 1
52 6
2 4
77 5
103 10
9 138
8 5
7 4
6 38
108 2
7 103
123 95
49 37
2 170
97 137
3 110
10 146
92 179
10 3
40 1
4 199
7 65
6 124
3 1
9 72
90 3
7 3
121 17
7 116
10 123
80 10
1 64
10 59
10 1
42 163
197 148
7 56
105 59
151 4
7 183
135 29
120 63
73 7
10 116
2 8
146 7
75 4
175 117
6 146
20 5
7 78
1 2
93 116
2 8
109 7
10 2
112 132
190 3
4 11
8 4
145 111
52 2
1 6
135 5
48 5
90 75
6 63
32 98
10 7
98 8
102 23
110 60
158 72
183 3
48 5
1 2
74 8
20 4
10 4
179 2
10 6
6 182
49 98
65 150
10 4
124 9
169 101
3 15
9 1
166 3
3 2
135 103
43 8
45 7
200 198
8 3
1 71
10 35
89 5
24 171
3 8
2 1
9 143
3 151
8 46
2 8
133 155
7 10
6 7
5 7
5 156
99 151
177 105
7 71
115 126
104 10
79 4
169 10
9 7
97 119
8 73
16 7
88 120
7 4
137 159
158 9
2 189
62 4
5 53
2 7
3 9
171 5
7 1
9 164
2 185
94 69
12 172
67 4
5 76
45 4
18 52
5 2
3 161
1 44
22 13
10 91
71 2
155 61
60 14
106 4
66 18
115 1
128 4
13 7
5 184
56 8
93 7
7 29
26 152
8 174
156 114
10 5
29 8
9 10
192 133
36 7
27 193
111 100
56 10
88 169
1 143
39 57
1 111
129 99
155 8
3 69
121 2
112 3
183 1
111 10
9 10
91 131
170 52
8 4
140 110
68 89
9 119
35 43
174 1
88 11
68 126
53 74
95 8
7 1
65 7
40 45
4 186
106 2
42 16
102 149
133 9
99 8
74 101
39 4
3 52
2 83
9 48
114 1
5 10
7 14
119 9
2 183
6 96
112 25
117 182
3 89
89 45
118 6
148 4
80 4
129 45
6 1
10 170
144 1
4 3
61 1
105 60
171 116
117 84
80 152
164 1
61 9
34 20
65 7
42 187
73 2
16 7
72 50
6 5
10 135
71 6
174 16
177 5
8 98
145 131
4 24
92 111
1 50
56 5
81 74
195 2
10 174
10 3
3 8
4 3
124 107
3 101
57 185
126 6
20 166
181 4
5 9
153 3
9 143
2 80
1 5
2 3
9 3
125 9
61 4
186 9
155 5
3 191
8 2
7 188
9 3
7 6
90 60
101 19
3 106
27 128
8 11
1 6
162 137
45 2
3 2
4 180
34 127
5 11
16 10
8 198
183 199
8 6
1 7
9 167
95 18
6 9
3 93
2 104
128 9
2 181
27 82
191 9
3 186
157 10
3 199
12 6
177 173
9 128
117 2
159 47
134 7
1 137
56 76
193 116
113 9
178 113
10 178
6 4
183 3
10 19
2 8
80 169
51 10
174 19
2 7
104 7
46 51
199 75
175 7
1 91
8 147
2 191
142 64
3 7
62 6
198 2
95 24
7 22
156 10
70 31
2 8
30 184
81 20
4 98
185 159
6 8
123 7
200 5
1 147
6 8
62 195
1 79
7 46
6 104
10 153
14 8
17 8
135 7
86 152
2 125
7 62
2 115
59 8
9 3
155 43
188 8
37 4
2 6
92 90
31 118
139 32
26 110
8 141
91 10
3 158
4 3
49 104
170 9
151 153
6 5
9 90
127 8
181 3
3 7
10 126
10 75
5 26
148 65
181 6
64 7
108 35
141 6
8 170
7 3
30 1
84 61
10 59
98 61
68 9
173 127
64 107
81 163
193 4
3 26
6 3
114 142
1 5
10 6
193 2
4 1
7 31
173 19
114 2
5 188
9 7
7 6
16 6
25 8
14 4
193 5
129 85
13 8
6 105
118 2
8 7
7 94
166 8
147 192
6 3
16 4
10 157
153 2
124 10
29 7
146 199
4 1
134 197
4 49
8 6
131 7
60 116
70 1
7 1
152 1
94 130
1 67
90 108
3 9
111 93
84 32
98 5
1 30
1 7
3 121
6 1
148 15
5 47
7 41
103 6
17 4
42 8
175 129
7 3
112 10
8 137
197 173
195 2
2 4
6 81
105 193
9 103
4 109
5 9
6 103
15 137
10 115
121 3
165 10
10 115
1 99
7 137
4 157
186 85
9 3
150 7
9 3
4 10
41 98
39 29
6 14
5 6
26 10
5 99
170 30
8 39
156 5
70 3
38 5
145 4
6 5
66 6
176 9
59 154
4 53
39 95
9 4
10 5
76 1
4 47
120 7
128 200
159 2
146 8
133 10
8 10
169 3
43 6
4 87
1 3
10 178
5 10
159 26
170 9
122 3
174 96
5 102
119 39
39 134
2 179
96 6
10 95
4 7
89 2
137 7
5 4
190 8
53 46
104 5
6 1
34 6
28 3
189 104
145 130
9 8
3 180
5 10
5 97
7 170
156 1
183 7
97 2
2 51
146 7
194 75
6 7
8 10
16 2
