200 300 4 10000
75 26 305501
122 90 638543
7 59 404650
144 104 126588
66 137 669939
180 182 674788
192 80 505686
16 27 100061
3 59 913059
170 38 921260
1 183 613304
154 1 676126
4 44 892183
120 3 952544
59 34 117289
4 87 668776
146 3 723195
175 113 9660
196 4 894645
168 30 681165
94 76 95459
1 62 391327
72 118 19187
1 130 699126
124 82 889461
61 85 226690
9 170 515246
4 143 980983
144 14 524511
129 82 930433
27 42 202159
112 1 387038
167 99 715842
177 72 830371
33 4 900881
170 49 61358
1 108 846274
66 3 543257
45 193 345753
39 34 738098
20 110 11451
119 160 766031
109 42 843337
193 4 491384
121 186 782737
2 110 229341
107 132 671296
161 164 714521
96 152 948307
85 195 233206
11 75 583128
95 106 611522
165 116 517520
3 181 655471
4 103 624952
158 56 360874
1 200 571262
54 109 295741
48 20 188592
187 95 670003
75 2 731764
80 78 551267
2 133 433231
4 127 943247
141 10 111524
136 139 915597
106 118 524490
143 12 850862
118 185 848345
118 14 497194
106 72 762354
195 127 626171
138 1 870703
174 22 843812
42 124 349833
3 25 268698
99 60 315354
113 4 295519
1 80 508670
197 200 820976
104 105 909420
85 196 539081
75 198 578081
14 29 102276
86 156 58377
56 28 680126
177 165 500924
32 144 720644
6 1 961668
64 31 739928
131 154 714595
161 2 500723
78 2 356236
104 4 10006
25 2 867428
181 18 795963
190 196 736692
29 107 261976
24 98 771374
111 104 895270
20 132 621785
16 168 862827
76 56 253294
196 106 90846
115 1 436988
2 54 623431
55 1 447222
4 154 255198
126 26 98819
150 110 178363
122 189 357018
165 128 715628
193 144 108119
8 139 189991
186 200 503560
1 30 413290
33 180 484876
158 184 341109
115 148 599743
192 1 704403
2 123 23066
192 95 721094
1 76 335654
14 4 713197
59 159 763418
54 5 558932
139 13 570962
1 90 754428
98 160 661181
124 103 428605
175 56 535259
145 1 803260
12 183 41615
3 12 541046
147 176 756583
139 1 424975
114 94 921503
41 158 26318
1 136 699509
58 3 130853
3 189 761579
150 49 772559
79 48 948812
123 137 81144
127 54 547170
164 2 859823
108 137 732728
126 1 920303
4 104 166565
53 14 266113
73 109 622900
91 13 534017
194 125 345102
21 165 627372
133 126 427145
173 84 58209
25 26 894596
34 39 413718
165 180 135503
18 75 204366
1 16 888716
199 4 709395
166 15 353811
96 2 987451
4 71 867227
56 154 991838
105 27 336142
160 62 407608
164 145 326779
3 168 279025
35 81 83118
155 3 813471
160 71 817391
138 112 361511
191 150 41688
107 2 770818
4 155 162567
175 145 824309
171 190 561850
99 66 983146
87 2 892448
9 4 89964
37 43 645250
192 198 623157
46 2 321584
132 178 587759
133 142 289311
30 192 451488
148 137 34801
169 78 128975
126 114 433821
23 3 81091
97 174 735255
27 34 292523
116 85 599370
189 4 477256
4 184 345726
84 198 540831
40 177 444925
3 1 548773
171 35 935632
2 75 350197
57 140 136383
21 155 334890
158 63 71587
2 34 92640
87 165 718665
188 195 970627
137 157 95885
178 186 701930
49 154 961677
68 2 782089
173 102 131571
86 66 790116
47 151 817641
140 129 437363
185 97 330709
3 106 316876
98 146 228139
169 175 425927
13 2 601120
2 112 865164
136 46 157520
169 2 751034
63 135 727522
1 124 620094
98 133 347573
13 91 407969
72 171 650247
120 119 716720
3 10 683927
33 70 764116
171 136 774379
47 72 52898
62 117 735550
175 34 314120
1 191 267488
155 105 501995
27 4 838754
129 40 508095
29 2 54707
70 134 27597
190 152 5099
90 199 666800
120 113 284344
4 72 66988
182 19 697075
85 2 922371
54 1 729203
22 4 928076
129 3 43738
2 184 932002
5 119 363634
4 162 547936
18 59 646731
60 4 249035
183 133 617085
27 145 879403
184 1 861806
79 47 714639
104 3 286685
141 140 561885
195 174 111644
110 2 717561
16 145 553827
1 41 785144
32 182 247728
3 16 940373
132 110 893688
138 169 583620
143 71 66195
3 172 495811
188 156 274977
169 10 865473
191 193 251023
117 4 739182
125 3 516693
4 54 290974
33 141 562496
4 185 389340
186 188 384422
15 3 405721
118 161 270360
2 72 265094
131 127 927452
191 74 992
126 185 491813
166 16 873607
3 52 526862
145 161 650243
166 2 867149
95 3 361609
102 2 749339
66 136 521967
3 34 761603
3 84 264264
8 130 69678
168 80 118152
75 16 732980
187 40 771460
195 1
69 180
124 2
80 1
1 52
3 1
116 8
108 51
4 2
2 4
60 4
136 165
170 66
1 4
2 57
4 190
4 3
3 4
101 132
2 165
97 12
23 1
4 157
2 4
55 3
1 150
160 4
4 3
4 134
150 3
126 95
190 2
27 4
107 1
51 41
3 2
3 1
9 166
68 33
199 59
3 175
3 54
33 2
3 4
68 79
1 94
1 175
141 4
155 4
113 3
42 1
81 108
4 12
34 100
105 154
1 3
2 4
91 199
4 2
4 89
103 195
1 119
4 162
17 1
3 2
4 2
2 3
3 2
118 3
145 85
3 4
177 159
37 2
5 4
2 147
75 64
109 2
103 2
35 168
4 52
194 65
1 37
1 43
20 49
151 166
36 1
87 3
74 92
158 4
4 55
2 4
168 3
67 98
2 4
3 71
3 18
138 194
2 4
3 1
83 70
168 77
2 173
142 4
4 3
4 1
2 8
133 2
3 32
2 197
2 177
4 40
4 59
148 3
1 22
182 4
61 1
22 3
4 2
156 2
65 49
1 2
2 88
181 98
4 183
4 1
2 4
2 126
26 3
72 4
137 141
3 127
2 181
98 74
1 67
3 64
95 108
68 2
3 43
2 3
187 1
4 2
127 1
81 160
2 7
112 4
4 68
3 4
1 161
8 39
2 80
143 67
63 1
196 2
3 8
150 22
109 1
1 60
2 194
80 103
58 3
1 9
1 3
99 2
121 1
177 4
1 4
8 72
109 79
2 44
4 181
1 14
9 2
2 93
3 4
137 3
161 2
1 2
197 2
3 4
127 129
2 3
7 4
158 4
1 103
3 2
142 3
1 4
3 153
181 42
196 2
1 83
2 4
3 81
99 82
186 149
115 93
145 14
105 4
70 1
1 19
134 3
20 2
3 182
196 1
167 2
191 1
23 4
4 2
154 174
95 3
55 109
3 89
2 3
2 153
3 4
36 2
19 70
49 153
81 98
192 45
43 173
3 179
4 3
52 127
36 154
1 2
1 3
1 114
129 186
111 85
108 113
11 3
37 4
1 28
1 26
3 150
161 4
1 4
4 181
1 97
3 4
161 1
4 1
3 26
4 156
173 2
65 77
104 42
4 139
98 3
4 105
4 1
110 2
4 2
1 45
174 1
3 4
1 4
44 35
3 4
2 189
196 2
132 4
4 2
2 51
3 148
127 177
65 155
2 3
26 1
166 75
58 144
47 1
4 160
76 80
146 56
192 3
122 3
4 43
4 100
4 152
7 4
164 103
4 129
199 5
4 2
3 4
115 3
138 24
141 73
17 85
1 3
1 80
60 1
2 4
4 76
139 1
188 4
162 2
1 10
2 67
3 2
1 195
2 164
94 2
1 139
3 1
4 10
195 2
4 2
162 3
3 164
121 94
134 99
4 1
4 2
68 4
1 6
4 147
50 1
142 160
4 169
3 4
4 196
3 8
121 108
2 45
4 106
200 24
4 1
3 187
1 189
66 3
185 101
2 48
125 4
3 73
2 1
4 2
63 175
1 24
2 4
130 4
4 5
24 170
3 2
2 1
52 30
43 124
4 196
3 193
192 1
199 121
124 19
2 4
49 4
149 3
4 27
79 2
175 1
188 3
5 3
66 2
146 4
1 110
42 37
3 167
64 1
1 75
3 4
2 23
172 177
17 3
158 159
70 115
3 130
1 44
4 1
86 4
3 52
97 2
168 82
2 65
1 2
43 4
63 140
94 3
4 77
4 11
8 16
154 4
138 7
120 130
2 186
82 61
1 4
164 159
46 197
3 32
2 96
3 140
174 3
100 32
139 19
112 10
186 28
138 103
98 177
174 130
2 1
163 135
133 166
139 4
66 3
24 26
115 1
1 3
2 165
25 2
3 190
3 99
100 3
124 27
2 111
4 190
2 6
1 3
30 54
1 69
39 84
119 107
2 27
3 1
127 73
4 32
2 147
1 156
69 2
2 200
4 158
2 4
1 177
111 160
2 141
1 2
2 20
121 184
132 4
2 125
2 49
190 95
4 23
2 108
1 85
104 1
110 20
1 3
176 1
4 121
75 126
25 156
75 1
1 22
2 3
139 2
2 3
171 2
3 76
2 59
2 192
104 1
189 2
1 86
186 1
4 155
2 199
4 3
61 1
3 18
3 1
187 112
33 1
33 120
3 199
132 4
2 172
141 98
3 2
132 4
96 4
3 124
101 2
3 179
108 124
200 3
4 177
13 158
3 18
3 59
107 4
3 91
181 43
2 62
41 141
1 151
193 36
135 87
3 187
2 34
4 3
3 2
76 101
45 96
3 53
3 78
17 3
162 4
11 85
54 116
154 4
174 1
4 3
66 152
24 152
90 54
161 4
125 26
141 1
1 74
76 2
150 2
129 19
2 81
58 200
2 22
3 2
4 183
3 4
1 3
4 101
46 92
72 19
171 164
3 1
3 2
2 1
1 169
154 1
1 4
2 80
151 42
2 154
3 2
79 158
123 4
58 1
195 169
90 187
144 3
139 145
99 4
3 99
95 2
49 1
4 20
169 179
1 3
65 3
1 183
42 196
76 4
1 3
3 2
2 113
2 4
154 88
195 157
75 62
115 129
96 120
106 54
131 3
2 75
1 2
3 186
4 99
2 4
2 3
89 4
176 104
26 2
3 19
119 170
105 1
3 126
145 4
169 29
71 185
1 129
36 8
3 32
2 36
157 2
47 67
33 115
37 93
80 122
1 2
183 59
56 51
100 40
2 133
180 1
90 2
188 4
2 4
6 120
2 178
2 142
7 2
57 1
105 1
2 59
4 3
85 4
3 147
2 82
171 159
43 3
1 3
68 4
190 191
15 64
27 4
4 3
3 163
71 4
22 1
1 3
4 2
97 31
1 196
140 1
3 166
2 41
14 38
109 43
2 116
2 1
2 1
84 4
109 1
1 37
187 111
2 114
66 3
1 51
170 18
84 1
48 124
2 1
3 1
4 3
152 1
2 4
185 2
51 189
1 4
1 143
172 4
26 2
3 4
184 2
1 85
1 4
1 2
3 94
3 147
4 2
1 106
114 1
4 128
41 4
101 36
73 167
2 169
28 1
155 58
4 127
2 170
113 70
3 4
3 125
82 4
3 28
4 2
3 110
197 3
133 4
117 119
3 81
76 4
1 93
91 2
125 3
176 4
149 1
60 108
185 13
48 57
2 150
106 146
184 72
70 2
69 2
4 3
3 1
153 101
1 85
1 45
163 133
120 189
4 18
107 4
196 168
2 1
197 125
3 2
2 4
68 86
51 2
1 194
4 136
50 189
3 15
3 84
2 128
123 28
32 3
3 4
179 4
104 3
25 41
141 115
1 125
54 2
2 169
1 124
4 156
68 2
95 4
13 76
180 93
39 3
3 102
75 183
1 3
14 3
23 1
161 1
188 3
155 4
116 4
3 31
28 47
164 118
2 3
3 49
56 1
4 132
2 4
61 2
1 2
198 1
1 19
27 1
1 2
176 140
3 189
104 4
135 4
73 5
2 4
159 162
91 3
4 151
2 1
17 14
2 3
3 66
89 190
3 6
144 148
3 4
125 1
127 106
179 3
81 109
1 63
190 34
8 3
83 73
148 188
112 3
3 29
2 144
111 48
3 77
60 4
141 100
2 4
69 3
165 4
4 28
1 16
37 2
9 1
3 35
147 2
169 20
125 100
142 1
2 137
3 2
3 64
187 169
16 77
1 132
16 124
4 181
37 3
142 3
3 21
3 179
109 1
158 64
104 4
194 3
9 3
29 4
2 15
73 131
70 187
62 1
2 44
153 116
133 3
64 145
3 176
173 14
78 177
177 1
4 148
164 82
4 2
138 1
121 124
2 31
3 1
3 83
2 102
132 46
77 170
146 3
3 87
1 122
102 2
33 1
1 3
161 2
158 42
172 120
21 1
160 1
4 2
96 4
2 3
80 130
80 20
1 4
88 103
27 81
61 2
1 106
3 4
2 87
115 192
3 2
3 4
34 1
9 3
4 1
129 85
16 19
2 107
3 90
4 101
97 1
4 131
1 58
198 56
48 3
54 4
3 101
143 2
77 3
4 2
129 2
32 1
114 1
152 28
1 3
2 8
12 140
3 2
2 1
89 1
27 192
189 4
65 4
163 59
4 1
1 4
3 161
4 81
2 4
163 1
72 132
94 86
3 63
168 137
198 3
3 2
3 98
4 124
88 2
28 99
1 4
4 3
125 4
4 1
3 68
3 136
1 31
3 12
3 1
200 3
123 4
4 1
145 3
77 2
4 35
28 133
3 127
1 4
33 41
72 1
70 3
3 144
174 62
3 2
122 88
139 161
168 109
16 200
186 1
124 3
2 159
4 75
12 3
152 2
1 163
89 2
2 4
3 1
132 126
179 51
4 117
3 118
80 192
69 3
1 100
3 4
141 200
3 134
2 169
1 12
2 28
3 2
179 164
103 168
2 90
1 2
4 51
16 4
3 6
194 2
128 3
3 25
34 4
17 119
99 191
1 3
174 132
4 33
1 3
93 178
3 175
158 133
193 118
182 59
85 84
2 36
76 2
4 1
3 175
147 197
10 1
87 94
50 4
1 3
81 3
1 55
75 2
1 4
4 2
106 18
41 156
102 105
161 3
118 1
28 3
59 3
87 23
154 2
1 4
4 3
64 111
4 129
104 3
2 21
2 1
101 45
171 2
3 2
4 120
67 3
1 2
1 31
22 4
2 123
197 181
128 8
138 79
102 107
2 128
184 3
62 3
156 4
4 30
106 1
168 4
3 1
161 200
3 4
4 118
2 3
53 1
1 4
179 91
25 3
60 30
45 38
2 21
64 1
1 50
3 46
31 4
2 3
167 10
127 187
67 2
3 2
99 1
2 126
159 1
71 2
4 149
109 123
175 19
88 3
1 166
83 18
2 4
5 191
91 2
3 4
22 2
66 178
54 2
32 3
179 3
3 198
4 3
15 162
1 175
34 149
151 3
179 3
132 133
57 122
68 27
3 46
187 26
2 193
4 165
1 4
4 149
161 2
3 2
2 4
94 121
3 90
3 5
61 3
1 2
26 4
2 4
1 46
15 3
183 1
2 11
93 2
2 1
4 75
102 4
3 98
2 1
3 110
75 1
19 4
45 4
36 4
1 2
13 1
179 2
187 4
1 49
4 154
4 115
4 61
155 68
128 72
76 3
133 4
4 52
2 60
168 2
168 135
2 4
3 20
1 3
2 106
195 4
109 116
1 173
106 172
121 4
79 4
7 3
190 142
19 61
14 1
4 199
4 138
2 157
58 32
4 3
131 178
96 2
100 3
3 1
1 2
1 11
63 102
1 164
148 126
4 1
1 123
3 16
80 1
165 3
173 4
4 14
2 31
3 1
71 121
4 3
1 82
1 4
1 182
142 125
2 189
24 67
73 46
57 79
3 1
77 58
83 4
26 109
1 4
87 196
49 4
1 95
95 3
184 1
2 131
32 2
178 2
151 5
2 11
191 3
3 60
53 88
77 2
115 102
3 44
111 2
2 91
106 4
20 139
1 4
132 2
89 97
1 117
1 131
3 1
4 147
2 136
162 2
64 168
121 120
121 4
2 110
198 166
101 138
186 169
140 40
1 3
143 2
179 3
106 132
2 4
4 78
141 17
1 138
4 3
3 2
51 181
1 2
199 1
1 4
1 3
4 2
4 1
2 65
2 14
1 8
4 2
24 4
1 2
95 77
3 102
33 3
143 3
3 114
3 4
3 49
1 2
141 1
4 170
68 175
2 158
3 190
191 4
143 152
2 4
186 1
4 1
40 4
1 187
4 1
1 21
149 3
2 86
3 2
2 113
36 47
4 1
115 4
8 1
111 77
134 3
4 184
94 32
3 2
1 25
167 101
179 4
2 1
1 107
74 3
12 2
71 1
3 102
4 87
197 52
3 166
52 139
8 4
174 127
151 86
2 1
41 3
38 1
198 1
73 122
4 148
16 91
83 58
4 2
198 197
138 91
18 120
180 2
178 2
152 2
4 83
147 197
3 163
14 4
2 171
1 2
2 4
4 1
4 96
2 3
41 4
123 4
76 84
82 89
11 182
38 34
2 139
163 193
2 30
36 2
55 1
3 4
137 1
4 3
4 181
156 152
144 4
45 167
80 48
1 168
4 2
178 15
2 3
2 200
111 11
179 3
136 106
110 86
4 136
1 64
171 4
104 1
100 145
3 4
3 177
35 38
3 1
68 66
2 101
200 4
128 3
2 4
89 155
1 2
133 3
2 141
1 3
4 3
3 2
118 3
3 1
47 30
137 1
1 118
192 50
68 74
3 4
6 3
123 3
1 87
4 1
136 3
180 154
3 13
1 2
156 3
200 27
4 100
187 24
62 119
15 3
3 2
200 15
3 156
2 165
3 75
2 45
136 107
20 92
2 10
24 2
112 175
4 3
4 2
109 142
43 67
4 63
158 140
4 34
2 3
131 3
90 106
1 14
151 4
4 125
157 1
181 88
93 116
4 90
197 113
11 1
7 81
2 85
107 93
107 1
156 107
1 169
160 2
155 2
3 1
186 2
3 191
3 4
148 22
91 143
39 1
72 1
83 3
5 153
1 176
4 3
4 1
122 2
120 3
76 47
191 4
3 141
2 193
84 3
171 78
1 4
156 2
2 110
185 4
167 13
121 104
81 1
4 142
196 163
140 19
4 65
1 183
3 106
54 3
4 123
2 167
2 23
4 106
2 3
3 41
3 2
166 54
13 32
149 121
81 3
22 2
3 139
43 1
3 23
3 20
2 3
61 2
3 1
4 3
101 161
46 3
192 4
24 2
2 141
124 3
23 150
68 55
28 1
3 156
182 170
2 4
180 100
93 3
3 4
3 2
3 2
1 62
164 161
117 61
8 2
1 87
44 1
153 1
131 3
1 154
87 70
15 111
3 20
1 89
4 11
2 122
1 4
1 3
4 71
152 4
71 4
88 42
175 3
4 2
33 3
2 4
155 1
2 184
139 118
2 22
2 26
96 4
65 2
3 10
71 4
114 50
2 109
2 115
13 161
30 23
2 4
14 69
4 2
1 27
3 2
4 63
101 3
1 95
1 136
4 153
189 3
3 193
25 4
138 67
80 4
129 2
135 49
115 92
3 180
142 53
3 110
75 1
2 1
103 1
3 62
63 33
2 3
4 12
142 10
191 2
2 4
46 4
95 2
4 1
62 52
1 4
4 87
168 3
2 4
2 4
2 154
8 2
125 3
46 41
2 144
3 4
66 3
200 3
63 81
3 13
3 1
2 40
125 112
110 1
194 176
102 124
178 3
1 2
3 2
106 2
1 110
1 4
110 101
4 90
3 31
37 128
106 103
197 4
2 174
2 36
1 50
115 4
17 2
3 52
82 191
155 86
107 69
80 2
116 165
42 4
4 88
87 35
3 4
177 199
1 79
3 4
175 70
4 101
25 1
2 3
43 1
165 171
1 2
87 43
114 3
4 3
1 93
4 77
3 4
123 3
73 180
141 2
199 3
160 3
4 3
3 1
72 46
64 18
1 3
1 39
3 2
132 27
32 5
57 1
2 3
6 4
93 3
155 129
123 172
4 124
1 138
142 71
3 28
4 96
84 17
158 4
105 3
3 124
114 1
2 1
22 1
4 79
1 18
125 25
2 80
30 61
36 4
1 60
155 3
154 104
1 188
86 75
8 2
1 4
35 2
1 3
81 72
1 53
3 200
114 98
177 3
1 4
4 172
58 162
16 3
3 44
1 3
3 1
18 102
198 55
35 2
1 2
4 33
172 1
1 2
39 2
86 102
118 3
132 3
43 4
82 104
4 130
1 18
8 4
3 2
159 48
6 107
4 2
4 88
4 189
1 4
85 3
3 84
3 4
3 4
2 124
74 104
3 2
134 43
116 4
32 165
4 3
3 4
28 4
3 2
107 2
196 2
3 5
2 26
47 50
38 75
11 138
3 200
1 2
101 148
2 96
4 175
145 96
1 91
32 103
102 136
56 4
61 1
1 45
72 183
90 89
103 1
142 2
3 117
106 4
2 170
1 3
22 2
19 40
1 4
1 134
130 3
180 4
188 4
41 141
4 2
43 3
3 1
147 3
10 1
17 1
44 173
122 7
3 4
91 128
151 125
113 1
2 78
3 112
58 187
199 145
3 99
115 112
176 2
1 178
1 2
154 5
190 40
90 4
120 3
121 1
2 10
2 195
1 4
3 117
62 111
71 61
2 3
130 3
3 1
89 3
17 4
45 1
2 116
74 73
3 91
105 84
4 62
125 1
40 1
2 1
4 1
3 1
3 4
31 4
144 69
3 64
4 118
88 1
145 4
1 3
131 2
3 2
4 3
3 2
2 1
1 131
3 178
142 1
197 4
193 3
3 2
17 3
189 4
3 2
4 2
130 1
1 4
2 1
16 168
165 101
1 2
91 65
28 4
193 161
3 1
2 12
67 2
22 4
88 3
4 65
4 58
141 4
2 16
2 100
3 131
108 9
4 156
2 153
63 35
4 131
41 1
5 177
100 2
124 100
122 3
149 1
61 153
69 1
52 3
101 88
186 166
1 144
2 12
84 4
3 41
78 4
2 3
4 3
3 198
175 4
140 110
4 15
2 4
2 4
152 3
7 1
70 190
9 3
155 82
4 141
12 142
4 167
125 26
170 2
183 1
4 104
63 94
1 4
105 84
2 89
1 49
178 2
2 1
182 2
186 3
193 139
197 4
156 4
12 2
17 46
89 51
45 8
148 160
4 29
1 114
34 1
3 173
4 148
4 163
1 3
156 4
132 101
85 41
171 163
2 1
144 79
2 161
4 3
3 1
136 35
33 167
183 1
187 4
4 2
101 3
1 151
1 126
153 1
1 4
54 4
69 2
74 3
183 3
3 4
69 41
106 4
4 81
3 100
4 3
179 2
17 185
151 2
9 4
80 4
4 158
3 87
78 1
17 1
130 104
3 4
40 4
44 1
4 2
1 4
135 4
146 176
119 78
164 1
1 2
4 2
140 2
2 185
4 198
49 123
1 4
1 53
134 10
76 3
91 4
31 11
50 80
89 3
152 131
4 3
147 104
4 3
156 2
146 11
1 4
1 3
4 154
2 25
113 153
4 21
2 3
3 1
146 3
2 164
2 193
3 2
75 4
145 13
107 21
3 4
5 121
1 2
1 86
86 14
125 1
3 14
2 160
192 133
50 1
2 4
3 4
21 1
121 4
2 85
44 4
190 156
3 4
27 2
153 3
2 4
24 3
3 93
3 170
92 4
191 1
41 4
10 2
1 26
197 89
153 150
73 1
4 1
1 3
107 4
137 87
23 1
4 2
3 75
1 2
46 4
3 2
4 183
2 62
43 6
115 3
2 4
1 3
147 84
1 69
2 35
4 99
24 4
50 3
69 170
107 2
3 2
128 4
59 4
184 4
2 4
69 2
68 173
102 3
189 3
153 3
4 177
97 113
178 2
162 2
4 164
86 4
3 2
130 3
13 125
1 199
1 4
4 108
1 182
59 1
86 1
4 163
3 35
97 82
2 15
2 4
21 1
177 137
31 111
2 113
2 128
3 45
122 2
160 3
3 91
149 59
150 4
68 2
123 86
2 4
101 2
70 2
13 2
2 1
16 2
105 3
40 2
63 171
133 43
3 181
3 45
3 182
120 1
2 47
1 155
3 85
177 3
64 3
3 1
187 1
2 24
3 4
27 1
169 2
1 3
1 153
1 14
62 21
97 2
81 77
86 136
128 4
4 81
1 127
20 169
2 23
155 199
24 1
101 4
2 3
172 3
95 139
84 49
37 162
1 4
1 27
194 47
79 1
4 128
4 3
4 68
162 150
76 3
4 163
163 2
3 126
2 1
91 4
181 2
85 101
140 3
36 1
1 4
54 3
2 3
113 169
85 118
166 73
3 52
3 89
98 3
114 4
2 4
4 3
30 1
156 3
3 2
4 175
140 2
82 70
6 108
81 110
4 2
2 197
65 64
196 1
4 3
4 30
54 153
2 13
1 161
180 4
41 4
1 86
7 100
181 1
21 191
93 1
84 193
4 1
94 2
140 4
103 44
1 2
2 3
106 141
2 3
43 4
2 4
3 18
161 3
4 13
2 115
55 4
1 4
50 3
1 4
148 66
131 4
30 3
20 50
3 141
48 1
1 12
117 1
45 130
106 91
4 29
61 34
39 66
20 10
4 29
1 48
152 3
31 3
4 97
2 94
90 1
183 66
186 2
8 129
1 127
19 188
3 48
181 4
4 77
4 176
153 143
97 68
1 149
4 176
1 4
91 3
4 1
3 1
30 1
137 4
76 4
4 177
154 2
2 48
3 127
26 2
122 155
29 122
94 1
25 125
83 3
3 33
1 3
2 179
1 3
1 106
14 102
1 129
150 4
2 182
4 2
44 3
4 190
25 132
3 4
76 1
28 85
137 3
4 168
24 182
102 1
117 3
1 2
104 2
1 3
16 3
121 69
58 1
35 1
195 1
1 2
11 4
2 4
15 195
2 105
98 4
27 24
57 4
1 175
11 57
3 85
3 142
3 85
2 30
1 2
2 172
2 160
2 1
97 4
137 3
4 1
15 2
4 50
2 193
3 2
109 50
42 31
148 100
3 16
3 2
3 5
1 2
56 72
112 1
1 110
33 4
10 2
4 2
41 1
55 1
24 4
93 112
3 51
143 184
4 143
4 9
4 1
114 56
2 12
192 28
73 4
3 1
1 3
148 142
98 1
159 105
56 4
106 1
2 1
65 3
3 4
1 99
152 88
41 174
71 100
194 119
52 3
2 152
3 5
190 1
82 16
2 3
4 3
88 52
2 119
2 55
3 160
114 4
19 27
4 165
15 3
29 3
175 4
2 17
196 3
125 4
4 3
1 57
136 1
1 109
26 1
9 86
160 18
61 7
12 151
53 1
53 4
4 30
3 4
4 3
196 81
93 118
50 14
29 2
14 2
6 68
163 4
128 1
117 127
155 127
169 2
2 4
1 86
3 186
1 3
186 2
158 57
4 9
2 90
143 101
4 146
78 1
109 3
91 1
3 1
4 2
47 4
4 60
1 3
1 99
4 3
18 4
197 112
58 2
177 57
2 139
165 4
4 1
92 2
1 4
168 111
20 185
152 18
75 183
140 2
53 4
3 138
133 155
169 149
3 52
3 150
4 88
114 182
1 8
74 133
2 193
2 56
7 2
183 133
3 4
161 3
89 1
148 164
1 142
1 19
164 1
3 2
1 97
4 120
3 4
4 1
189 156
2 164
125 4
162 6
50 194
17 3
154 3
173 1
42 1
162 15
46 139
1 172
1 187
2 3
199 37
195 2
4 54
3 2
156 3
2 183
115 1
2 4
55 3
2 3
2 131
4 169
1 138
79 36
4 1
10 16
3 23
3 1
126 4
3 193
3 29
1 2
141 63
73 3
1 92
20 4
2 3
1 44
80 97
159 4
4 117
166 4
3 82
145 3
3 2
60 2
82 193
3 65
4 177
20 135
58 2
4 169
1 3
2 12
168 92
4 2
2 3
173 1
19 3
7 4
2 1
52 101
1 2
100 3
159 1
87 166
150 63
128 3
2 184
2 46
189 1
44 2
153 1
97 1
115 2
110 4
125 4
2 150
3 12
99 200
3 136
92 197
3 4
2 120
3 1
171 151
2 4
4 1
166 27
2 1
87 85
199 4
2 175
169 47
3 141
104 2
20 4
48 13
149 3
200 148
119 1
6 1
175 2
1 2
4 94
3 1
3 108
1 14
4 1
44 1
22 1
198 1
3 166
4 3
1 167
2 137
57 67
96 3
3 48
45 4
3 2
2 36
1 3
4 2
3 13
3 111
3 122
119 31
187 58
3 19
1 2
90 49
1 2
76 182
29 156
2 3
1 2
4 63
1 107
4 63
98 2
3 132
140 1
198 51
1 3
64 194
199 4
2 101
139 1
2 3
67 85
2 4
38 4
3 1
1 129
1 121
1 4
4 27
94 140
198 3
119 156
72 3
1 166
3 116
159 1
4 2
2 167
104 2
200 3
137 3
3 148
4 90
1 3
3 2
4 197
3 2
2 52
49 3
2 141
23 153
3 113
137 3
4 105
74 182
2 141
3 8
153 145
73 121
46 2
189 1
3 182
132 2
4 2
181 16
1 30
2 3
108 3
81 4
198 135
3 40
6 150
195 1
1 3
91 197
51 183
170 3
4 2
150 2
87 141
1 4
4 150
72 2
2 5
3 1
152 2
73 4
2 83
4 190
1 3
56 79
87 144
3 184
2 58
2 4
4 35
3 1
69 176
199 69
54 57
1 2
44 3
3 40
1 16
2 4
93 154
133 129
39 3
2 1
2 60
4 60
198 3
3 186
46 10
142 9
167 173
40 1
3 2
3 45
167 127
2 117
3 13
145 13
3 157
62 4
2 3
4 106
47 2
1 159
94 3
3 80
3 4
43 141
4 52
4 72
175 110
1 2
13 122
57 200
3 159
108 183
116 149
2 129
39 3
90 87
35 1
3 50
2 143
55 31
9 3
71 160
4 3
45 1
2 63
2 1
149 1
2 188
2 1
23 2
91 77
1 9
4 105
78 68
141 174
4 196
13 97
136 32
133 4
1 3
39 1
2 1
4 1
4 152
168 66
37 196
10 184
3 4
4 3
158 181
136 7
1 4
61 180
187 3
2 89
99 2
123 166
4 1
103 1
33 194
79 96
3 2
4 57
3 1
1 69
170 1
185 110
3 83
1 56
141 2
2 93
36 24
2 4
37 9
161 2
1 2
4 188
4 109
188 1
3 1
127 50
3 1
4 1
11 4
4 1
2 4
26 4
1 4
148 3
1 118
137 2
4 83
2 4
2 3
1 2
110 1
1 133
3 189
4 2
1 4
1 82
123 90
4 2
71 2
25 175
1 4
79 2
137 3
101 8
156 1
101 8
19 105
1 3
2 4
1 194
28 1
184 129
3 98
2 137
66 4
146 54
2 4
2 3
99 3
4 56
35 154
50 73
3 4
185 3
59 4
2 145
36 25
115 2
3 1
1 4
102 4
45 3
85 106
155 102
4 1
39 3
37 3
3 4
2 128
2 3
4 154
41 2
4 3
2 3
122 4
163 150
126 3
182 197
2 1
1 9
147 174
1 64
3 111
3 120
4 40
105 134
2 3
126 36
2 1
122 38
63 13
32 4
1 2
105 3
60 2
126 13
82 152
199 74
4 180
1 130
4 3
1 96
4 118
155 65
29 153
190 2
127 3
3 2
139 123
115 107
2 172
20 139
1 76
140 90
129 4
14 40
4 28
154 34
142 2
31 3
4 182
134 2
2 3
3 115
1 2
64 113
59 3
1 116
4 65
44 4
2 78
151 137
77 4
2 168
3 143
153 4
4 187
15 4
2 35
134 90
3 122
168 3
4 100
126 120
2 4
3 149
116 10
75 2
27 4
164 185
91 3
4 125
1 4
4 56
64 146
1 106
1 4
3 2
4 146
55 136
2 4
121 185
1 2
4 1
154 99
122 4
41 135
50 4
1 79
174 2
3 4
1 152
99 173
128 1
34 102
2 17
1 2
153 4
169 2
131 1
68 1
87 2
2 1
3 2
2 4
141 2
30 2
180 1
2 3
119 20
3 16
4 122
4 159
2 128
190 70
3 2
70 127
2 104
2 177
2 184
2 82
117 109
178 150
179 3
46 135
4 40
153 3
4 3
175 1
3 86
1 26
4 71
176 1
29 3
104 1
4 173
4 3
125 87
103 48
2 3
144 3
4 91
2 1
34 6
123 2
99 150
170 75
4 1
3 132
126 63
1 107
2 196
41 3
3 2
123 149
42 4
4 3
3 178
177 2
3 1
1 119
4 3
159 2
2 143
45 66
1 43
94 3
2 122
4 81
2 148
1 141
3 2
81 2
1 63
145 166
73 148
1 143
45 81
3 72
3 2
11 38
81 154
1 3
4 1
2 151
25 1
37 3
68 2
135 37
1 48
3 146
110 85
1 3
4 6
179 132
129 166
2 61
27 95
112 1
57 123
119 4
31 1
3 4
3 191
1 4
4 1
1 4
111 2
3 55
146 161
32 1
186 94
4 1
1 3
181 2
64 165
1 4
3 1
1 4
147 3
1 2
131 127
24 2
123 42
4 2
2 4
2 4
147 137
54 1
38 3
112 56
4 118
3 34
186 3
2 64
154 159
135 119
1 59
185 3
2 1
95 144
3 1
167 1
2 8
1 4
129 3
37 1
34 8
127 4
18 3
45 194
27 4
176 2
33 2
118 1
3 17
127 75
199 2
108 103
145 2
37 174
1 15
4 3
1 7
2 36
4 104
2 55
9 176
1 185
2 85
36 1
62 3
183 3
3 5
31 10
4 97
44 2
3 138
3 15
3 121
2 3
137 86
4 93
2 138
3 142
2 3
85 121
101 3
4 2
2 131
27 183
93 3
1 116
114 44
88 4
88 112
1 4
200 1
117 96
13 4
75 62
4 36
186 2
2 193
4 3
2 10
170 40
4 2
6 22
2 4
2 143
4 3
1 4
168 26
91 42
3 178
2 3
197 3
1 52
175 3
2 4
4 30
1 63
176 177
125 101
79 107
50 2
158 4
44 3
1 26
2 1
3 4
3 156
1 2
3 2
154 37
23 4
3 92
145 4
1 48
33 162
38 4
2 169
86 2
26 124
51 158
115 4
4 60
199 2
143 2
3 4
1 20
14 1
1 13
3 1
4 3
133 3
2 124
164 1
141 7
2 57
21 4
3 1
103 69
1 17
187 2
192 18
199 181
4 34
2 4
130 162
56 3
3 136
62 196
56 1
3 2
187 128
137 1
4 129
13 4
59 1
14 2
4 81
4 21
3 189
4 2
6 60
134 2
2 3
1 3
159 2
3 132
1 3
4 96
4 64
97 89
3 2
1 192
20 22
42 4
65 4
14 1
142 158
68 38
4 1
4 3
149 174
3 93
110 100
1 6
1 77
59 65
54 4
1 112
1 35
76 1
199 186
2 1
57 133
63 2
163 1
52 89
77 1
1 3
2 1
1 3
31 1
103 4
123 1
2 1
151 112
57 3
8 196
3 4
96 36
187 3
2 86
48 174
164 141
3 17
2 1
39 184
1 3
198 1
2 52
2 117
75 14
2 1
56 154
17 164
30 60
54 1
170 84
3 119
4 61
2 32
3 164
19 4
4 2
3 190
3 25
2 40
4 1
4 1
46 2
1 25
102 80
162 3
3 2
2 1
16 60
4 3
2 158
2 4
115 3
2 108
1 156
2 36
189 4
3 146
141 39
79 3
4 2
5 1
3 37
150 106
80 4
180 113
2 4
169 4
62 161
155 105
158 191
57 1
2 64
1 15
45 15
63 162
3 141
3 1
2 1
1 71
3 46
66 3
100 168
105 24
2 1
2 4
3 2
3 197
29 163
139 5
69 3
130 112
10 99
3 4
50 29
23 77
1 3
124 56
2 3
38 158
4 95
1 163
48 3
190 1
4 2
18 103
3 6
1 46
1 2
151 31
83 14
4 1
3 2
120 4
3 101
1 179
39 2
3 4
30 1
2 1
77 4
2 4
3 66
2 4
142 41
38 128
3 7
20 3
3 4
72 3
4 177
4 181
9 68
74 4
6 35
4 55
4 2
1 157
6 4
3 114
9 115
3 76
2 51
21 25
3 2
124 4
1 3
41 60
115 3
161 4
134 170
128 144
4 2
2 39
167 2
28 15
85 2
59 93
1 178
168 9
79 1
164 65
4 20
1 3
173 27
1 123
82 2
2 1
181 4
3 153
22 20
23 29
1 3
85 27
4 3
161 60
4 126
154 132
29 115
124 2
26 146
166 2
12 115
1 2
106 65
3 100
2 3
26 175
2 11
2 3
105 106
39 134
99 45
1 118
3 49
3 164
3 4
1 97
48 4
3 58
190 195
130 41
2 47
158 3
121 2
145 153
2 56
152 166
1 2
4 106
146 1
2 190
81 1
191 3
165 155
98 176
77 1
12 73
100 12
142 165
4 75
119 2
6 145
1 87
62 1
3 125
2 3
1 2
177 168
3 85
153 4
3 125
4 1
3 180
35 3
1 3
4 1
28 1
18 13
4 2
2 20
83 65
3 1
1 2
74 69
58 2
133 85
78 3
177 1
154 4
1 3
1 71
2 78
3 119
3 163
163 184
23 4
1 84
99 4
153 169
1 25
101 3
2 3
103 3
3 2
41 164
3 2
75 14
3 196
65 79
8 2
2 87
2 1
15 4
4 27
187 2
82 112
164 9
4 157
177 4
3 154
111 29
197 14
77 114
83 14
1 19
2 4
2 181
146 61
2 1
188 1
1 103
1 2
1 2
3 83
198 132
3 4
110 156
3 50
177 1
2 1
2 8
69 4
186 181
12 1
104 161
86 152
147 1
29 3
94 4
1 3
3 22
3 167
1 3
2 55
63 13
175 4
90 4
135 3
1 2
170 4
1 66
2 98
200 123
106 1
3 9
183 92
52 192
112 28
101 12
114 11
102 154
119 1
78 2
86 1
3 192
2 91
2 45
73 1
3 122
140 2
115 2
58 2
94 4
159 101
4 37
2 1
118 2
164 3
139 148
38 127
4 2
3 1
3 119
89 4
3 161
1 4
3 1
32 4
2 149
195 75
46 4
30 194
164 180
4 3
110 54
27 2
2 115
3 2
4 37
2 3
2 3
3 4
3 1
19 3
4 2
2 4
2 70
4 27
153 39
8 41
55 2
154 47
4 160
2 63
115 63
1 3
4 121
3 138
120 4
3 1
12 4
13 3
179 1
105 32
4 1
2 26
21 3
2 3
91 4
4 120
1 3
173 161
3 191
2 3
49 4
4 59
4 164
1 141
150 4
3 2
53 185
1 4
55 98
1 166
105 3
187 1
1 143
4 3
15 1
1 186
51 1
3 2
1 154
76 4
1 198
158 55
4 56
72 22
68 98
3 184
3 78
3 116
198 4
4 1
3 1
150 199
2 4
49 4
4 135
2 190
1 164
12 27
1 3
62 1
19 179
54 2
3 176
16 4
3 1
1 3
108 111
1 4
103 64
127 2
63 3
1 33
3 130
138 2
194 3
46 183
3 104
82 94
2 1
4 106
4 3
2 1
53 3
3 4
3 4
184 13
3 11
1 8
79 139
4 3
19 2
197 36
3 145
88 4
13 191
2 126
2 88
87 9
3 59
90 65
3 149
27 3
3 2
93 1
2 130
3 1
116 189
2 3
3 4
49 4
1 2
4 199
172 18
93 1
2 199
107 158
4 49
4 90
4 160
7 56
103 4
2 48
1 41
193 11
2 90
163 1
123 3
162 4
4 2
136 93
160 4
41 80
174 85
86 124
142 1
2 3
130 83
167 1
49 1
4 142
109 80
2 3
1 184
6 111
4 92
3 4
2 37
1 198
3 159
32 4
2 1
77 2
4 3
2 4
4 71
8 112
78 2
1 8
4 1
4 1
2 85
3 4
3 4
96 35
4 1
3 174
4 1
2 4
1 4
46 1
131 118
189 1
1 2
181 3
107 137
6 2
114 42
4 29
5 50
107 3
62 197
3 150
1 26
4 1
4 3
4 76
83 1
30 147
1 12
131 135
45 4
3 1
1 197
46 66
3 148
2 32
2 3
3 4
4 118
4 1
57 196
118 157
1 90
1 46
3 1
1 2
126 4
2 3
163 126
198 175
80 164
129 4
40 3
131 4
35 2
79 85
93 131
1 39
194 2
119 43
91 142
4 1
16 34
3 105
1 46
3 57
3 1
193 51
191 2
148 37
3 24
181 1
4 189
165 4
144 2
6 1
2 111
131 1
194 3
4 67
1 148
2 75
23 1
4 2
90 4
199 2
147 1
106 38
166 3
2 119
3 1
1 4
1 3
16 177
173 4
33 1
4 1
45 3
1 132
2 40
1 3
3 1
27 41
3 158
4 20
4 2
1 157
3 2
1 2
3 97
174 98
1 51
4 162
135 3
128 4
1 4
2 130
2 78
3 1
191 96
146 88
25 3
139 2
1 168
40 4
152 26
1 3
3 84
104 3
167 64
70 10
1 16
3 162
135 98
92 115
4 194
1 67
1 2
149 121
4 73
2 86
11 3
3 1
4 1
4 9
20 111
2 4
39 109
1 80
185 3
115 106
1 25
141 1
3 1
1 175
2 109
175 26
3 105
116 4
2 80
1 139
51 140
1 31
177 2
22 2
4 69
91 53
4 59
55 195
134 4
4 3
133 107
3 9
2 1
28 177
1 4
1 48
38 4
137 4
45 4
142 48
3 4
89 120
152 144
88 197
29 2
1 4
4 30
69 1
143 106
1 2
1 4
3 2
1 2
4 34
130 78
14 3
64 144
4 89
74 84
4 93
112 154
14 75
161 142
3 98
1 4
43 2
4 162
140 33
1 3
51 1
156 4
3 4
3 4
109 4
81 15
2 1
187 139
121 2
2 4
133 4
141 14
3 52
4 3
158 92
107 2
2 54
4 2
162 167
2 16
112 119
3 147
2 4
9 1
137 135
3 97
58 3
113 34
113 28
2 1
1 114
106 1
3 131
1 4
4 3
58 4
29 196
128 1
2 3
168 42
144 3
106 2
45 4
1 140
2 3
197 3
2 104
97 119
109 3
1 193
4 105
120 4
145 4
71 47
148 2
186 191
118 172
2 9
8 9
22 166
144 37
2 82
84 118
3 39
131 3
3 4
98 40
92 56
180 2
62 8
3 57
1 3
125 3
1 48
1 3
126 46
1 60
26 55
15 2
197 80
53 194
65 2
123 4
4 2
180 1
1 49
4 149
55 2
88 116
3 4
3 122
178 118
103 71
164 2
2 98
2 1
161 182
4 1
135 1
2 162
133 3
2 1
2 103
108 96
23 17
58 94
33 75
2 4
2 78
4 162
43 2
2 116
131 27
4 125
90 3
144 197
2 1
15 192
2 120
2 11
145 157
13 194
134 47
2 116
2 3
3 1
77 1
2 1
138 18
1 66
3 83
47 129
73 4
110 165
157 139
1 4
187 3
129 1
3 4
1 44
4 64
52 1
66 3
1 4
66 62
3 25
3 1
41 3
2 171
61 17
162 94
4 152
2 11
173 3
155 12
17 4
4 3
51 197
2 1
156 3
77 152
63 138
1 2
1 176
2 22
2 69
3 1
4 61
3 166
17 192
124 3
71 3
1 190
147 2
1 182
117 17
173 131
99 2
2 3
133 3
3 1
1 3
4 102
137 2
2 8
150 13
3 31
4 73
28 3
4 29
1 155
1 3
4 52
2 114
1 9
2 3
3 158
126 152
196 77
27 3
78 77
13 4
1 2
55 164
70 176
67 132
47 197
1 48
170 41
163 66
108 4
170 1
4 3
169 109
155 1
4 119
116 1
1 131
4 1
3 173
33 2
3 2
2 163
2 124
82 28
78 81
1 75
50 9
3 1
114 4
1 22
19 191
2 3
182 151
35 3
11 2
2 3
133 3
4 126
2 91
80 190
79 53
37 88
4 56
22 65
176 58
1 161
3 4
192 115
1 70
1 3
6 197
2 3
7 4
1 2
187 59
1 21
15 121
4 3
4 44
2 4
1 2
4 56
126 9
179 145
173 3
198 4
1 2
4 83
176 27
2 1
2 195
4 19
162 2
86 81
1 197
164 195
16 109
81 3
182 91
151 1
75 2
4 10
113 84
146 181
87 113
140 42
3 49
3 4
1 162
1 98
1 3
2 3
3 33
3 95
189 14
101 4
3 2
57 146
17 98
12 90
2 31
4 2
4 3
189 4
1 55
46 108
4 1
4 2
3 1
66 93
136 95
1 4
2 3
176 42
52 22
3 1
103 158
88 2
4 27
32 151
105 2
144 181
2 1
158 8
59 1
1 2
28 2
48 4
2 7
198 2
4 2
195 184
81 86
163 28
2 1
75 36
175 2
175 99
28 171
102 4
35 29
59 4
2 183
39 1
197 4
170 3
2 3
2 4
171 1
4 2
39 105
3 118
58 163
3 1
162 42
105 67
170 4
2 166
189 160
2 3
161 3
1 101
197 83
9 2
1 24
114 1
187 3
24 1
104 133
143 1
3 2
102 1
4 3
4 2
96 3
2 64
1 196
22 2
145 2
2 8
162 3
32 4
126 3
1 2
95 40
39 2
2 83
4 184
1 67
84 2
156 1
108 3
3 2
32 3
2 1
62 50
102 170
99 1
1 153
4 43
139 23
55 114
187 116
3 25
2 157
2 3
3 24
144 4
4 2
149 2
2 117
134 78
2 197
109 4
47 9
8 134
105 25
173 112
73 109
3 39
3 4
53 111
3 4
20 3
38 2
20 3
83 155
3 4
53 99
4 137
4 55
4 3
69 27
191 67
2 1
126 138
2 4
10 3
28 145
1 171
2 81
2 70
4 3
3 4
26 173
93 3
3 139
154 6
165 183
3 21
82 4
1 2
3 1
1 5
56 165
10 1
51 33
90 67
3 131
18 3
167 144
97 4
148 2
198 4
1 153
2 1
132 113
3 156
3 177
3 129
74 2
193 108
1 2
32 4
3 2
2 142
118 3
157 3
2 12
1 37
3 94
4 1
197 4
168 23
3 124
69 2
2 195
2 17
1 87
167 176
36 1
84 3
142 69
4 2
182 4
4 110
162 3
147 183
163 67
67 1
3 2
3 1
2 102
85 3
2 3
140 2
51 4
78 144
3 18
4 157
3 82
1 4
2 4
1 4
2 6
155 99
2 1
182 4
4 6
62 3
1 35
185 149
193 117
134 3
2 109
151 31
1 131
3 155
88 1
138 4
9 4
145 18
3 1
194 3
1 152
4 2
25 80
97 2
5 2
186 148
3 118
18 165
3 174
2 4
4 2
1 3
3 2
177 2
2 189
77 4
167 61
3 28
2 63
4 2
198 19
4 2
38 1
3 4
4 14
2 198
2 95
3 78
92 198
2 1
22 3
1 2
4 189
3 129
5 76
56 70
125 96
95 122
98 151
128 177
4 1
1 4
4 142
8 2
84 67
1 3
142 98
50 4
21 4
196 127
104 1
195 39
1 47
1 4
2 1
1 119
4 178
1 3
31 97
124 4
49 3
2 1
59 84
1 190
14 4
139 74
1 120
7 2
8 94
21 1
76 23
121 2
16 1
4 164
108 4
3 198
171 152
4 2
1 3
157 1
14 106
8 1
3 84
4 167
2 1
2 4
15 2
3 120
26 28
84 4
3 1
144 3
74 66
3 1
1 200
4 2
2 1
72 2
159 81
72 160
40 3
1 2
106 117
4 16
104 108
151 3
1 2
3 1
53 150
1 149
152 3
29 138
1 110
2 133
3 1
141 163
4 183
138 3
32 4
4 160
141 4
97 2
69 2
4 2
3 44
3 22
136 148
1 113
86 19
3 2
1 111
24 2
3 47
2 3
79 115
1 3
3 66
75 4
1 154
4 37
82 114
20 32
1 171
4 133
172 138
123 149
2 4
185 4
2 128
135 3
105 81
1 99
183 2
3 1
83 90
36 105
2 144
122 91
2 34
102 161
123 32
42 164
3 1
4 2
128 175
111 104
174 2
3 1
49 153
1 106
43 98
120 190
3 117
166 2
19 100
4 200
2 85
192 2
21 2
138 3
1 14
4 198
1 161
109 2
108 1
168 2
4 1
96 4
3 146
2 3
1 120
1 4
2 1
143 199
86 4
4 3
8 4
2 122
2 33
4 96
3 77
53 1
2 1
18 65
4 155
168 4
101 104
47 3
2 141
3 2
66 18
2 3
4 20
2 41
1 3
175 59
139 3
17 2
36 3
162 3
146 187
1 2
3 27
1 3
1 3
1 95
95 123
175 4
128 3
145 132
3 1
157 122
4 83
3 2
4 15
4 25
3 2
1 4
4 173
140 4
1 2
140 1
3 2
107 3
2 1
4 2
197 71
75 38
86 2
2 187
77 144
3 2
113 128
30 3
82 3
1 65
41 48
4 158
3 4
4 145
3 2
1 143
167 4
3 4
3 172
1 38
105 51
2 1
3 70
3 109
4 148
11 4
71 4
84 20
2 28
4 89
2 43
2 28
121 1
3 114
2 88
1 45
117 4
107 117
146 145
103 2
125 4
3 18
134 4
1 4
14 1
131 84
2 3
3 175
3 113
2 3
115 147
3 82
22 1
3 177
4 2
16 1
45 4
2 1
4 1
3 2
2 4
65 3
2 154
3 123
1 4
2 180
151 3
3 187
137 3
87 3
4 2
6 84
71 2
3 200
1 3
1 4
1 72
3 147
1 2
3 2
2 191
26 3
176 89
4 1
4 1
3 39
3 198
45 4
1 3
3 1
122 3
2 48
2 65
132 1
51 45
182 3
33 3
1 47
39 3
45 58
184 190
55 4
172 3
1 3
4 1
30 11
4 69
3 171
3 4
1 87
1 74
3 2
2 3
157 3
154 4
97 140
180 141
4 173
2 1
188 2
6 180
182 9
3 41
3 2
123 3
75 4
37 192
184 157
1 3
76 38
75 3
1 22
3 106
3 1
144 145
1 129
2 4
110 113
32 3
4 1
149 49
3 198
2 113
2 179
2 1
1 2
1 3
3 2
2 1
3 107
2 35
4 1
3 106
182 135
2 1
161 1
97 3
4 1
1 146
32 74
1 169
2 141
40 2
193 142
3 4
187 32
2 25
81 4
10 73
4 1
3 1
162 3
1 78
46 1
102 199
4 2
16 4
24 3
182 4
2 192
4 126
196 159
68 35
143 4
197 1
2 116
33 95
132 56
2 53
4 3
115 3
168 175
188 45
3 32
109 4
4 195
3 1
2 47
73 2
4 39
38 3
3 4
26 3
1 2
116 3
145 1
51 1
2 129
10 3
113 4
3 2
5 2
59 133
3 4
143 187
4 3
24 1
3 22
2 123
2 172
1 119
79 2
3 1
2 4
157 3
99 3
7 1
3 37
22 9
4 169
4 125
84 1
174 4
2 4
4 48
3 180
138 94
13 1
199 20
155 137
197 3
32 184
152 2
167 9
196 2
44 1
141 2
4 21
75 4
1 4
2 97
32 142
144 1
63 144
196 4
1 2
77 1
3 64
148 21
1 4
4 2
8 170
76 4
189 1
196 17
168 166
149 189
81 49
1 51
2 32
171 136
58 68
56 9
1 190
199 2
4 1
164 2
1 32
91 4
25 2
4 94
19 12
4 19
4 169
163 3
38 3
92 4
183 1
94 175
4 3
3 120
4 2
3 116
108 2
13 2
2 58
30 4
4 123
3 19
1 179
194 162
168 1
19 3
70 61
93 3
97 2
85 1
1 4
2 144
164 4
4 120
16 105
3 4
17 91
131 82
3 2
4 175
3 4
4 2
58 159
13 197
2 3
3 155
12 4
29 4
63 4
3 185
1 137
2 116
1 85
190 153
2 36
187 1
4 1
4 23
1 2
145 3
3 157
183 187
4 63
3 2
157 34
4 135
4 1
2 19
11 3
135 1
151 4
140 2
106 167
59 4
4 2
1 147
4 172
1 3
116 46
122 187
1 3
2 12
3 127
189 183
29 4
38 92
196 3
191 4
51 87
16 170
116 132
2 3
119 1
172 4
1 4
1 3
148 43
9 40
1 141
4 50
60 3
183 4
169 4
4 149
2 114
190 4
4 118
112 105
4 2
85 165
1 166
113 1
121 175
32 15
87 192
44 83
194 140
56 153
60 2
60 49
27 1
159 157
60 2
1 2
2 4
3 52
39 2
13 162
2 26
3 4
75 151
12 175
2 4
173 1
147 108
115 3
66 4
100 1
161 3
166 32
4 73
2 4
1 4
4 122
4 1
56 158
22 78
119 3
117 100
3 1
94 2
4 2
2 4
120 7
4 71
58 3
93 4
58 121
3 157
4 3
196 2
44 98
146 1
1 144
45 187
60 75
184 1
188 50
74 110
4 2
72 40
76 1
126 109
2 4
76 17
162 2
16 2
197 143
167 1
1 2
4 54
2 176
27 2
18 1
61 26
86 4
2 3
4 61
132 56
51 1
2 4
145 10
102 125
3 2
4 83
4 3
59 200
1 74
158 2
1 2
160 146
2 1
2 3
1 4
2 61
2 138
122 148
2 158
64 81
4 2
4 56
116 49
1 3
2 3
4 98
142 3
4 48
1 4
113 3
2 1
26 4
1 55
3 2
4 2
20 60
151 3
2 4
43 3
3 176
196 39
80 2
1 2
8 2
157 4
139 1
4 93
1 191
2 3
1 177
74 1
3 120
36 197
194 4
4 60
195 99
110 187
1 104
170 1
4 156
135 190
80 4
163 198
185 1
2 158
166 26
62 180
2 103
165 17
4 3
172 11
1 176
4 3
3 1
137 192
2 118
3 28
3 189
8 4
2 67
78 3
1 2
34 80
90 79
195 93
4 3
4 22
184 138
6 146
1 136
131 55
125 73
113 193
3 9
1 99
1 61
19 4
120 93
2 178
142 182
199 136
132 102
2 31
198 2
27 1
161 3
84 2
109 196
2 72
2 3
21 7
196 12
47 2
4 161
51 4
158 34
85 3
100 70
32 1
32 3
179 2
4 176
3 197
3 1
134 4
79 103
117 179
135 48
106 2
3 2
4 122
4 3
44 2
9 2
86 2
4 1
127 135
113 112
165 2
128 3
18 179
2 19
12 2
2 3
4 178
173 2
1 4
110 151
1 81
2 166
1 32
119 3
47 178
2 1
4 178
31 3
118 4
1 51
1 76
154 2
177 171
4 35
2 4
2 3
3 1
55 82
2 3
4 29
143 3
85 14
150 174
1 198
70 154
133 62
4 3
3 4
94 4
2 173
72 3
3 4
140 71
141 3
3 1
3 1
2 160
1 2
1 96
2 4
4 174
3 109
3 1
97 155
192 2
4 74
84 167
177 157
93 3
62 116
22 3
72 6
115 146
17 4
4 191
52 1
115 3
4 184
99 3
129 172
4 1
4 3
2 3
2 16
37 1
1 191
2 3
66 3
92 2
31 92
4 159
1 128
126 112
4 2
96 90
157 2
2 1
2 1
144 128
4 164
2 1
10 2
60 25
3 69
138 3
31 41
4 1
3 18
4 21
191 3
165 54
2 4
2 3
89 3
4 91
2 118
19 1
10 28
28 4
10 3
155 179
61 40
1 4
3 21
121 124
21 1
2 79
62 110
8 3
68 160
78 34
141 1
4 89
4 2
4 3
192 37
175 115
2 3
2 155
106 17
4 2
133 173
44 2
5 125
3 2
69 147
4 43
2 1
2 22
60 111
54 44
157 1
51 2
177 61
91 30
165 129
1 3
47 102
119 2
2 52
1 2
2 182
36 116
27 1
2 4
2 140
4 1
188 38
26 96
102 159
3 6
147 3
131 2
80 136
4 75
149 48
2 44
179 33
15 184
2 99
11 4
68 1
1 3
4 195
38 1
31 4
3 1
71 176
21 103
4 2
1 134
151 1
2 4
2 1
2 3
186 1
4 128
38 151
3 85
4 2
199 153
92 4
3 1
2 3
12 3
4 2
2 4
70 127
2 127
89 3
3 2
1 124
4 2
4 31
30 91
140 3
64 1
27 32
143 179
1 179
141 12
44 73
166 41
42 1
40 2
134 90
2 1
2 94
1 3
4 163
15 3
3 45
180 160
2 50
3 2
161 107
77 3
2 187
3 2
1 190
2 1
3 1
131 1
2 69
1 4
43 198
3 1
23 2
2 4
21 100
4 3
3 51
126 148
4 37
3 200
81 77
2 4
65 3
168 3
1 4
55 3
4 2
4 2
3 90
44 173
4 3
2 109
3 67
1 124
36 40
4 3
172 87
183 34
3 168
114 1
169 4
3 4
153 20
136 1
67 173
40 3
34 2
35 2
2 69
1 3
3 4
187 1
106 2
133 83
150 1
4 1
50 96
3 1
3 55
3 163
2 194
1 14
30 2
149 4
1 164
17 3
3 2
4 1
156 2
1 178
4 2
192 38
16 4
4 1
2 1
138 3
2 154
14 175
71 185
103 42
42 8
167 1
4 87
29 2
163 99
3 1
2 3
4 1
1 148
29 68
2 172
128 2
1 2
1 184
178 129
3 2
70 151
86 3
181 1
4 2
123 1
149 77
2 1
12 162
190 5
98 141
170 106
3 2
1 2
4 103
79 173
2 3
2 116
153 2
3 2
70 3
2 53
44 74
3 1
136 2
4 160
4 3
82 165
46 4
149 85
23 86
148 176
44 4
181 194
3 178
2 131
4 79
1 3
1 3
123 72
198 189
199 2
4 114
118 4
98 183
3 2
92 3
3 121
76 4
113 129
169 1
109 143
1 2
1 3
176 3
1 3
31 2
3 4
1 95
3 180
165 3
3 183
145 3
24 116
184 136
163 89
127 3
107 4
37 3
94 3
43 2
4 84
155 56
59 131
4 59
3 172
111 1
4 3
135 132
154 1
60 1
182 175
2 81
3 86
2 3
90 3
2 186
1 174
4 3
4 61
153 2
177 65
3 125
107 4
25 72
2 195
60 147
2 190
2 1
147 122
2 1
4 2
133 3
3 1
84 4
92 102
186 195
104 3
2 188
3 25
4 44
2 69
107 128
4 85
2 200
6 4
165 148
1 141
78 126
50 24
47 22
4 31
116 181
4 3
4 157
114 2
145 2
47 185
98 3
3 1
2 16
2 4
95 1
1 70
111 9
4 2
62 186
4 117
196 6
23 168
165 4
79 190
122 1
3 4
3 1
3 85
30 157
113 1
170 53
3 2
71 4
1 2
92 3
154 3
78 35
69 2
164 4
3 113
4 146
10 1
1 180
2 145
63 29
4 194
132 124
70 22
4 58
57 3
194 60
139 145
71 4
4 81
17 31
2 46
152 1
132 4
81 135
2 4
63 2
99 191
166 169
47 2
131 182
3 1
3 43
148 135
93 43
134 182
20 10
4 3
4 2
2 3
128 80
178 1
145 166
3 2
2 4
47 2
3 171
3 2
4 153
3 1
146 33
165 14
109 123
4 180
4 1
4 2
3 2
108 1
94 2
4 2
156 4
3 27
3 44
58 4
2 32
1 46
158 4
177 60
17 57
143 4
4 175
3 1
131 130
14 18
8 17
2 3
17 3
61 3
2 1
4 2
1 3
38 2
122 158
2 121
6 1
2 1
1 146
4 2
1 3
11 141
3 65
132 37
3 2
4 2
2 139
95 4
4 42
83 4
60 175
168 175
157 2
4 3
2 3
2 1
80 4
118 2
2 4
3 144
104 127
2 5
3 53
3 75
3 4
84 164
124 64
5 1
113 3
3 101
110 45
83 3
187 1
3 52
115 2
2 3
4 1
4 39
131 1
3 117
3 66
50 153
147 3
109 70
78 1
47 37
158 144
177 3
4 29
1 194
98 1
171 4
149 154
3 148
2 1
80 6
169 2
21 56
3 140
2 159
190 34
146 185
4 179
40 115
1 192
37 3
80 154
1 52
3 82
12 122
196 1
4 82
81 100
46 68
2 4
2 35
2 144
139 170
105 28
146 160
2 121
1 2
2 11
1 50
51 174
110 25
2 61
153 34
4 2
157 8
98 7
1 3
199 175
2 4
104 4
4 1
14 193
1 2
3 97
111 4
1 191
3 131
4 2
1 58
56 4
1 67
190 2
1 2
82 4
3 133
1 87
2 186
3 2
50 3
9 1
141 13
176 3
3 12
155 3
3 127
3 16
3 71
20 157
103 2
2 184
40 2
166 82
176 44
118 3
4 3
171 1
169 130
1 13
188 160
40 140
1 183
3 56
193 2
4 1
171 141
3 66
134 53
19 3
2 125
3 33
2 4
52 2
14 3
3 41
187 72
72 81
2 4
73 175
2 182
192 172
55 4
2 184
179 7
3 4
132 3
4 2
105 3
3 1
73 21
1 123
110 3
196 3
2 3
2 42
4 2
23 2
141 55
1 164
100 31
28 41
4 2
2 189
26 1
3 4
53 58
2 171
50 2
159 144
169 178
3 182
52 4
1 95
2 187
2 3
1 200
1 125
137 1
2 3
181 3
46 3
136 61
74 1
1 2
122 3
1 3
38 1
2 118
4 82
2 1
2 4
2 6
167 45
4 3
1 4
3 135
180 4
58 82
71 1
3 125
179 3
3 2
155 139
2 121
22 2
2 43
103 3
28 2
3 14
1 4
1 158
2 96
1 46
113 11
4 72
1 2
1 3
3 97
3 1
102 4
100 1
64 4
28 84
3 1
1 63
6 84
1 161
2 4
142 46
41 4
17 149
4 168
4 90
21 135
84 2
164 4
1 4
4 3
111 2
52 4
3 164
2 3
44 160
31 2
1 114
74 126
4 39
95 4
3 22
161 1
1 4
2 48
170 70
51 178
1 4
17 2
82 24
81 4
33 3
53 1
138 2
196 151
3 2
188 2
2 1
4 188
97 60
3 157
2 3
10 81
68 91
22 3
4 58
92 58
4 115
4 157
105 72
2 54
179 189
4 2
12 1
30 16
135 3
98 123
1 4
91 4
24 196
76 2
33 2
34 188
3 4
172 4
57 1
122 154
4 41
3 4
133 158
49 199
3 112
1 2
124 1
162 2
144 148
12 5
1 178
53 101
4 74
53 2
138 2
43 1
1 124
119 184
63 24
92 4
193 146
1 4
119 110
166 4
4 3
3 105
2 95
2 1
3 1
120 143
166 1
2 113
4 2
107 76
109 4
1 132
127 3
161 111
2 198
2 134
3 4
2 54
3 4
127 105
2 83
18 151
81 4
67 4
4 102
153 13
2 3
4 1
3 4
4 3
169 166
4 196
1 4
191 4
142 4
2 37
44 38
183 166
53 4
84 196
4 36
1 2
2 152
99 139
1 151
3 4
21 178
118 64
197 111
1 9
122 2
3 177
4 200
17 34
97 111
96 124
31 2
2 3
3 24
162 1
71 2
3 4
3 15
124 4
48 171
120 4
4 144
138 1
106 1
3 1
2 22
2 3
24 1
63 163
186 25
46 3
16 57
200 99
12 4
150 39
38 41
153 4
3 135
57 1
3 4
3 80
3 195
2 158
24 75
3 2
3 2
3 2
123 157
143 7
126 3
2 159
111 186
3 73
3 71
4 3
77 2
54 2
125 178
104 2
196 99
140 1
3 192
2 3
1 77
24 4
82 119
29 2
1 2
12 144
1 119
4 40
83 186
195 1
112 190
4 2
45 7
1 194
2 61
6 172
77 2
113 139
51 1
102 2
144 2
4 11
1 6
32 3
1 104
1 180
3 4
17 140
4 154
131 3
2 1
112 42
130 1
42 4
1 96
2 1
4 3
57 2
115 2
129 95
150 23
3 1
136 172
162 4
48 3
16 111
94 2
3 140
133 2
14 1
2 3
2 1
20 1
3 2
1 4
1 63
2 3
2 193
4 20
1 140
20 179
3 4
162 1
3 1
9 182
82 163
4 1
121 93
179 4
3 4
43 88
1 181
9 3
156 1
4 151
3 114
4 152
4 2
2 193
2 52
87 108
38 121
2 23
130 1
46 3
195 124
32 1
107 102
2 3
4 79
122 16
128 2
1 119
183 4
155 3
198 48
1 185
3 7
4 32
4 2
97 40
122 4
75 144
63 4
134 3
2 197
49 193
145 2
3 129
2 4
1 187
4 184
9 39
45 72
76 1
1 2
167 82
170 188
80 132
4 192
1 32
178 60
2 178
173 4
2 4
4 113
4 102
135 178
2 73
159 4
164 4
199 3
7 4
4 133
2 132
101 31
153 2
60 3
70 2
179 56
149 188
176 187
2 142
173 2
1 2
43 111
151 127
166 2
3 163
38 4
27 162
4 3
3 99
189 7
101 2
142 192
199 1
88 4
3 76
133 3
21 2
126 15
4 3
2 3
1 3
189 1
1 182
78 8
179 3
2 87
4 17
114 123
4 44
52 177
2 4
169 4
90 156
2 102
2 167
1 3
75 3
1 161
71 1
4 88
10 120
1 94
3 197
114 1
174 3
2 198
11 12
1 3
3 1
36 37
41 42
42 4
3 143
174 172
25 4
2 1
2 4
3 147
2 4
75 79
2 4
4 3
35 185
167 147
4 1
99 140
2 170
176 136
4 2
89 2
4 166
4 3
141 156
1 4
3 2
1 2
143 123
36 33
84 4
159 3
2 45
2 90
4 33
2 4
189 2
23 63
1 145
12 54
118 1
2 4
57 126
117 3
173 117
59 144
4 3
4 189
3 1
31 26
173 1
70 183
131 1
112 140
3 41
189 145
41 156
82 110
125 3
2 3
1 172
15 19
146 17
1 170
106 2
2 3
168 4
2 3
3 2
80 3
156 41
200 158
3 2
109 181
1 4
3 4
1 113
4 124
1 138
33 121
167 107
194 3
157 4
132 1
54 4
3 2
188 200
108 4
157 1
26 1
1 102
132 2
195 132
156 2
46 195
1 103
4 3
16 119
111 1
1 2
4 3
1 38
184 120
187 2
4 3
40 109
4 2
2 110
2 4
97 2
2 180
39 19
2 1
179 159
1 3
115 3
2 3
60 4
3 4
4 1
1 58
108 97
4 1
73 34
1 3
1 178
148 2
2 1
136 2
151 142
1 3
174 1
107 115
4 52
3 166
1 2
1 167
150 3
2 163
2 169
48 22
82 4
3 194
4 141
184 163
4 2
3 14
49 2
179 2
157 97
4 2
10 45
200 4
3 76
2 30
4 135
3 2
3 2
66 2
3 133
3 102
84 77
78 81
1 2
8 3
48 2
133 4
1 133
147 110
2 3
105 2
110 3
4 2
63 1
129 4
144 162
2 193
135 46
99 1
91 2
108 174
192 90
8 1
197 161
13 3
3 16
90 3
3 106
1 102
1 4
4 3
13 3
4 2
2 69
3 74
27 147
144 161
113 167
106 2
3 2
1 3
1 37
74 2
4 84
174 3
186 154
3 2
55 123
16 10
3 107
68 4
3 115
79 149
1 127
3 86
2 52
119 4
4 3
3 1
3 2
136 200
2 1
45 198
31 48
145 4
2 1
5 46
149 4
24 102
130 3
116 114
175 101
3 4
120 42
85 2
3 39
11 4
2 4
3 142
139 4
27 4
1 4
84 111
2 45
3 2
1 3
103 4
4 2
4 2
54 182
17 34
3 127
131 71
4 2
9 1
4 36
38 1
4 3
83 2
57 182
2 1
109 3
154 3
180 98
172 128
184 99
1 2
1 4
110 56
4 26
194 196
66 1
140 137
1 4
142 34
65 2
45 59
1 138
3 54
3 1
66 73
68 1
70 3
1 4
36 57
56 3
120 148
3 2
2 135
112 151
21 1
187 19
4 170
4 72
3 96
1 4
99 2
19 1
61 3
1 175
139 2
200 4
1 2
4 7
151 77
2 4
3 1
69 1
74 3
1 3
149 74
68 132
4 121
154 4
103 97
3 64
4 1
1 64
2 38
4 44
4 151
167 1
132 170
156 4
4 2
45 3
3 1
102 16
69 4
2 4
12 165
2 16
188 2
135 2
83 2
3 111
141 197
27 77
117 1
71 3
183 176
4 85
76 99
4 55
78 7
47 156
3 162
200 88
95 128
140 4
2 47
9 102
24 102
157 2
3 2
137 131
2 96
69 188
2 3
3 196
58 3
16 49
190 1
42 4
19 182
3 134
199 165
1 3
2 151
7 85
2 1
137 1
95 4
156 2
27 88
75 166
8 57
3 118
3 96
3 4
1 118
175 1
1 2
124 96
3 37
1 108
4 3
2 130
1 196
4 133
157 3
2 122
32 2
4 2
17 4
190 119
2 3
3 2
90 57
2 199
71 3
190 133
4 1
3 1
102 183
41 48
1 113
4 2
2 161
120 4
1 153
145 1
4 171
173 3
94 95
1 178
3 4
2 110
1 172
3 63
189 8
28 130
9 82
3 2
126 1
4 195
121 2
45 1
41 1
180 37
155 125
76 35
20 4
19 189
123 1
2 81
79 114
99 2
98 155
177 1
3 105
118 23
84 4
47 15
195 2
55 102
1 4
105 171
2 4
4 147
4 172
101 72
3 2
1 2
2 97
17 4
191 1
32 1
3 4
1 2
131 75
4 194
177 2
1 27
3 105
3 2
2 167
1 144
2 4
102 4
3 108
153 3
85 3
23 80
2 3
94 4
1 3
2 1
2 107
3 4
96 1
4 156
4 2
193 135
87 94
2 1
48 27
49 192
2 114
169 77
188 2
3 175
132 4
143 8
2 1
87 69
2 3
2 3
131 178
1 4
1 61
1 4
111 197
4 74
115 87
2 1
192 4
196 1
3 68
120 41
4 97
25 4
1 30
36 23
49 126
179 2
16 2
20 67
3 118
186 44
9 11
50 189
2 57
2 187
3 86
187 120
1 111
1 3
3 160
138 165
142 4
2 3
170 3
13 28
4 16
89 3
3 89
1 3
2 1
1 28
49 61
74 4
4 194
3 2
30 54
149 140
4 1
95 1
82 129
1 4
2 6
52 1
4 2
166 135
128 1
4 53
4 37
3 80
4 2
127 91
1 22
30 4
1 2
4 162
5 3
121 3
2 3
3 116
48 2
2 50
3 174
92 1
2 87
84 59
3 180
3 183
76 84
59 4
4 3
153 137
50 127
175 3
2 3
164 1
1 3
2 1
189 24
33 116
3 1
4 56
178 131
1 2
2 74
2 147
2 78
32 175
1 108
96 1
1 3
1 10
64 3
192 185
1 167
50 4
1 117
35 129
3 2
2 3
93 2
4 50
2 64
32 124
24 197
1 2
2 62
89 84
161 170
24 1
117 4
3 69
77 12
4 15
2 3
3 1
70 1
1 74
137 4
4 1
196 144
4 2
2 159
136 69
4 1
1 4
72 4
30 4
1 2
4 112
10 165
3 5
150 26
7 4
115 1
116 120
4 141
52 51
158 164
2 121
161 2
35 1
1 3
183 4
39 2
4 2
3 33
30 109
4 3
133 165
156 1
2 12
3 66
58 3
2 34
154 55
2 3
3 61
4 116
4 2
3 4
167 4
188 44
2 158
3 104
48 3
1 194
38 1
187 3
4 132
2 143
87 4
4 82
191 4
39 4
167 190
1 109
153 9
2 3
3 1
3 171
2 122
105 177
1 3
4 101
190 1
111 148
26 3
34 69
133 3
47 169
190 162
102 4
189 133
1 177
3 67
179 1
2 197
45 1
145 2
168 139
1 3
37 45
198 142
89 85
108 127
20 44
3 24
1 2
13 189
171 14
1 154
3 2
57 165
4 20
4 123
195 1
128 2
174 3
180 149
2 3
52 4
128 3
4 88
4 3
3 178
76 2
1 15
1 163
41 48
3 4
96 150
4 2
1 34
28 39
45 187
87 37
118 113
6 168
2 59
31 1
4 78
4 174
2 13
132 10
188 3
70 156
4 132
2 147
157 172
119 2
101 3
3 139
2 115
3 16
2 3
3 1
4 81
33 69
3 2
4 3
92 78
127 68
4 1
14 3
154 4
3 102
47 2
85 2
156 175
60 127
2 24
3 160
2 1
2 47
192 65
18 2
1 2
4 2
3 2
1 33
72 2
4 68
23 183
3 146
160 4
1 35
1 2
21 3
144 3
3 155
151 3
25 3
1 4
2 94
12 4
2 1
56 81
3 6
3 2
121 180
64 82
1 54
54 151
3 149
4 83
2 56
2 4
108 70
23 137
2 106
2 46
108 181
44 79
21 3
46 1
2 1
3 89
1 2
3 1
3 100
3 120
4 3
110 116
3 4
3 1
1 2
1 109
56 12
147 3
49 15
3 59
3 65
30 61
3 110
187 2
29 105
3 4
3 51
2 63
72 68
27 4
133 99
138 198
3 199
4 27
2 188
3 85
96 1
1 4
48 149
86 2
8 4
185 150
1 184
167 87
175 174
5 4
2 96
102 1
94 4
107 4
3 153
59 2
1 66
197 181
2 62
140 100
123 50
71 4
1 4
3 2
187 112
45 4
160 2
12 1
1 179
4 107
103 50
181 157
3 10
54 56
184 2
2 3
1 64
29 2
124 2
4 2
162 63
179 3
2 108
1 69
4 140
3 4
169 94
57 125
170 4
188 4
45 68
4 108
3 105
134 183
4 3
3 4
1 81
4 3
1 192
51 100
94 157
160 3
169 184
3 2
3 2
2 42
2 3
4 106
2 1
1 186
2 1
2 17
4 2
145 197
4 40
197 3
1 197
3 83
89 13
1 5
182 1
102 3
83 119
4 3
136 96
3 1
3 102
36 1
3 4
81 1
176 181
41 4
2 3
48 186
65 2
27 2
104 193
1 135
1 4
6 4
188 2
138 185
4 187
2 55
34 3
47 4
91 1
100 153
2 3
53 3
26 188
1 147
148 2
2 129
2 168
109 4
4 2
36 139
197 3
85 2
1 88
1 198
2 4
3 106
1 145
136 2
2 1
4 1
4 1
104 1
1 153
119 156
2 3
1 180
2 142
149 4
47 2
1 2
3 1
148 199
190 104
4 3
84 90
1 4
37 4
2 35
3 4
2 170
4 40
3 57
4 193
81 1
48 61
160 4
3 1
3 197
1 127
99 87
4 1
164 124
36 2
2 18
51 92
158 2
1 2
54 4
3 112
4 9
3 1
8 143
2 3
4 74
37 1
38 33
3 157
1 2
161 108
48 137
3 1
2 4
3 89
3 166
3 2
13 3
3 78
143 4
2 155
76 3
4 154
4 1
4 56
2 5
186 58
3 139
45 122
1 4
33 91
18 1
1 3
57 4
1 3
98 11
2 48
1 3
96 66
30 179
3 17
94 27
46 4
33 84
4 3
144 124
1 172
2 179
114 12
143 53
172 184
159 1
4 199
1 67
129 1
77 192
74 51
104 37
51 1
1 2
1 180
1 3
17 4
4 86
156 2
169 4
154 4
116 3
114 37
84 1
69 2
50 3
13 1
106 50
86 21
195 57
4 12
1 83
4 3
37 102
55 117
2 103
3 125
32 4
2 1
3 1
50 1
97 155
2 28
3 189
1 4
143 3
160 14
191 60
1 2
1 9
50 123
182 1
169 1
1 3
4 3
4 109
37 144
2 125
24 1
130 3
1 114
4 79
47 3
1 4
3 1
37 176
3 1
62 22
154 60
4 2
43 3
190 18
1 104
140 37
2 131
2 3
106 3
1 132
4 28
3 88
176 98
2 26
3 1
119 2
65 166
3 2
3 92
1 15
35 85
59 36
25 3
2 69
3 2
187 48
7 1
3 6
6 148
82 3
164 181
3 190
94 124
1 192
4 2
2 20
3 137
1 2
3 43
4 1
162 3
157 163
189 3
1 91
19 4
1 18
3 1
3 81
58 81
116 2
4 110
84 30
49 2
152 4
104 4
3 125
1 3
4 2
4 2
3 1
179 122
107 156
1 67
4 2
2 1
79 2
1 4
190 169
2 1
2 169
1 80
4 173
101 67
45 4
116 4
3 38
1 18
200 148
4 137
51 2
93 13
37 4
32 3
107 58
1 4
34 1
3 34
3 106
4 3
173 1
3 33
34 167
3 98
198 3
1 2
54 18
49 3
1 94
2 186
129 3
4 3
4 2
42 2
2 121
7 3
3 4
4 1
2 35
12 154
73 130
3 50
2 86
166 4
93 3
83 4
170 176
36 1
10 2
2 4
2 137
120 3
1 4
2 9
1 62
3 1
177 119
4 2
45 1
1 40
4 2
4 143
110 182
3 147
69 192
159 2
180 3
4 1
66 94
199 149
2 1
1 3
3 40
165 1
62 159
4 82
11 3
2 8
3 36
43 88
148 2
3 117
32 1
167 50
3 116
2 39
1 70
3 2
2 86
5 1
85 4
22 4
2 162
3 22
196 121
106 3
117 9
128 134
116 4
1 55
56 2
172 3
4 147
126 1
80 46
193 154
4 1
2 7
4 2
80 61
1 3
3 167
1 52
2 63
47 3
3 1
131 1
34 27
2 197
86 147
78 2
98 3
3 1
2 121
104 168
58 3
177 33
63 102
30 4
4 2
2 193
160 1
78 2
4 149
139 70
160 1
95 183
4 1
3 4
48 9
3 103
2 3
82 56
1 4
198 82
82 117
4 195
60 4
193 102
1 2
1 82
135 136
122 4
48 11
3 70
80 1
4 37
2 4
179 15
4 95
18 2
2 139
106 1
162 188
3 36
174 4
144 85
4 108
69 1
10 1
121 107
193 1
1 3
3 1
2 75
3 198
2 137
196 1
4 35
22 4
1 127
4 114
83 126
183 119
170 19
103 24
23 1
23 3
13 150
14 25
1 4
163 141
3 90
196 1
1 4
66 2
4 81
110 192
4 1
73 3
172 162
38 3
1 4
10 36
174 1
3 174
27 1
4 39
4 16
3 8
116 72
1 142
3 2
198 141
3 2
3 170
1 194
15 72
4 28
18 109
58 144
136 77
2 3
3 4
4 2
4 169
134 4
2 4
3 183
2 4
121 3
2 46
45 110
1 3
158 200
4 1
147 13
2 3
18 3
3 2
3 2
176 1
3 190
1 84
35 159
3 67
4 3
2 12
3 2
4 124
102 4
4 3
121 4
4 102
1 118
4 3
2 136
113 4
2 3
1 3
154 4
4 2
181 26
3 47
141 1
166 52
3 2
2 105
36 45
191 27
1 3
77 1
1 163
3 154
40 101
2 64
112 179
25 186
111 3
117 78
2 128
93 4
159 1
3 1
95 99
2 4
138 2
2 166
2 75
114 3
1 149
186 1
4 3
191 4
95 73
145 82
82 172
84 2
1 2
1 3
65 1
2 3
57 99
2 3
89 22
32 55
10 4
143 3
7 2
41 86
119 167
56 1
200 2
65 193
1 4
2 3
9 1
80 3
13 3
93 131
68 3
187 46
185 27
143 198
4 133
94 8
3 100
191 113
3 130
1 2
49 4
149 11
17 1
34 3
1 4
188 61
4 36
62 112
106 1
3 4
1 147
87 181
3 4
43 4
73 2
55 142
4 125
181 3
1 4
4 162
161 176
185 69
139 71
153 24
2 126
4 2
154 104
2 188
1 145
2 3
4 1
35 3
4 1
116 148
3 1
150 4
193 103
188 2
18 1
114 3
77 53
81 129
1 49
1 68
68 38
36 35
4 3
4 38
2 189
188 3
148 3
18 1
136 112
193 55
3 1
123 4
38 2
1 136
200 2
37 3
134 2
3 74
98 27
4 42
4 111
50 119
145 1
154 170
2 4
4 189
2 1
3 4
3 2
1 34
8 91
2 1
46 186
9 80
164 187
34 4
1 40
155 143
1 149
148 199
39 70
88 114
2 178
53 3
3 184
114 1
3 135
2 78
63 20
11 123
4 3
190 4
128 18
86 3
4 93
2 106
87 1
2 131
21 40
181 73
1 4
30 4
4 33
2 3
1 168
1 4
167 9
3 2
118 147
48 2
9 4
1 4
124 13
168 115
73 2
18 3
166 2
2 4
4 55
95 2
68 2
124 20
71 138
141 29
1 64
44 2
198 26
98 64
2 4
170 4
2 38
2 3
1 40
2 4
100 3
154 121
188 2
3 2
105 42
3 2
184 4
3 20
3 25
1 117
82 135
4 3
191 3
108 9
128 52
1 93
1 2
4 193
170 1
73 17
162 4
1 117
70 66
101 4
176 128
3 86
3 38
2 172
1 4
4 1
135 2
1 3
144 3
3 4
172 3
193 4
62 1
1 130
94 60
4 187
175 1
1 171
3 1
159 174
4 1
3 20
1 30
2 3
56 54
2 3
115 176
179 4
3 46
8 183
3 4
144 1
133 193
50 161
30 117
1 146
4 17
2 46
68 3
144 52
40 65
3 187
2 4
1 65
17 4
3 179
4 55
2 127
2 4
158 2
3 29
25 27
1 34
136 133
2 129
1 163
164 1
134 2
100 176
177 1
1 24
51 3
3 2
3 62
36 53
2 4
170 4
2 141
1 4
1 59
4 1
48 158
143 3
3 162
4 93
155 101
3 50
1 3
3 143
171 72
2 3
178 95
115 164
1 180
123 3
195 2
181 1
4 3
1 3
36 1
3 154
1 4
17 3
2 96
192 172
1 2
2 1
1 2
2 189
4 157
91 153
27 21
1 4
2 193
4 2
43 2
3 2
4 3
184 69
4 63
144 12
33 1
2 4
149 187
3 4
1 3
2 56
57 1
2 168
4 1
1 3
57 2
111 126
164 151
157 26
55 1
169 1
141 4
20 2
3 190
1 4
4 41
138 110
197 1
176 107
43 13
123 68
48 144
180 16
2 3
1 38
125 189
178 8
81 2
3 4
94 93
101 3
3 167
153 1
3 82
1 4
166 3
10 128
50 197
2 1
159 132
178 164
108 165
3 5
147 37
162 122
4 2
118 60
8 3
4 3
182 2
3 158
1 86
2 14
1 15
61 99
87 181
128 93
3 114
4 95
177 3
2 44
2 121
2 3
3 2
4 3
3 107
1 4
1 74
2 199
139 3
2 4
2 173
4 134
4 135
163 1
3 1
3 89
135 2
113 188
163 62
2 1
3 2
2 1
3 62
4 111
199 73
3 4
21 20
4 8
1 11
3 83
4 2
114 1
115 143
4 1
180 164
3 108
2 91
192 4
127 49
197 41
151 100
135 166
55 159
3 1
4 25
197 176
1 54
2 4
142 115
158 4
1 37
138 3
3 67
63 2
65 194
2 1
4 3
35 3
3 38
1 144
5 55
38 90
153 115
4 2
1 42
125 4
3 81
27 3
3 118
8 2
92 3
2 4
132 160
2 124
4 2
2 1
104 3
1 32
4 135
184 3
4 169
153 149
143 4
1 118
31 58
2 105
37 3
176 4
4 112
188 153
137 184
146 133
2 4
4 1
173 142
4 2
3 4
3 99
2 183
1 124
200 3
1 145
180 30
128 1
4 109
122 116
88 109
4 48
78 4
190 86
1 3
191 151
3 166
72 1
77 4
1 76
164 1
21 186
1 125
189 89
110 89
125 43
2 162
2 28
3 45
138 99
169 2
3 26
4 120
2 150
1 17
4 73
54 32
2 69
51 66
43 120
1 3
105 9
4 132
1 80
7 71
16 2
54 2
4 127
3 164
135 164
4 3
156 2
3 124
3 100
9 147
169 49
3 128
122 169
1 2
118 183
69 2
4 199
3 91
2 92
42 1
2 108
3 4
186 136
185 116
150 4
3 27
1 3
189 21
1 168
3 4
3 1
2 3
119 3
184 200
163 3
132 1
2 1
118 1
66 2
2 200
2 4
64 54
3 1
115 1
2 1
103 2
173 4
2 131
3 165
93 3
2 107
58 129
1 47
4 64
193 104
1 83
71 59
83 4
4 78
174 105
1 3
89 140
72 136
61 38
112 4
164 177
2 119
3 199
2 1
97 188
124 4
88 2
4 1
165 2
1 2
2 3
162 3
111 4
2 3
1 155
3 157
110 4
3 2
172 101
151 58
188 4
164 3
2 139
43 1
4 61
2 128
139 132
73 2
189 154
3 2
3 194
96 2
4 198
87 72
2 117
3 82
27 3
1 2
85 44
4 3
137 196
64 121
190 1
64 169
4 1
91 1
28 167
194 1
153 1
64 2
14 2
2 101
138 4
173 24
88 11
1 4
3 104
4 155
1 2
3 4
2 3
1 54
4 1
139 64
186 1
3 1
110 4
2 8
4 2
182 2
2 3
1 2
11 3
1 3
2 199
174 32
106 3
1 188
3 2
138 2
109 3
2 140
1 126
2 84
164 2
129 126
6 73
1 17
4 167
199 3
3 48
1 4
110 72
2 182
2 7
1 4
141 1
1 4
62 70
171 144
133 72
87 15
4 66
42 8
4 193
62 1
3 105
3 183
195 120
193 189
38 161
4 2
3 71
4 2
106 4
3 4
2 4
124 32
4 168
130 80
4 3
180 3
40 144
181 6
71 176
1 146
99 2
151 4
199 2
1 150
2 122
1 34
65 4
4 56
3 1
1 138
2 133
3 4
62 41
158 133
62 200
2 149
199 106
2 145
2 184
21 3
181 143
1 4
4 3
42 196
197 40
1 44
4 33
4 3
76 3
2 1
9 4
183 104
65 94
2 67
66 128
4 3
3 69
135 82
2 4
3 2
66 43
2 88
151 21
2 1
6 2
4 193
170 20
183 157
23 2
2 24
4 119
4 2
4 34
20 2
2 3
3 5
135 4
4 3
4 169
2 3
83 1
67 199
3 184
4 150
2 1
24 165
3 23
93 43
3 6
1 154
191 69
4 50
168 2
2 8
83 53
3 1
194 3
1 37
110 1
3 4
29 72
19 2
197 4
2 161
3 1
167 173
3 1
2 112
120 185
41 132
4 179
2 9
1 4
75 4
193 3
77 51
1 40
1 2
1 2
3 1
154 4
1 4
1 3
3 2
4 2
3 1
73 4
91 3
2 189
110 3
176 188
168 182
12 195
105 128
156 2
168 3
1 3
1 3
1 159
1 124
1 121
1 4
1 170
2 28
4 1
54 20
142 3
86 4
4 1
128 187
106 127
31 29
184 196
1 29
76 2
101 84
22 41
104 2
79 93
1 4
94 2
85 2
12 106
1 4
1 197
2 21
1 117
82 119
1 68
3 2
4 1
4 173
147 4
2 190
2 129
1 108
3 88
3 2
3 1
2 4
161 3
52 172
3 2
1 4
187 141
2 1
4 38
3 76
190 4
180 38
78 2
114 125
143 34
4 174
3 171
13 2
192 3
1 7
1 177
2 34
75 179
78 4
174 3
15 1
3 4
151 49
51 2
133 3
147 2
124 2
25 54
191 159
4 52
3 150
162 4
144 53
116 1
97 1
1 155
1 63
3 80
139 2
121 3
1 2
3 1
1 3
151 121
4 15
2 99
2 159
151 2
171 1
166 133
58 194
2 173
3 30
43 2
61 2
109 2
78 34
41 99
2 4
3 94
1 59
1 3
1 57
3 34
1 3
137 151
28 4
2 1
80 79
143 164
82 146
110 1
73 1
2 1
3 196
188 130
1 3
39 33
2 3
1 4
33 94
2 4
136 199
2 5
124 2
3 1
193 4
5 1
1 198
3 42
3 15
70 119
62 4
2 3
118 1
2 1
3 1
59 165
64 2
13 98
4 1
2 30
3 122
30 1
4 3
195 11
30 2
4 91
44 3
4 137
2 179
127 2
3 4
1 7
10 3
25 4
133 3
1 57
3 190
4 37
173 3
160 1
1 4
1 4
4 2
122 194
59 83
195 4
4 2
145 2
168 179
179 61
19 1
4 6
2 148
129 1
37 88
4 3
35 94
168 3
2 139
4 176
2 4
3 1
2 149
2 3
3 195
33 4
157 2
128 3
189 192
3 72
10 4
1 2
138 1
88 85
49 116
200 2
3 2
4 3
4 36
2 4
4 49
52 20
3 152
159 82
4 77
2 74
1 9
18 104
74 1
3 70
27 88
1 166
2 10
177 4
57 143
44 89
4 102
3 58
73 151
2 109
63 2
43 91
2 3
4 1
2 65
17 1
4 2
3 123
3 34
2 74
4 63
4 3
180 96
4 2
185 188
2 1
4 1
1 2
2 151
102 100
3 12
2 1
1 18
6 3
5 82
3 157
122 1
99 36
1 2
1 2
3 4
116 2
3 105
4 2
2 1
3 155
4 29
3 2
2 67
191 95
3 4
14 34
1 23
155 4
3 115
3 1
146 2
27 3
153 1
119 175
10 4
3 127
1 47
18 3
3 47
112 47
4 3
114 192
2 1
3 2
2 91
1 26
115 2
45 167
3 136
66 136
4 3
1 35
3 1
45 2
1 4
78 34
1 140
1 24
78 68
61 194
1 200
117 6
3 185
1 134
1 193
2 4
91 1
126 77
103 3
3 2
3 193
67 3
3 166
2 188
3 4
151 2
1 87
93 4
98 89
4 1
1 53
2 194
178 136
178 103
78 103
177 52
141 13
189 3
3 171
1 192
2 3
4 3
30 4
1 84
3 2
2 1
96 48
199 121
4 2
168 174
4 144
140 47
117 1
4 2
2 141
102 122
1 179
4 95
186 4
1 9
4 16
66 3
1 3
96 2
1 4
3 98
2 100
4 178
150 4
168 3
1 4
2 1
125 72
1 73
1 104
165 3
32 4
2 8
3 53
22 197
139 4
130 126
4 1
1 193
41 36
1 2
144 158
131 134
3 79
153 1
157 2
150 1
3 1
1 170
27 2
3 2
3 2
2 4
154 113
184 4
155 3
4 2
116 4
138 51
3 1
1 3
4 99
13 1
2 132
181 1
3 149
4 158
3 101
86 49
1 4
4 40
195 3
4 24
4 35
4 2
3 146
2 184
152 3
17 127
3 180
4 1
2 1
76 3
3 164
196 2
4 3
2 149
127 183
1 85
98 4
127 4
72 2
72 4
131 3
1 4
3 82
97 2
175 43
163 1
109 2
16 30
2 27
4 2
144 25
54 1
4 72
3 4
1 182
18 4
4 2
173 1
4 3
110 45
60 54
4 21
181 56
171 2
112 4
2 3
1 107
2 4
145 1
182 2
3 1
2 9
2 1
3 157
120 72
200 134
100 2
145 4
1 90
3 2
40 3
54 185
1 149
2 161
30 168
3 2
163 4
4 181
149 4
4 67
11 179
180 93
100 2
3 112
2 3
79 4
14 96
40 2
3 93
2 3
109 4
165 4
4 117
4 188
1 3
31 4
3 180
125 158
4 45
116 138
141 4
107 4
1 42
128 4
2 34
195 121
1 185
1 4
2 4
1 37
88 17
140 68
113 3
3 2
13 143
80 186
2 199
1 3
3 121
1 161
78 33
194 1
4 1
24 4
182 2
1 2
4 20
3 128
2 1
1 5
100 2
1 29
3 93
159 3
2 4
86 3
25 128
1 187
1 16
2 110
105 1
4 138
171 1
119 189
23 4
45 52
50 15
139 2
28 179
2 178
4 137
9 59
4 3
6 1
62 2
3 148
1 127
2 92
26 182
3 155
2 1
2 1
61 94
125 90
101 3
148 191
151 183
121 192
10 22
29 3
1 149
131 63
1 3
22 4
2 3
1 4
137 3
21 3
68 1
92 96
4 1
4 87
144 167
119 1
105 92
1 89
155 2
4 2
1 2
42 1
45 72
27 109
155 3
2 136
3 1
4 1
1 3
40 3
4 125
193 2
3 63
3 2
154 1
158 1
1 40
4 56
2 118
2 1
182 1
46 2
138 2
168 1
153 4
124 2
178 2
88 3
147 176
151 193
3 174
3 4
66 4
26 50
3 4
82 1
3 171
115 4
21 185
4 2
135 142
198 159
121 60
3 1
80 1
15 42
148 3
3 141
1 4
3 34
23 188
43 1
133 3
2 4
103 4
101 175
2 185
14 1
1 4
1 3
1 145
95 199
102 1
4 141
192 3
16 4
2 196
136 4
3 47
176 173
4 145
165 1
4 2
95 174
4 2
159 26
125 4
3 4
94 4
1 147
131 4
2 3
181 16
3 181
2 3
18 2
153 121
3 36
144 123
82 1
21 3
114 4
3 44
13 18
1 187
46 173
112 1
152 189
3 104
67 3
8 146
184 4
116 3
4 17
83 1
4 2
3 4
154 2
2 75
99 1
52 162
142 100
137 4
155 1
2 95
2 4
191 3
4 152
4 3
161 168
55 19
151 3
128 1
42 99
3 2
32 4
2 105
2 61
195 143
194 8
27 1
40 49
54 197
3 1
4 65
83 127
1 4
21 2
116 169
2 122
1 2
1 103
152 1
172 3
65 115
3 123
157 2
3 1
1 18
122 2
2 22
181 173
95 31
156 2
109 3
52 18
172 1
30 143
152 3
2 161
1 3
1 95
131 2
187 4
1 200
1 79
185 4
94 137
149 186
69 1
83 28
157 3
3 4
1 63
14 59
193 1
160 61
99 72
1 4
2 4
1 2
4 3
83 92
3 85
1 100
157 124
68 4
1 2
4 1
3 168
182 4
3 160
83 136
3 110
165 1
1 156
81 4
145 2
82 19
1 77
8 110
2 1
156 170
146 1
2 20
3 68
77 184
62 2
133 4
3 4
3 4
2 5
2 63
1 4
42 2
3 2
126 135
4 2
90 151
1 199
1 142
3 130
2 4
13 160
2 26
3 4
159 4
194 64
168 3
75 10
15 132
26 4
4 157
3 171
1 3
1 166
2 4
66 3
3 1
4 2
18 85
1 12
2 157
3 4
2 4
4 1
2 117
3 191
125 1
161 29
153 1
180 78
3 2
2 29
142 4
175 2
2 3
4 112
79 108
63 47
3 73
1 112
4 3
133 4
1 66
2 4
55 1
3 116
158 4
19 4
180 169
3 2
148 21
58 166
4 2
22 1
111 1
3 190
3 165
1 13
110 98
13 3
2 149
117 1
1 115
16 129
166 3
4 3
21 2
1 2
29 51
4 115
14 11
2 181
1 2
189 165
13 82
4 77
1 20
1 194
1 2
4 115
147 3
170 1
105 147
190 3
32 3
2 1
2 192
2 78
1 3
134 2
3 52
3 4
81 3
65 164
40 4
101 3
3 4
152 3
4 2
38 110
3 84
174 2
200 173
23 200
175 1
1 4
194 145
1 3
4 20
109 1
2 133
32 4
118 3
36 3
194 4
1 90
1 57
149 3
89 10
4 126
61 1
4 140
4 154
4 97
3 4
4 2
3 4
111 82
26 167
1 18
3 1
4 2
92 3
116 1
4 1
4 115
200 4
1 167
71 16
3 1
131 3
2 11
3 2
2 4
24 3
1 3
43 4
119 49
1 2
3 2
77 3
127 190
3 179
133 4
1 3
1 2
1 191
38 1
3 1
67 15
4 113
59 183
1 92
3 1
76 117
109 98
108 25
2 73
69 1
3 109
59 1
188 4
1 4
11 3
3 44
6 2
83 2
4 1
3 169
188 4
2 1
1 71
89 106
4 78
107 1
38 70
4 168
91 2
2 87
154 121
