200 400 6 10000
53 37 720853
6 133 36176
1 77 303510
24 1 423825
194 107 624010
164 132 519608
3 181 894441
160 125 708351
103 199 674907
2 119 842323
5 97 177533
106 36 480080
40 199 940311
127 186 895861
39 46 752849
186 27 445630
140 186 136995
6 98 3964
33 2 973238
8 2 854052
26 22 199899
119 169 146804
36 163 33440
3 156 709038
3 180 581849
146 3 535200
129 59 107660
32 1 520426
77 52 990743
76 126 459770
37 32 23707
171 155 487391
1 121 545862
42 4 225826
96 163 430406
45 5 691819
167 4 267508
1 49 524441
188 198 530218
1 97 277107
200 1 796449
70 129 743875
117 145 560998
153 108 50998
81 75 718730
98 191 11299
147 3 871559
199 44 810734
1 90 537147
180 82 927206
139 193 336585
141 91 241723
106 141 950325
107 160 541675
90 112 698743
3 26 822350
56 104 176222
5 58 989338
1 25 85920
35 116 118500
37 121 371
146 154 266475
70 95 42729
146 54 260924
15 1 182285
18 65 934441
61 150 337684
1 35 720317
197 155 255746
92 192 856407
2 177 418174
2 45 288759
190 154 752159
97 173 410991
172 2 185297
159 11 157570
69 13 818505
193 4 887751
137 5 137193
183 137 114325
4 196 513109
25 18 207153
5 36 140481
54 116 83739
90 48 704893
5 77 538058
177 4 408320
4 16 446882
154 140 282964
119 67 129999
2 16 682054
8 5 210412
3 14 926532
55 33 730801
145 69 663610
187 130 319066
91 4 44780
66 165 60550
9 2 445032
114 5 954814
137 178 128912
6 78 156424
44 180 53655
14 83 533592
53 129 552341
96 33 776317
5 111 512538
122 154 877348
3 182 841736
160 66 209501
146 128 936753
119 133 96444
9 161 272787
4 103 273511
124 168 967284
144 193 869890
6 14 255266
51 154 772578
36 105 659439
33 1 203224
43 3 944215
175 134 69744
82 132 538094
20 37 7334
120 5 126269
22 187 580461
191 78 54702
154 44 688915
65 6 669060
84 118 447083
112 119 801697
24 145 18195
126 39 518982
158 76 564560
7 76 1762
164 3 184120
5 168 378747
140 129 210888
24 176 211207
1 197 718763
88 1 834153
19 132 361759
103 39 342876
3 118 669947
81 118 851991
166 153 653547
18 106 965907
4 93 342131
11 3 419653
170 3 149954
4 168 621562
94 3 6951
35 21 121581
142 65 897128
4 72 42348
6 195 646350
3 111 550980
84 2 87292
140 4 469491
49 8 575976
186 173 969649
1 169 495263
125 173 363733
168 136 624627
151 5 827339
183 31 820813
3 42 273918
133 160 46806
4 138 359598
144 188 455313
77 5 504575
124 63 431207
10 23 368718
151 188 347256
108 136 784959
190 106 65433
15 146 625270
163 2 693822
130 3 925958
11 76 160216
151 27 144798
199 73 214994
175 1 345406
42 5 711565
103 142 203346
181 8 280022
120 33 635048
148 87 109213
22 3 236184
143 40 799603
27 6 583630
150 193 310857
140 3 946846
31 189 230857
126 31 93976
200 81 761319
160 11 218549
160 92 495136
188 36 416436
146 10 886904
35 129 294558
2 59 456549
187 76 769992
186 147 714057
108 37 792625
72 8 752655
83 66 115267
150 21 538508
110 30 483556
29 171 151836
118 110 294918
2 12 198921
10 102 941020
44 1 554746
175 2 201338
200 60 690282
157 7 439938
10 119 112737
1 55 324886
106 44 77004
6 194 247541
104 2 783253
4 179 771342
39 3 191919
150 66 951973
191 3 251158
138 3 172893
2 46 395726
21 1 95899
187 83 458530
146 2 669149
133 110 640733
16 124 734842
133 5 51329
125 6 119960
8 95 326442
186 6 222256
71 111 847022
116 174 323420
11 54 259446
6 197 76924
2 131 782002
85 66 451307
32 8 430150
21 191 166747
134 2 67498
90 95 101015
4 131 131911
195 152 24476
34 131 456182
157 194 345735
123 121 847827
11 98 524895
72 84 680782
168 130 25715
40 187 267336
11 69 270066
70 124 138418
67 33 295811
10 11 63577
101 17 349550
84 6 920841
115 193 294046
134 135 459012
5 61 272003
130 194 173856
1 167 558925
193 200 627677
129 2 16690
131 109 117738
91 155 368586
137 159 740220
161 128 967786
10 2 376845
5 155 497404
109 56 715789
72 44 709006
106 17 312005
40 13 810655
1 163 933478
22 78 868504
78 72 83247
131 126 202582
40 103 75271
71 153 331107
135 58 827247
8 35 596614
16 144 980281
39 2 729796
37 3 751023
21 125 521969
198 7 724658
146 5 929382
52 154 558957
197 90 901803
40 110 281180
40 8 984495
73 5 943258
138 10 489010
2 96 595084
122 90 240948
135 6 792355
169 10 247324
36 3 77203
39 78 774685
3 19 843362
155 38 354783
60 68 159378
128 193 759943
172 24 661757
33 92 496514
104 4 638664
46 23 712905
60 200 589685
17 86 167905
151 4 100424
17 105 16693
101 114 592257
108 6 402964
81 71 602151
17 165 391706
178 3 345561
82 40 447430
67 65 547040
10 190 508643
152 43 756419
17 200 460215
178 19 877592
161 105 795388
128 56 136603
91 1 729587
56 26 618733
26 198 926319
89 145 745401
151 60 128974
12 2 238531
110 11 192283
27 22 151336
1 86 389474
32 87 904
110 200 712380
102 35 624084
119 36 77553
43 178 645170
129 26 72901
55 1 305851
72 170 878565
23 2 668739
6 1 10014
42 9 934829
82 104 437847
27 36 661802
4 110 959989
52 4 35671
64 3 590742
145 55 433272
23 90 753067
109 51 825841
4 99 446465
32 4 822374
59 174 670383
4 10 687815
6 108 48263
25 133 841653
5 15 858436
4 117 676713
11 159 469772
149 152 884504
6 183 168172
125 133 69412
2 24 333266
44 86 135635
11 2 285602
19 117 153143
66 40 918478
11 42 677382
167 200 62134
49 23 502206
174 111 556326
83 3 772948
82 96 86734
1 186 317234
143 121 94218
37 81 253661
28 6 126227
101 21 5870
141 197 645647
9 7 907282
15 20 805101
33 39 892043
141 117 283852
87 151 378327
29 146 377459
106 150 415416
8 152 682134
99 12 369920
83 190 674808
181 2 567810
65 3 169831
2 178 94063
1 5
2 6
4 46
1 63
5 173
4 5
151 137
3 1
2 153
51 123
4 3
200 3
149 3
67 5
3 1
5 64
1 4
32 77
6 4
19 2
1 4
12 3
18 3
4 2
43 21
3 5
2 6
176 5
93 117
6 70
53 6
2 64
24 4
1 107
126 5
1 4
1 171
40 154
3 2
1 4
160 4
162 123
38 195
154 4
49 72
167 6
2 5
5 173
77 4
2 183
85 6
2 3
12 4
5 2
35 3
148 89
6 155
116 6
103 6
119 42
2 65
142 2
63 5
107 150
36 67
3 1
3 11
6 158
159 127
85 5
128 2
20 8
102 6
2 43
130 1
132 3
177 57
1 3
20 1
4 6
151 109
184 158
175 1
4 23
192 53
121 1
1 3
174 6
6 4
5 4
1 80
31 82
2 144
59 10
4 176
161 77
104 136
160 6
48 46
5 73
6 176
99 3
137 117
1 6
3 4
5 143
2 5
108 105
87 61
161 151
4 143
156 3
3 43
178 112
1 4
4 135
107 26
2 64
127 39
178 4
139 91
64 5
2 68
141 191
186 103
133 184
3 139
180 1
112 6
99 13
2 3
123 5
6 162
130 3
165 2
79 6
157 1
160 2
161 41
139 4
4 163
6 3
2 5
5 160
189 4
1 15
158 1
1 2
6 2
5 7
29 3
6 70
4 1
143 3
2 142
6 2
131 130
47 15
44 32
15 3
134 3
4 92
94 49
1 3
20 51
193 175
112 20
113 7
92 83
3 4
4 183
3 194
5 4
5 153
4 67
5 6
55 4
184 1
5 153
193 3
134 33
5 6
98 190
53 161
4 6
30 96
48 5
2 96
1 20
66 5
136 2
143 29
64 90
164 6
14 1
5 83
195 56
5 179
187 2
58 147
126 55
28 6
46 6
3 143
43 6
19 23
3 16
2 192
2 3
44 4
5 1
37 23
1 3
48 6
3 2
6 5
27 11
3 127
20 43
115 162
2 1
5 174
32 5
94 162
1 4
3 49
173 2
5 139
2 12
41 5
189 3
117 134
32 3
34 3
2 5
2 5
139 2
5 3
5 105
6 55
94 167
200 5
2 23
172 66
87 40
19 180
142 45
1 3
165 49
1 4
120 4
4 129
2 167
109 6
13 3
2 6
149 6
6 4
23 4
4 6
1 165
125 1
197 70
3 2
109 62
5 3
192 4
6 23
3 5
6 64
169 1
44 39
3 6
1 4
3 125
3 4
1 131
1 200
3 165
7 6
68 2
6 154
5 1
57 82
186 3
146 3
106 82
160 1
2 5
173 188
4 3
3 172
2 4
78 5
194 12
163 3
110 32
4 5
2 1
6 197
111 112
173 82
21 2
50 95
1 2
169 45
103 3
5 153
158 94
55 26
176 5
86 70
3 110
1 170
169 1
111 2
91 150
3 42
178 4
6 1
5 66
6 191
4 163
2 131
4 148
3 1
1 5
6 2
3 1
141 83
1 132
168 6
173 6
1 41
3 65
4 167
5 6
6 127
5 4
5 2
57 62
3 120
2 58
179 102
60 77
147 137
23 6
93 176
6 11
5 79
190 153
110 1
152 33
1 6
152 147
18 3
46 4
3 4
193 50
1 25
6 1
119 6
3 128
99 70
112 4
1 6
2 5
55 1
2 102
173 6
165 5
5 2
41 70
2 199
6 4
111 36
76 6
2 6
198 111
3 163
1 5
5 55
30 17
6 1
2 92
6 19
167 4
4 186
6 5
30 75
182 3
180 20
43 185
138 51
72 6
47 15
4 67
124 176
65 27
109 5
103 3
3 29
6 4
3 6
2 77
5 164
183 1
1 74
193 4
34 5
153 132
5 161
4 6
5 67
2 130
124 140
1 6
2 198
5 4
6 5
5 8
20 6
102 58
4 5
151 32
4 77
83 5
119 3
1 3
120 93
1 87
124 2
1 3
163 5
64 2
3 67
110 5
4 2
55 66
4 145
71 152
126 73
48 3
6 3
99 100
181 22
5 7
1 4
47 106
123 1
2 140
46 6
5 6
2 5
18 92
42 40
3 5
94 4
2 77
179 2
5 147
160 5
58 4
14 194
153 87
155 6
126 3
59 42
177 153
152 6
48 5
4 65
116 3
28 55
11 87
4 3
135 2
5 182
1 4
45 2
4 6
6 3
17 6
2 6
136 6
157 6
117 136
3 97
3 178
4 3
122 3
2 56
30 32
6 4
46 6
165 28
6 1
5 157
4 142
2 6
176 4
173 4
1 49
32 49
161 31
2 120
1 6
5 3
55 2
159 33
166 115
43 196
134 108
3 1
90 128
179 2
6 4
1 146
1 87
177 1
120 3
71 1
125 7
165 129
3 2
90 120
2 3
186 1
2 136
162 193
13 196
5 181
3 96
186 27
77 115
6 5
96 1
2 5
4 5
6 1
6 4
23 170
104 173
4 3
172 75
50 185
6 3
92 200
100 1
6 72
3 5
3 6
195 3
119 5
6 10
6 4
1 5
72 6
5 181
6 100
109 1
3 2
4 6
6 1
8 1
101 116
124 121
1 6
5 89
194 5
6 190
186 30
5 4
61 4
58 2
4 1
3 1
5 57
5 113
174 5
7 2
179 6
4 114
86 50
34 3
82 173
6 125
4 38
5 178
115 3
1 4
137 123
23 3
143 4
6 11
5 4
4 53
82 42
4 91
169 1
108 113
14 90
5 6
120 6
42 155
119 2
63 5
93 12
166 1
1 5
6 88
52 74
45 1
5 6
2 3
129 2
167 6
3 4
4 6
72 1
199 3
98 76
109 2
2 4
23 188
6 1
4 137
1 55
2 100
150 2
62 94
20 130
2 5
191 3
158 56
5 6
88 106
1 32
4 143
5 6
6 18
4 2
197 6
56 1
135 4
5 2
6 2
4 1
108 54
163 35
103 2
114 97
60 6
5 1
44 2
44 2
6 4
4 30
10 7
6 4
92 6
11 174
3 5
154 3
3 86
1 3
1 197
199 26
5 165
2 3
97 34
189 45
5 52
111 6
61 2
6 1
128 2
197 127
1 2
114 1
3 157
6 7
129 6
3 1
1 2
6 5
74 5
130 4
109 187
176 5
145 4
113 174
6 1
1 4
170 5
68 6
4 193
139 133
170 49
155 58
4 129
55 6
197 67
105 29
5 3
188 70
20 1
4 2
3 15
134 1
2 30
175 5
150 78
4 172
6 120
3 5
93 1
5 67
2 6
185 6
3 5
94 3
155 1
174 4
6 156
143 68
4 75
90 168
130 168
189 2
39 152
1 26
1 2
74 165
39 1
127 1
4 165
86 27
2 6
4 80
195 2
5 53
3 2
16 186
5 6
3 115
5 1
132 1
53 200
14 5
3 4
1 5
73 175
42 3
196 113
28 2
190 22
121 2
196 188
4 191
20 5
2 52
2 149
5 96
3 136
4 162
124 4
180 18
49 6
77 2
3 119
71 72
1 18
67 1
150 73
6 23
3 2
93 6
3 109
1 114
1 140
3 144
113 5
37 102
2 4
185 2
24 3
189 6
4 123
3 4
4 122
20 1
142 3
5 128
112 56
16 6
135 96
3 5
130 2
97 4
128 4
63 4
6 63
53 145
1 51
4 3
144 162
64 2
108 115
181 31
30 118
1 4
4 108
196 167
183 22
39 184
127 2
2 5
46 4
135 6
5 3
4 160
113 13
59 88
3 148
5 3
94 6
87 88
3 5
32 6
1 2
3 165
3 1
2 3
171 6
5 6
164 140
194 9
1 22
6 2
7 77
7 3
6 2
3 183
75 6
132 4
6 85
50 55
2 172
1 4
134 84
2 3
152 6
1 2
5 32
176 69
6 4
27 5
160 23
72 4
107 6
115 98
5 1
3 70
1 3
5 155
87 1
67 81
172 59
4 67
24 5
5 53
3 1
133 2
1 2
130 2
133 3
42 2
2 1
6 78
1 62
6 178
141 5
124 11
200 6
30 2
74 4
5 1
88 132
153 6
111 6
2 82
6 135
153 110
3 45
27 4
29 130
5 125
35 4
3 99
84 5
32 53
6 42
194 2
2 5
2 4
5 2
3 106
4 31
1 2
162 40
5 6
3 132
155 98
4 97
1 66
101 3
4 132
6 3
52 6
3 83
11 3
71 88
1 4
4 35
16 123
3 108
68 158
6 9
2 168
6 1
3 1
36 95
2 141
3 4
170 101
2 196
2 55
4 2
1 112
60 3
2 40
94 33
1 197
5 1
43 19
78 5
3 2
128 99
171 6
126 3
28 3
12 5
86 34
179 6
1 195
2 163
118 2
78 196
39 91
3 6
4 105
75 3
5 79
1 188
4 42
4 146
6 1
5 53
2 6
6 1
37 6
4 176
2 5
126 1
2 4
1 5
1 177
102 1
122 4
143 5
12 4
3 112
159 80
70 3
139 147
162 4
2 180
3 88
2 178
78 38
53 128
3 6
6 191
15 17
34 49
56 172
2 5
140 174
2 7
66 89
46 1
6 182
17 180
97 2
99 5
111 5
102 2
61 1
93 6
60 85
136 12
17 5
177 1
125 1
154 133
72 145
3 121
146 5
4 149
4 3
1 194
166 1
63 85
2 1
84 4
1 7
101 4
1 2
3 78
185 1
6 3
108 116
6 2
189 182
3 158
47 6
173 61
7 160
52 4
2 5
153 4
15 95
6 23
6 66
97 5
6 101
5 51
3 4
121 5
5 3
14 4
30 133
6 2
6 1
70 77
4 126
64 2
167 5
6 1
6 3
3 95
190 6
40 3
1 81
144 4
3 145
140 4
6 189
2 3
2 84
83 6
2 104
115 1
170 2
6 3
4 2
21 6
6 51
99 167
184 2
2 34
128 1
10 1
99 145
146 189
100 33
190 3
3 131
125 3
5 134
6 1
63 3
37 5
1 38
3 1
159 2
150 157
181 49
106 25
36 5
2 1
6 122
29 175
170 1
4 121
2 4
68 91
91 6
102 1
159 2
2 5
2 27
118 70
1 144
2 75
5 45
6 3
6 2
102 170
5 163
6 182
55 6
3 179
43 98
179 23
6 184
151 134
109 17
5 3
1 6
111 3
98 1
3 161
6 132
78 5
159 6
2 5
4 23
4 1
3 4
1 3
69 97
104 88
4 1
179 143
5 1
6 2
3 101
50 57
2 1
155 175
4 1
6 167
4 1
1 4
87 115
14 1
1 148
5 152
152 6
2 101
3 2
155 1
167 3
184 140
1 5
2 6
1 5
200 66
83 187
4 5
131 127
2 4
1 25
5 4
6 75
2 148
174 1
5 6
139 4
27 3
5 6
4 5
6 2
3 4
180 38
6 52
3 36
193 165
200 3
1 2
2 123
66 89
86 6
3 105
1 4
98 4
47 6
82 6
4 15
3 4
1 5
77 24
89 4
166 5
10 3
134 6
11 52
111 4
34 101
3 148
162 1
93 32
19 1
99 186
2 135
149 1
167 6
121 12
4 5
6 109
4 160
197 117
177 130
33 96
4 6
53 111
74 31
127 6
29 154
113 166
187 57
5 108
198 151
168 2
6 160
4 6
4 5
6 4
6 133
156 155
158 101
189 75
123 3
4 1
3 108
2 107
131 145
2 105
2 3
34 19
30 153
1 6
6 184
51 1
3 142
21 35
4 3
3 4
17 157
26 2
96 6
27 174
5 4
1 75
175 6
63 130
1 5
2 98
5 90
1 3
6 3
59 104
114 54
5 178
5 184
3 191
183 37
6 1
4 157
113 99
4 101
12 4
6 1
4 6
2 1
63 6
4 153
2 1
142 29
193 108
4 82
182 3
30 3
4 102
6 2
5 104
1 2
128 4
179 118
97 151
78 6
155 6
132 125
183 20
185 106
25 1
171 2
2 154
6 3
2 193
90 93
59 52
162 1
5 4
3 5
110 95
6 3
6 25
148 5
5 114
105 6
1 3
173 4
194 12
3 131
1 5
69 2
5 47
3 6
69 1
55 59
160 129
39 90
5 1
197 1
118 129
4 2
105 1
3 72
174 4
5 1
2 1
8 5
25 3
27 133
65 83
79 5
101 137
85 69
6 49
5 3
171 1
1 25
60 2
2 6
130 1
4 181
155 6
198 1
5 99
2 97
6 1
110 2
119 3
1 14
42 5
45 6
3 194
85 65
38 6
2 88
1 2
1 50
23 72
192 5
22 13
1 2
68 97
2 33
2 197
1 71
5 3
4 135
108 31
3 132
108 4
195 3
63 3
74 192
6 142
5 63
11 62
1 70
86 177
25 108
6 4
157 88
5 188
5 4
6 102
1 4
6 129
2 182
4 46
1 3
3 4
132 6
6 2
5 130
44 126
5 61
1 90
137 110
4 6
6 78
3 2
148 1
103 29
2 1
198 36
88 62
5 170
88 102
5 6
154 170
48 42
5 110
2 137
182 127
5 129
2 113
3 5
3 20
3 1
149 6
159 4
9 50
5 1
3 4
5 57
123 110
24 5
186 169
78 13
150 193
3 163
5 2
6 5
172 94
4 58
69 2
121 5
3 5
4 102
32 1
96 99
187 56
39 132
183 109
66 160
6 2
5 6
147 178
12 2
2 196
97 2
24 176
4 6
1 41
6 37
99 1
2 52
5 99
4 6
150 4
167 3
3 153
43 5
6 126
7 156
189 5
107 2
2 79
4 13
4 6
67 24
40 1
3 41
156 1
5 169
12 86
153 116
121 7
142 132
12 6
94 101
26 195
2 129
1 148
117 106
71 199
186 61
194 168
171 9
4 166
189 2
191 185
4 6
6 47
104 98
5 200
3 1
4 72
193 174
106 89
3 142
46 102
1 123
157 112
6 1
128 59
6 5
185 2
6 176
138 1
48 3
167 132
104 4
2 176
4 2
7 6
195 5
1 121
3 14
178 43
25 75
15 186
115 120
3 80
59 161
122 5
106 1
6 5
133 2
6 130
2 5
1 163
2 193
111 5
2 3
57 5
1 102
5 196
3 2
78 168
2 84
66 146
72 3
138 160
101 6
6 174
3 1
14 198
75 2
5 92
66 133
105 119
2 4
4 21
3 2
1 3
8 6
170 130
3 5
56 2
88 2
3 2
40 1
123 43
94 2
150 35
3 1
6 1
5 129
4 63
193 4
26 5
3 83
88 144
4 5
32 195
1 112
56 33
2 4
5 3
15 2
6 3
5 95
128 4
160 5
6 145
104 40
76 114
4 37
6 2
70 45
4 78
183 4
3 187
5 4
6 5
4 80
139 109
5 126
107 3
32 122
4 196
6 1
5 2
178 22
182 5
3 144
10 112
11 173
5 33
1 120
3 172
5 4
177 42
52 58
22 1
4 5
16 121
59 6
30 146
183 12
44 5
69 64
29 136
3 1
4 119
17 174
5 1
86 2
191 94
187 56
130 2
124 1
86 1
2 3
93 4
17 1
23 96
107 57
6 5
199 6
158 5
2 29
30 3
24 3
5 4
59 104
100 45
74 120
59 7
1 118
4 128
4 2
2 9
89 4
167 106
5 79
44 6
3 5
18 135
2 4
40 169
3 64
72 128
181 1
1 87
4 139
181 5
2 74
2 4
192 52
5 1
99 161
134 3
2 166
2 5
5 37
78 2
3 1
191 184
2 41
4 197
22 3
1 5
6 158
2 5
158 190
2 164
1 8
5 6
1 59
126 3
4 8
189 22
78 40
5 44
2 5
4 6
2 93
40 32
5 140
1 177
2 3
5 113
6 1
5 2
6 123
166 192
5 64
150 3
150 6
5 1
82 5
102 4
20 128
153 6
47 177
3 157
101 3
1 105
79 85
1 57
159 98
154 2
82 4
80 6
1 5
26 152
4 2
94 1
6 10
117 2
3 94
154 3
112 13
166 3
99 151
2 120
57 2
6 5
173 2
160 155
188 94
89 2
60 24
192 6
153 3
2 132
41 3
190 5
106 1
5 3
4 2
114 196
2 71
6 18
188 107
154 5
2 1
6 32
2 135
2 185
6 3
3 144
1 131
39 3
3 2
6 79
166 2
165 46
3 1
6 182
199 5
3 5
93 6
2 139
1 134
58 66
176 171
56 66
116 112
121 174
28 167
2 124
5 6
1 128
1 4
140 1
6 85
9 4
4 130
3 57
11 116
139 5
5 38
44 178
4 6
6 142
46 162
1 4
6 51
10 95
5 71
149 5
4 2
20 103
5 1
1 45
47 112
82 5
9 22
4 3
65 79
1 174
4 36
1 179
119 6
151 13
180 2
105 184
5 41
187 4
6 5
2 47
2 4
3 7
133 3
104 63
79 175
126 3
79 77
2 4
3 4
5 142
4 23
1 3
126 1
1 72
2 4
6 4
5 2
4 5
6 142
3 189
6 14
191 5
6 182
6 177
149 5
6 5
5 1
57 79
73 116
3 127
1 115
27 1
6 2
4 191
188 171
158 3
86 6
143 6
100 2
174 3
76 4
3 4
6 196
196 108
53 5
1 4
44 27
6 1
1 184
140 14
6 167
174 1
97 135
159 3
91 163
5 75
6 1
3 145
5 6
132 1
5 1
169 95
62 1
47 21
135 4
3 196
86 173
197 50
3 86
27 6
3 159
1 16
6 1
54 81
168 74
6 1
1 191
2 55
191 4
3 191
116 12
127 3
2 3
150 110
4 50
60 151
4 75
59 10
1 3
1 3
5 3
20 193
1 3
174 128
156 1
10 3
2 135
126 4
1 146
153 2
4 38
146 7
3 38
165 79
1 62
65 4
20 5
86 2
2 137
26 126
5 4
3 123
182 63
104 2
195 150
4 5
54 68
5 113
35 4
144 183
5 3
122 1
126 185
4 158
178 5
81 2
2 50
2 125
95 5
6 118
6 3
158 77
152 105
4 57
2 193
3 190
4 125
56 19
148 150
35 173
124 88
158 3
2 184
48 40
175 29
161 159
5 161
6 3
30 176
3 22
100 3
5 47
6 187
1 25
1 2
17 72
2 82
4 6
4 2
184 47
124 66
170 2
5 167
3 108
3 5
5 3
4 38
5 117
31 55
6 2
8 176
138 6
171 21
32 36
2 18
141 8
178 1
141 6
3 143
193 3
4 162
2 6
121 21
33 4
2 186
3 188
97 5
32 157
5 6
50 5
4 5
2 45
2 5
116 132
90 66
145 3
163 1
2 5
4 1
200 6
5 122
2 139
109 5
6 2
54 161
6 199
187 1
33 173
3 56
108 141
1 2
190 82
5 1
194 5
181 197
198 6
162 3
6 176
196 2
6 69
192 173
1 153
2 6
134 26
3 107
4 5
41 4
3 4
5 4
5 153
6 4
3 1
6 1
5 3
3 175
132 6
6 4
1 2
78 3
2 184
2 4
74 17
4 1
2 7
135 54
34 5
6 167
100 186
110 197
1 190
2 1
2 5
166 6
1 150
86 74
1 65
153 38
1 11
1 6
6 20
9 4
152 86
79 3
3 6
144 6
85 2
5 41
113 79
133 101
3 195
192 1
5 74
61 152
6 1
24 4
88 187
170 103
1 4
1 33
3 6
19 4
1 188
96 154
119 3
1 6
119 2
40 160
114 4
148 6
153 174
72 139
109 4
113 5
6 3
159 2
20 117
2 3
6 22
2 96
185 162
3 152
33 6
54 195
6 5
111 6
71 29
54 4
96 153
162 4
5 3
4 150
183 122
77 56
85 61
4 67
60 2
5 89
3 126
169 82
2 4
4 65
6 141
1 3
4 6
190 1
6 5
5 167
172 188
1 2
130 140
110 2
45 5
1 5
110 194
160 163
4 95
60 3
6 135
41 140
2 161
4 77
2 4
4 1
54 92
6 147
4 5
183 163
105 3
4 6
4 6
16 149
5 146
169 4
100 2
4 145
157 6
5 6
82 78
65 163
79 2
2 187
176 2
183 1
56 3
6 149
2 6
137 2
132 2
63 93
6 143
165 1
71 29
184 66
3 6
5 2
186 1
183 4
6 18
53 2
38 101
21 5
45 118
3 6
5 6
1 18
5 6
132 130
2 139
63 158
98 4
1 22
65 3
163 14
190 5
6 190
5 4
156 114
1 29
2 31
173 4
5 4
6 5
3 182
46 150
6 3
69 3
6 52
77 4
74 14
3 1
4 98
1 97
135 196
6 5
58 2
1 57
190 15
179 6
6 5
185 20
2 62
4 76
4 194
5 185
175 152
4 1
1 53
5 166
49 82
5 130
166 2
4 5
1 64
180 154
2 55
4 128
1 168
7 141
1 73
153 2
3 55
190 28
35 156
1 4
9 96
3 5
2 3
2 83
177 14
5 1
6 154
3 4
75 4
177 3
6 5
134 199
3 4
164 4
141 3
5 1
177 90
187 6
191 109
2 23
6 4
2 3
1 88
4 150
119 2
5 2
75 23
127 195
3 19
64 6
46 91
97 151
3 6
6 18
29 2
4 184
2 77
4 71
3 4
5 1
20 22
193 3
183 200
3 33
1 3
1 110
116 3
131 114
5 4
1 4
185 3
3 4
41 1
3 157
3 6
110 185
4 5
177 67
6 2
168 18
4 5
4 93
4 190
1 175
73 2
3 85
139 142
182 3
4 87
2 165
8 146
133 1
1 28
5 50
21 40
49 19
5 183
1 4
146 5
80 5
188 116
115 1
53 5
4 109
97 4
117 2
39 1
147 1
4 14
6 4
1 15
1 3
5 161
3 75
6 40
1 5
141 30
16 5
3 57
50 35
184 110
4 2
6 5
165 3
153 1
50 4
6 64
3 4
170 3
2 4
1 47
134 2
6 179
6 158
7 4
177 163
6 5
1 68
136 150
174 159
133 3
165 57
1 3
3 1
4 122
81 2
33 191
5 161
5 4
112 4
171 177
135 3
6 2
5 4
4 1
86 36
24 195
170 1
111 5
20 42
3 120
127 72
85 4
6 4
1 183
1 30
146 4
2 5
2 160
1 3
3 5
2 104
58 6
27 5
181 164
4 1
39 3
176 17
179 2
3 77
3 6
138 73
2 59
19 93
2 17
6 26
119 189
6 163
196 6
198 2
2 3
154 52
5 186
2 3
157 4
6 4
2 6
4 92
148 64
73 4
100 70
160 1
2 167
5 7
6 96
4 49
108 1
53 40
4 40
6 3
105 4
6 49
3 5
14 5
5 6
140 116
1 55
183 127
23 4
159 6
3 179
2 35
4 14
125 126
92 124
4 83
3 6
3 51
1 187
1 5
41 5
30 27
65 3
4 1
3 1
3 1
66 2
35 6
5 9
110 194
75 2
2 5
194 4
1 79
6 104
2 4
180 3
3 161
2 177
5 1
171 32
2 167
153 30
85 60
6 2
6 176
63 5
82 5
6 118
161 10
102 5
4 82
1 120
152 2
1 6
170 180
1 5
169 4
25 2
2 42
2 76
4 30
75 1
94 4
5 76
176 1
177 1
19 69
5 138
108 127
3 4
13 4
5 4
5 4
145 142
2 78
2 6
198 48
30 1
101 158
4 45
4 6
6 43
1 5
120 1
4 92
32 1
60 5
22 3
180 6
4 10
4 6
1 181
1 6
163 119
61 5
6 3
55 63
1 175
1 12
3 98
4 36
167 161
155 1
4 1
4 5
14 2
180 4
171 4
31 2
122 56
172 32
63 189
4 138
6 4
85 4
1 4
4 28
120 1
4 6
6 1
98 3
5 126
173 4
4 182
5 164
159 137
6 1
124 107
140 42
2 4
4 5
4 5
6 47
191 6
1 3
4 103
1 2
199 42
7 96
195 192
2 4
158 185
3 5
6 7
16 18
5 162
1 153
132 133
168 8
1 148
77 109
4 3
3 2
24 5
137 43
62 5
172 146
5 1
85 1
93 6
113 39
65 160
1 90
141 6
189 5
22 3
178 168
3 60
5 94
130 5
133 2
1 77
39 101
1 53
2 129
6 89
97 66
191 133
3 2
61 68
84 3
191 3
5 1
17 1
5 83
5 35
105 1
155 3
173 194
94 5
22 6
2 1
6 1
2 5
6 177
3 4
5 200
119 6
2 1
124 1
47 4
6 93
6 121
5 6
3 2
99 4
194 18
4 127
1 5
6 134
1 150
2 176
73 2
1 194
101 185
33 112
103 4
6 112
42 148
72 18
32 3
5 94
2 131
117 82
6 190
79 12
188 5
4 3
25 6
200 4
4 195
6 90
1 4
1 2
56 3
185 1
1 194
1 5
21 144
56 179
2 123
46 2
5 44
1 12
4 5
76 55
76 6
84 4
5 3
68 14
1 7
55 39
4 58
16 2
5 3
35 3
5 1
6 167
6 3
71 4
153 67
193 4
56 5
1 116
6 158
1 5
26 52
2 6
3 75
4 3
2 151
2 158
57 2
22 5
2 190
2 115
101 90
4 182
17 4
44 20
6 155
105 4
31 3
32 192
1 57
8 1
34 63
5 6
112 2
5 2
2 129
135 4
58 148
3 128
3 1
122 31
56 166
3 2
112 4
1 2
2 169
198 66
64 4
4 2
100 5
115 2
26 41
191 4
4 103
89 135
3 6
1 118
194 1
122 5
1 41
61 4
3 4
5 2
6 3
5 4
53 107
166 5
4 2
40 109
121 3
182 6
191 3
97 1
131 4
5 55
42 5
4 94
5 200
6 5
46 150
107 3
6 8
38 6
3 112
6 4
167 6
108 172
126 199
5 4
176 1
138 6
14 84
6 96
48 1
106 159
117 6
2 87
72 81
142 4
16 109
6 10
16 5
3 51
33 186
5 3
4 6
5 3
58 6
141 1
197 5
36 4
70 73
16 42
4 5
106 5
5 3
5 120
4 3
166 1
160 2
5 6
44 161
31 18
3 152
136 3
5 36
27 4
2 198
182 3
2 25
85 4
68 10
140 4
85 17
1 127
173 192
14 3
4 3
17 6
42 141
3 4
3 187
1 3
2 6
51 4
4 3
2 6
102 4
63 4
1 198
195 63
20 3
85 2
6 3
1 171
6 3
4 143
176 3
1 6
177 73
3 133
4 100
22 86
161 34
4 2
27 4
4 81
1 4
194 1
3 1
87 3
6 197
4 3
182 6
182 124
6 113
160 4
1 101
200 163
5 176
4 165
2 185
2 33
5 3
125 5
38 2
3 73
180 6
6 142
107 16
4 2
190 165
140 74
3 169
3 6
107 36
5 144
6 167
4 48
166 3
6 2
3 79
4 1
6 56
172 63
5 67
67 121
114 6
153 113
7 5
5 1
121 5
6 35
6 4
118 1
2 16
6 134
142 6
1 186
179 2
120 3
72 1
115 5
117 3
5 4
154 57
68 191
174 2
104 145
3 4
61 3
4 2
10 5
66 55
196 5
4 5
8 1
87 6
10 1
1 127
152 4
6 179
68 117
53 113
75 32
70 193
167 16
2 4
15 4
44 94
168 59
124 3
100 2
193 2
4 158
53 97
109 133
6 100
32 105
200 6
1 31
106 3
148 5
17 102
145 3
81 6
106 1
1 115
4 3
2 128
46 5
4 3
136 6
93 1
114 3
2 1
117 16
2 20
103 2
1 88
68 1
2 1
4 12
103 2
198 155
5 85
31 4
94 16
25 101
5 2
100 41
25 1
137 1
6 4
2 143
26 6
174 165
6 4
3 160
4 1
169 6
6 3
106 1
157 3
5 4
20 6
1 123
3 65
76 3
6 14
3 100
17 4
131 2
137 4
140 152
79 22
57 4
74 6
5 4
87 185
4 62
3 5
16 5
44 22
50 101
95 103
169 4
6 1
171 1
2 165
64 2
4 6
150 1
1 5
2 173
149 170
3 41
40 97
160 20
160 5
126 1
43 4
188 1
88 47
2 127
5 6
72 12
6 4
4 62
6 36
118 3
4 147
2 1
174 13
141 72
143 95
1 4
100 5
9 3
3 5
182 4
6 147
169 98
1 2
4 114
40 121
6 4
187 2
2 6
6 2
3 141
11 193
49 170
111 49
17 33
3 2
6 54
3 134
6 2
70 125
1 6
6 71
1 33
196 54
177 4
165 5
113 2
194 111
6 1
4 45
109 36
151 138
6 4
33 99
18 4
61 80
2 4
195 2
109 23
86 115
45 4
2 3
1 2
6 1
138 6
1 146
5 39
78 176
6 171
195 80
164 5
5 2
5 78
141 6
95 5
162 25
1 4
3 165
17 104
175 184
2 4
68 2
124 1
172 6
2 102
90 67
4 6
32 75
1 32
4 138
57 129
2 199
1 2
186 1
6 1
42 124
91 2
200 155
40 104
8 2
1 166
94 6
4 87
14 149
39 102
6 3
149 2
7 102
58 96
1 168
142 199
167 105
28 3
3 151
35 5
5 3
154 1
150 5
6 5
128 65
5 3
17 55
4 1
142 6
184 190
3 6
3 95
5 6
5 4
4 1
2 6
8 5
109 16
6 5
6 3
176 4
18 65
4 6
6 88
4 5
5 195
4 3
31 3
5 67
83 7
2 168
120 185
3 5
128 42
6 3
2 1
24 85
1 2
4 188
1 176
3 4
3 178
3 167
183 194
1 5
161 4
146 70
4 87
24 3
5 22
6 66
6 71
5 122
5 1
1 75
165 135
6 170
134 161
169 20
8 3
6 55
155 140
198 60
197 5
172 31
33 2
47 127
96 5
63 5
72 5
16 42
19 118
1 161
2 65
33 3
186 93
96 153
66 133
2 20
80 65
6 4
23 1
150 191
5 57
2 6
126 160
70 5
170 123
3 95
4 3
4 2
6 5
164 167
5 60
104 3
1 84
34 1
43 173
6 5
5 4
135 168
60 3
176 5
3 124
47 5
6 5
184 6
1 175
123 1
142 131
6 3
3 110
155 6
1 162
3 178
26 2
1 3
1 3
40 1
4 71
4 1
185 3
3 6
158 63
77 32
103 3
59 185
27 4
5 6
61 69
162 5
144 131
123 1
56 25
68 2
195 4
97 6
4 3
6 40
1 4
167 5
170 182
2 3
51 2
5 151
2 142
40 6
144 175
25 2
2 5
4 16
62 34
6 1
130 5
6 154
5 106
177 1
5 1
138 72
43 146
193 152
133 5
64 104
4 1
81 3
12 10
5 145
2 80
6 3
144 51
195 111
3 128
6 3
6 45
163 4
176 185
142 10
122 2
161 28
4 2
5 92
129 18
6 3
163 41
97 5
13 124
152 4
5 1
121 3
6 3
146 1
198 4
3 14
185 124
86 5
2 184
131 6
165 4
2 193
136 4
3 27
122 2
10 69
5 136
5 1
126 39
147 2
164 4
3 146
183 1
163 191
122 176
5 3
74 2
31 93
4 55
3 4
5 92
12 1
4 6
119 2
74 142
1 2
61 4
166 4
6 103
111 6
114 5
154 11
2 197
142 1
91 3
20 184
159 186
51 2
66 63
97 104
58 3
107 41
188 138
4 6
67 2
3 58
59 35
24 54
6 115
4 3
4 34
4 173
4 67
1 200
1 4
4 5
109 6
143 72
3 61
112 3
5 36
10 4
1 122
4 145
3 84
6 57
1 48
50 23
45 2
2 200
171 88
177 188
94 43
4 72
1 6
164 149
182 2
1 3
3 44
2 5
5 93
3 6
3 166
6 1
177 5
6 1
101 112
6 176
108 41
72 119
2 110
98 129
4 189
168 5
4 3
140 18
181 164
191 11
123 154
5 6
141 154
55 2
61 181
170 43
2 4
30 61
114 6
5 143
132 5
3 34
41 5
148 3
12 2
172 193
16 5
148 40
5 82
44 1
2 4
59 121
23 11
175 89
64 3
150 72
1 6
5 168
100 2
15 114
6 139
147 6
6 196
4 198
2 52
109 149
3 40
2 6
61 4
1 172
3 92
4 2
37 112
4 2
3 171
6 105
61 6
1 5
199 3
149 1
6 25
3 178
26 3
57 2
5 71
6 30
3 6
3 6
96 102
1 121
4 2
60 5
6 23
59 4
133 2
1 17
1 10
5 147
144 1
50 1
2 136
4 99
3 1
3 184
190 1
6 4
77 108
4 5
94 4
5 134
92 6
2 91
3 143
2 168
2 12
14 198
6 171
2 172
6 5
6 2
146 49
1 2
4 43
2 1
198 4
3 28
52 23
35 26
182 39
6 4
3 182
94 1
37 1
3 148
5 6
4 178
157 59
6 129
1 200
27 4
10 100
167 29
4 86
92 120
82 2
3 99
117 4
5 4
3 74
190 3
194 1
3 19
3 61
87 1
184 88
3 44
5 14
5 38
75 6
105 52
5 15
116 2
4 44
147 16
5 147
5 1
167 150
141 161
115 175
3 5
4 3
4 118
1 166
10 5
6 104
1 57
183 5
59 195
1 138
2 1
136 1
132 6
168 9
1 151
4 3
6 1
3 2
5 30
58 2
73 2
6 4
49 72
72 3
1 198
3 181
64 50
9 120
6 5
2 199
2 62
124 1
3 1
3 6
133 2
85 3
30 1
183 3
4 6
145 101
68 4
144 20
50 26
199 3
108 169
30 3
5 134
147 1
2 5
165 7
1 64
6 137
176 1
150 4
4 192
104 2
2 6
160 3
62 13
5 128
6 155
84 174
2 176
3 5
197 198
37 5
4 1
1 18
23 6
4 20
56 139
3 53
94 1
5 3
194 52
179 1
1 40
114 80
78 6
50 2
5 3
4 2
3 23
3 92
86 92
174 90
139 117
5 160
3 4
2 198
158 21
6 4
4 6
3 13
174 44
6 91
114 179
1 61
194 6
190 148
28 3
6 57
3 5
3 5
111 65
1 4
13 134
1 161
83 6
136 83
3 46
4 106
199 17
83 6
111 2
191 5
148 56
122 83
134 152
1 175
8 56
104 189
136 127
109 5
109 2
39 198
176 189
5 50
6 182
1 161
90 147
3 74
4 14
132 2
62 3
29 184
5 4
14 2
186 185
158 2
154 40
3 183
3 2
3 4
5 4
186 59
5 1
1 5
3 1
53 77
4 140
74 3
90 5
3 110
3 198
95 4
6 25
2 143
2 3
1 3
194 140
1 4
177 89
41 73
18 156
77 4
196 6
2 38
164 185
14 17
176 72
1 140
97 5
68 22
6 132
1 6
189 111
5 4
4 1
125 5
99 2
94 4
24 4
2 3
200 6
177 4
154 3
2 174
1 6
162 190
3 171
35 1
199 149
125 2
5 95
3 48
170 2
4 125
2 96
3 132
5 155
6 166
4 55
1 105
2 184
45 41
23 100
4 181
22 200
4 2
3 1
2 56
1 4
56 34
170 105
3 4
16 136
3 43
1 2
3 1
3 48
49 186
2 101
88 16
181 3
60 1
1 2
6 2
4 164
5 176
2 5
2 165
4 5
101 6
180 112
112 136
177 3
6 2
5 2
4 84
110 107
4 6
48 4
160 2
144 140
6 18
2 1
16 92
64 161
23 6
1 3
73 152
104 13
3 186
2 3
156 2
1 53
3 6
5 83
7 154
120 3
110 155
181 51
20 34
1 101
4 2
94 168
6 4
102 5
158 152
1 140
5 90
2 6
1 2
180 90
3 6
162 110
2 33
1 4
184 104
175 4
1 161
5 60
71 137
3 1
110 2
1 17
60 5
5 18
8 194
1 3
179 2
6 2
4 5
155 141
170 2
4 6
57 6
5 61
3 5
2 6
169 135
84 116
1 67
96 70
67 1
4 2
132 173
4 5
5 38
174 6
3 5
106 158
195 1
34 2
6 98
27 162
5 4
2 105
1 6
99 10
22 4
22 5
6 26
92 138
188 58
5 68
6 144
49 5
177 5
5 82
2 6
6 192
40 77
5 81
26 2
130 123
6 155
167 17
2 39
97 1
17 136
57 1
150 34
1 93
73 175
3 5
72 196
41 174
99 4
68 108
2 5
150 4
13 1
159 1
193 50
6 4
192 48
6 150
137 2
169 1
1 6
143 100
1 5
158 13
122 156
1 6
1 194
4 2
61 62
134 5
152 1
2 65
2 79
106 52
31 6
5 199
151 18
4 6
183 3
193 4
39 1
6 49
5 3
6 49
113 1
120 198
17 18
3 2
7 3
122 114
4 35
171 5
5 6
1 198
115 2
34 2
6 1
6 66
129 3
178 6
4 115
10 1
2 71
4 98
6 80
2 6
40 1
2 6
14 44
106 1
38 75
81 155
4 5
130 6
1 4
6 164
3 144
81 100
74 5
5 6
2 1
172 53
5 4
5 3
134 1
106 3
55 5
77 1
1 27
6 122
97 181
132 117
3 123
6 8
1 4
177 77
5 144
86 46
83 131
134 48
18 120
63 3
152 2
6 149
133 4
164 5
3 172
1 4
171 196
179 1
2 126
24 2
3 161
10 4
21 2
53 46
193 5
147 6
119 5
161 184
6 53
2 94
182 1
148 2
158 2
198 2
152 65
199 4
5 1
3 5
4 194
6 74
6 161
124 95
5 6
189 32
38 23
105 6
194 3
148 5
148 179
5 143
97 5
166 99
4 3
174 5
5 16
160 66
6 5
48 51
64 3
6 147
75 26
3 5
140 150
1 82
178 191
133 6
3 4
3 134
6 1
6 4
86 3
2 1
34 58
77 6
155 6
1 85
4 2
1 55
6 176
4 3
154 5
12 54
30 148
1 22
98 5
173 6
109 84
1 3
56 138
1 6
5 1
4 5
1 4
102 191
13 62
6 1
74 4
170 6
133 36
179 137
19 111
81 44
6 195
6 178
3 80
5 23
6 97
2 138
2 143
1 4
76 2
38 4
6 112
195 5
4 2
4 2
4 93
6 25
84 138
4 38
19 1
2 1
2 5
6 5
6 5
147 1
53 1
96 41
4 2
16 4
193 188
6 10
79 35
5 42
122 35
191 6
65 5
1 2
170 1
163 6
2 28
180 1
5 24
13 39
4 96
107 1
190 1
31 46
19 33
189 157
1 6
5 10
150 2
2 132
3 4
6 172
6 158
131 134
1 6
190 6
4 143
3 1
4 106
4 26
2 1
6 2
2 6
79 6
199 3
31 22
1 119
1 2
5 6
2 176
52 89
194 147
180 111
101 83
145 3
1 131
118 135
6 116
2 12
96 6
123 5
3 14
148 3
1 193
3 1
6 2
72 1
6 47
16 125
4 49
4 5
168 144
19 4
1 23
73 5
148 174
129 137
2 122
6 38
78 123
4 92
83 1
73 5
186 1
116 3
4 55
1 197
102 3
33 56
121 171
143 3
13 59
88 98
4 194
71 51
148 63
36 138
2 1
5 50
5 1
3 191
6 186
5 4
5 6
93 6
1 41
107 3
198 84
37 187
4 1
68 110
1 88
6 85
61 127
137 1
126 119
141 3
132 6
6 102
5 159
2 1
80 123
194 168
176 192
158 197
5 4
151 2
186 129
4 29
1 3
3 88
141 111
80 146
3 1
75 1
94 65
98 200
160 6
6 177
114 40
2 4
199 120
188 145
1 4
70 4
1 5
193 3
25 51
165 59
2 105
120 6
5 147
42 155
4 156
130 5
99 4
165 149
35 158
189 171
2 118
97 5
5 33
4 199
186 131
34 23
15 5
6 5
189 31
4 182
92 2
6 25
2 3
194 3
5 1
6 178
2 3
189 86
3 2
32 161
2 4
78 148
155 31
1 120
128 114
6 74
4 29
4 1
183 1
70 199
4 187
55 2
6 1
6 49
3 24
3 161
1 5
170 4
5 51
2 1
68 59
33 129
8 6
6 1
55 49
4 5
3 5
168 4
1 38
5 4
196 156
133 3
59 146
149 155
115 2
4 145
85 84
6 2
183 97
109 79
7 5
47 9
162 86
1 125
1 200
185 157
5 106
104 27
76 6
141 1
48 1
195 150
5 173
150 3
1 4
56 45
38 41
20 15
6 68
137 1
33 6
5 3
3 1
6 1
104 28
5 193
4 17
3 6
5 6
168 45
20 1
170 3
106 6
132 173
15 126
193 3
5 3
3 129
25 5
1 188
150 177
5 6
179 190
6 22
80 3
72 1
152 3
2 18
2 5
2 162
147 196
177 1
2 114
5 6
29 38
50 129
2 3
88 54
5 124
5 1
3 109
2 3
154 4
6 1
104 5
4 181
89 114
3 6
5 2
1 159
50 4
6 5
5 1
36 170
60 26
105 18
17 6
142 138
24 186
3 2
87 37
5 6
3 49
5 142
55 80
2 6
2 119
32 165
2 5
1 34
200 185
126 38
72 63
55 6
2 4
173 6
122 172
3 19
5 74
120 5
10 20
1 2
1 170
190 151
5 173
79 6
95 51
3 160
127 4
6 182
53 4
193 53
76 4
160 1
3 91
108 5
1 6
69 140
3 6
4 60
6 60
52 186
162 5
1 194
5 1
3 2
70 2
6 5
177 4
112 6
144 146
96 6
2 6
2 6
166 113
49 1
175 187
182 153
136 5
5 3
2 5
1 41
2 3
92 4
4 109
96 51
6 130
28 181
23 6
41 9
6 120
193 148
1 2
43 4
66 6
3 200
30 123
142 2
3 4
6 199
36 3
28 6
2 3
3 4
3 187
4 2
2 198
45 133
6 31
1 3
1 2
132 134
3 5
2 3
4 116
1 40
6 92
10 31
6 2
4 5
2 4
5 1
116 146
1 79
86 2
180 6
91 126
100 67
70 16
48 16
54 5
155 82
74 73
143 1
3 5
144 180
4 17
101 127
2 126
131 34
134 1
175 2
6 20
4 1
100 6
155 5
100 2
172 6
9 195
6 2
5 126
192 82
193 119
19 120
3 24
4 2
6 153
1 125
1 4
6 84
5 139
169 4
6 2
2 30
1 2
175 139
78 4
3 95
3 1
2 1
38 141
146 46
83 92
158 168
4 197
101 42
121 9
106 6
3 111
31 2
186 4
157 133
1 109
33 75
4 2
186 166
3 6
33 66
182 15
52 145
56 144
137 4
5 6
4 51
121 5
30 135
32 5
3 140
119 55
3 2
82 4
6 4
122 67
62 35
2 166
11 50
5 59
95 27
3 2
1 104
1 3
103 121
99 128
4 6
84 140
176 38
48 184
26 106
4 2
176 178
4 84
6 4
72 2
1 84
167 31
4 5
4 6
45 6
58 4
175 2
6 2
179 7
162 189
5 12
178 5
2 192
99 5
90 2
21 118
166 103
6 161
49 28
183 3
145 88
5 2
5 1
4 3
1 5
90 2
155 135
157 52
154 130
11 1
166 116
5 4
5 135
184 1
12 152
1 4
74 136
143 58
2 5
2 5
6 1
5 6
105 4
2 3
122 6
71 4
1 5
118 104
179 163
163 33
70 42
79 1
4 86
4 174
6 200
21 1
57 2
139 85
1 100
1 184
121 6
6 5
3 160
134 120
4 1
6 33
62 169
4 5
5 196
90 82
5 1
5 1
5 197
22 6
161 200
3 2
62 2
179 2
5 2
8 4
3 147
4 156
199 72
6 4
1 6
2 22
174 2
5 23
5 187
168 181
5 2
131 4
5 40
2 3
2 52
147 3
6 130
184 6
79 2
1 6
3 119
92 5
3 140
3 1
6 4
6 4
90 34
3 199
5 41
4 3
4 1
3 89
3 123
3 87
6 2
6 38
196 118
83 159
3 1
3 6
4 164
3 166
4 18
2 31
5 135
134 3
5 61
14 102
6 98
5 134
35 6
1 2
5 99
2 186
3 130
5 6
49 6
137 119
5 166
6 130
68 2
5 6
112 76
3 4
2 140
1 131
194 95
4 123
154 120
91 4
79 3
139 6
4 198
156 76
130 3
126 53
3 139
137 6
4 6
4 5
6 115
1 88
3 6
1 5
107 1
153 23
26 5
12 6
20 122
153 109
167 170
131 160
6 5
116 1
18 17
6 95
169 104
5 2
68 137
4 3
5 38
139 49
45 4
172 94
177 2
5 4
175 4
158 6
116 2
3 26
194 65
1 5
1 5
1 6
2 39
128 2
187 4
145 172
31 5
87 5
1 3
188 1
4 6
115 24
1 2
145 6
5 80
3 5
1 136
22 182
194 81
67 130
116 1
8 95
5 61
2 5
2 191
1 3
193 85
5 40
3 80
110 3
94 165
73 37
4 6
173 6
5 4
183 70
2 1
190 102
20 2
17 82
140 168
74 188
4 6
3 6
1 49
115 1
43 58
99 199
1 3
4 5
6 146
6 2
4 3
78 172
1 4
173 6
134 6
1 91
57 93
6 5
1 55
2 118
84 2
1 165
6 113
171 66
61 39
3 167
4 105
6 168
108 6
69 6
165 1
29 144
1 2
2 46
5 2
82 168
4 64
3 159
6 1
6 178
4 51
1 190
1 6
6 89
1 5
3 2
102 76
101 4
3 133
153 28
44 1
2 5
5 45
4 174
91 139
3 2
198 1
4 3
132 112
3 69
5 7
1 64
166 42
157 158
93 10
3 6
3 6
19 39
73 172
170 3
78 2
52 6
5 133
96 118
19 197
5 1
4 30
177 1
6 37
3 2
84 75
78 51
5 2
2 188
2 21
78 195
2 3
111 5
37 6
39 6
119 129
6 2
115 1
5 34
3 6
5 20
96 193
1 2
128 34
63 4
181 4
175 197
4 2
47 4
38 4
118 28
43 68
5 3
2 71
2 61
88 91
106 18
3 164
2 3
114 3
3 191
70 1
6 83
1 13
2 1
113 93
6 11
94 3
13 7
167 94
34 22
5 1
145 5
190 4
32 4
2 4
5 3
4 58
197 155
5 3
1 154
3 197
4 50
86 5
174 146
108 177
5 3
1 3
5 3
50 167
5 10
103 4
3 4
4 5
5 12
5 134
1 159
117 122
2 5
5 40
157 48
17 4
161 71
183 3
139 158
5 1
153 3
4 60
64 92
6 112
182 118
163 1
6 169
86 101
3 152
122 5
55 6
84 5
14 29
6 192
1 105
4 3
6 103
126 1
5 98
1 5
119 116
6 2
11 6
3 2
4 66
3 56
78 3
1 3
4 3
4 61
118 29
187 9
80 1
74 4
2 5
18 3
2 1
57 6
5 6
5 3
5 34
152 69
4 6
2 175
3 2
49 37
77 6
45 2
5 1
6 67
4 1
112 1
6 5
4 38
5 2
5 3
1 123
81 149
3 4
5 114
86 4
1 3
1 57
28 148
68 5
94 75
3 5
1 3
66 180
20 195
5 100
140 5
61 2
170 83
187 160
5 3
183 43
169 143
2 6
191 135
200 191
129 5
63 29
172 5
132 2
6 32
176 5
181 175
162 5
4 180
72 5
53 2
4 7
4 3
8 6
3 63
2 171
79 2
6 3
5 34
186 155
4 154
112 2
1 34
6 4
47 6
1 67
151 5
77 6
4 5
6 2
149 4
5 2
79 53
150 34
123 1
43 190
69 4
2 36
192 1
4 3
160 199
2 4
6 79
118 6
145 5
5 52
92 100
25 13
35 75
4 6
3 198
16 184
192 4
56 4
1 6
129 134
174 89
6 198
2 6
162 2
51 119
3 87
51 9
37 58
32 104
5 3
2 3
2 14
7 149
110 3
126 1
4 7
5 193
4 1
5 61
59 118
1 113
112 134
58 185
1 47
84 6
5 2
4 6
6 102
4 6
4 173
180 5
89 5
62 4
6 5
2 4
5 1
163 131
3 47
104 136
171 2
122 6
115 5
1 174
3 111
152 58
1 4
78 34
4 129
103 1
92 3
3 1
14 186
200 149
94 163
186 144
68 5
157 1
104 5
2 3
54 11
122 2
4 15
49 120
39 6
1 117
14 1
124 166
6 58
137 4
6 104
1 138
95 141
68 6
5 17
2 4
65 3
2 5
6 120
59 6
66 92
6 169
21 162
50 2
6 12
21 3
126 4
93 1
3 114
2 6
58 1
63 3
2 6
2 37
4 3
93 3
46 200
77 5
129 5
4 124
106 185
5 2
71 50
86 6
5 2
30 5
3 1
1 6
36 3
1 53
52 6
6 4
142 131
100 154
6 89
116 163
83 3
5 4
112 3
2 3
42 102
177 3
6 3
32 5
76 149
15 5
4 127
147 56
71 10
52 3
2 83
149 174
2 24
2 174
172 18
196 73
158 112
193 4
135 138
80 110
118 20
5 183
131 2
53 166
167 132
93 61
196 2
170 1
3 150
21 3
54 167
107 2
5 4
6 30
5 3
108 164
97 2
5 28
6 157
8 147
6 182
4 78
58 40
22 5
5 72
2 5
177 103
1 118
141 6
195 1
121 102
3 145
107 23
5 7
1 60
2 3
2 5
182 5
3 91
1 4
5 2
4 2
47 6
127 5
6 3
40 3
4 26
41 4
2 60
5 6
153 136
4 90
6 22
188 144
6 3
18 6
1 190
125 3
3 160
2 68
5 197
106 1
176 145
5 1
27 1
27 54
5 81
131 3
1 169
75 3
1 150
6 26
4 3
138 39
2 6
1 4
1 115
72 192
119 5
139 6
2 17
5 185
72 6
111 1
17 5
110 1
187 5
169 4
47 6
103 5
4 1
5 3
1 100
47 114
174 1
2 31
196 162
188 130
3 2
2 180
6 161
1 92
3 4
2 4
6 4
91 183
30 6
194 192
2 4
65 16
172 6
100 6
3 139
40 177
3 135
4 6
179 5
6 87
3 180
1 3
129 4
70 48
165 2
4 3
6 21
2 6
101 2
115 25
4 2
36 124
153 3
178 6
159 83
6 100
8 80
103 5
34 73
6 58
175 15
6 1
3 191
51 2
186 18
52 86
1 45
25 3
1 52
157 169
121 6
126 131
166 24
188 32
5 194
5 3
20 31
6 4
137 102
116 79
1 12
3 122
134 125
183 2
6 153
146 55
6 1
6 1
145 3
172 3
3 4
24 154
4 149
3 51
6 2
181 135
4 1
122 123
10 11
159 92
106 24
1 6
107 148
178 4
5 14
2 10
2 5
4 3
55 2
188 13
65 103
27 2
3 5
133 174
29 177
6 95
5 121
2 193
4 167
37 6
195 137
12 37
127 52
67 3
76 4
76 6
8 57
34 155
176 1
6 105
137 108
70 11
163 60
138 5
4 6
139 1
131 28
147 5
53 6
38 119
110 2
40 4
5 6
50 2
105 76
100 140
33 5
62 2
5 4
153 3
5 58
153 6
5 6
2 129
161 2
187 10
150 159
8 135
106 193
14 6
38 1
5 4
151 2
4 37
130 2
60 2
50 138
6 98
2 89
1 37
3 45
121 190
69 2
44 6
188 36
3 5
145 6
2 138
101 2
194 155
4 163
2 3
54 90
98 2
193 83
114 99
25 13
1 89
71 6
177 27
2 4
24 159
82 59
55 187
2 1
141 199
54 77
3 67
5 102
143 194
104 83
101 44
192 2
6 94
183 2
131 2
171 198
5 4
5 2
4 168
52 1
39 4
164 2
76 3
3 18
42 3
6 14
5 77
12 4
126 169
63 4
145 113
6 129
26 2
30 4
5 6
2 90
5 51
4 56
169 3
28 2
125 1
5 72
6 4
4 67
123 2
128 3
2 4
148 4
2 133
38 32
6 2
28 1
47 4
1 2
54 50
5 6
156 184
75 1
58 2
6 85
14 78
4 3
24 20
164 106
5 188
183 33
1 85
99 26
55 107
166 157
8 5
3 166
6 3
37 178
1 5
4 6
75 70
4 6
123 119
193 3
5 4
1 199
6 3
2 5
35 37
9 142
33 2
117 192
117 3
4 40
36 70
182 85
1 3
77 166
12 4
2 4
6 1
5 129
1 2
7 59
158 67
3 125
186 4
109 144
2 143
1 5
5 6
128 1
4 118
149 133
6 3
19 6
60 71
3 165
4 142
5 2
81 138
58 35
5 4
159 3
4 5
5 4
4 114
159 35
1 3
3 1
158 92
39 148
170 110
94 5
195 112
6 2
1 3
3 46
2 4
3 74
52 70
138 60
175 109
6 133
3 1
5 1
4 128
36 2
24 2
4 1
6 1
174 116
6 2
146 4
4 3
4 137
6 5
1 6
62 182
81 3
147 104
172 2
30 42
6 81
6 38
63 5
3 10
4 19
148 4
6 137
1 150
13 2
37 10
15 6
6 107
4 1
5 122
141 3
4 11
26 1
139 2
2 1
4 175
4 1
185 50
143 1
2 4
5 71
156 3
117 104
145 5
171 3
6 4
5 82
3 34
117 1
102 63
6 3
158 179
35 3
175 2
5 3
91 103
4 79
139 30
4 189
5 6
2 1
5 3
5 1
4 125
133 169
102 6
39 183
170 1
5 2
8 49
3 106
67 2
75 5
182 5
121 3
2 181
165 115
124 71
3 4
175 21
29 197
3 48
4 5
161 174
5 3
1 26
104 181
2 14
74 77
2 193
134 2
1 39
1 37
3 5
74 172
95 45
3 123
40 2
168 6
5 3
5 1
186 2
122 1
183 1
4 3
1 4
2 3
6 3
91 59
51 1
2 143
3 127
82 3
1 3
5 3
55 5
4 6
172 6
83 49
2 6
5 3
34 56
3 176
9 2
144 154
156 187
46 29
6 3
161 103
12 158
4 1
60 2
89 4
112 96
145 186
4 194
93 77
4 6
1 3
77 53
165 5
3 2
4 73
5 35
25 52
3 115
195 1
144 1
115 195
140 91
184 3
3 58
61 15
5 48
152 5
191 26
2 36
79 131
6 118
60 5
165 71
18 2
1 186
2 1
1 6
125 184
4 6
3 6
57 2
16 6
198 3
1 4
91 2
4 5
21 129
66 14
163 187
4 3
186 2
5 110
83 4
2 49
97 176
158 34
45 137
183 3
80 50
2 6
113 3
164 175
13 1
2 195
1 5
54 40
5 73
5 6
6 66
139 4
146 1
12 1
3 5
159 23
4 5
119 103
5 65
4 162
6 95
3 141
6 72
2 1
91 59
138 6
185 3
4 2
118 104
152 142
82 75
5 47
2 3
152 1
48 139
6 185
40 3
5 129
5 3
3 6
1 6
4 159
5 1
50 4
22 6
3 6
64 5
2 127
159 32
5 180
4 62
103 5
91 5
131 185
20 46
89 44
171 1
3 5
3 128
3 16
2 4
3 4
141 192
92 84
50 134
66 3
85 86
196 71
3 2
99 1
4 3
100 96
1 31
173 55
40 176
81 32
2 119
137 4
36 6
76 26
2 3
4 144
2 85
75 112
132 5
5 183
74 1
4 2
51 168
59 125
2 184
107 26
106 23
99 5
2 1
2 157
5 131
23 143
172 94
50 130
5 133
71 3
6 85
8 108
24 5
3 164
4 2
1 5
5 3
183 4
1 139
3 128
3 124
52 83
2 147
4 6
5 40
1 173
75 4
5 149
192 135
130 161
4 44
3 5
3 1
87 143
60 6
1 156
108 2
6 183
2 32
6 169
2 1
1 47
6 5
84 174
112 1
4 169
1 198
4 5
45 3
6 1
34 5
3 104
3 180
114 47
191 37
111 177
187 34
192 2
3 79
2 195
71 107
123 99
73 186
95 163
99 133
6 142
5 3
4 6
4 5
6 3
2 135
131 1
188 4
28 25
15 4
2 162
3 124
6 117
34 5
158 1
3 42
1 5
164 31
133 4
164 169
34 5
178 150
135 6
3 6
141 64
97 160
175 2
180 1
4 162
175 93
52 169
3 193
5 15
188 5
176 139
114 32
1 173
4 108
2 5
6 3
1 6
54 2
128 1
110 116
162 6
2 1
5 106
9 1
180 192
144 151
1 2
9 173
46 94
102 3
145 71
187 1
3 1
191 3
5 135
173 2
5 1
5 167
102 175
4 5
5 173
6 70
176 3
16 92
37 4
4 140
145 148
149 5
116 17
5 3
121 1
1 6
196 4
150 5
4 5
2 6
116 200
3 4
4 22
113 80
5 2
2 1
2 6
6 2
4 25
5 17
6 100
48 172
6 33
1 2
43 2
195 77
1 5
166 134
45 140
4 119
120 6
2 1
108 1
6 5
191 3
2 138
3 142
4 3
188 3
153 134
96 112
3 134
49 124
13 2
76 4
3 37
61 5
4 141
5 3
4 30
4 136
108 47
188 62
1 5
7 70
4 13
44 3
6 3
63 2
86 183
177 132
5 2
4 8
124 67
105 37
3 1
151 5
1 164
4 81
35 6
114 56
5 3
137 1
54 2
150 4
3 1
2 77
153 2
5 89
5 3
2 194
6 3
6 76
13 4
93 140
62 159
70 4
31 44
6 182
1 193
171 4
149 2
68 199
143 152
4 102
5 2
6 79
97 5
5 109
113 29
3 9
6 167
1 6
73 160
54 95
189 58
3 25
13 4
57 4
16 6
127 1
64 59
4 37
6 18
2 3
5 2
2 116
170 18
6 173
191 54
165 55
1 5
2 9
157 75
41 169
5 1
162 140
2 157
73 188
196 161
1 6
38 178
1 5
6 1
170 3
4 6
184 5
3 11
2 5
4 2
124 109
4 2
1 99
4 69
4 131
5 132
4 91
68 195
163 185
61 190
4 81
117 98
188 87
68 4
161 137
21 1
107 4
3 12
181 22
2 179
134 132
119 1
20 84
1 164
4 1
144 107
178 6
3 145
138 2
5 113
5 18
2 133
2 200
57 86
3 5
6 3
6 1
46 4
24 120
4 5
38 51
114 189
87 4
190 6
114 6
178 4
1 145
194 1
194 1
127 1
2 156
6 60
6 139
164 6
137 82
103 1
6 3
80 155
1 4
4 138
5 175
138 14
39 107
1 3
66 2
61 132
6 60
87 3
5 189
3 6
2 1
2 100
21 86
1 122
81 186
4 1
30 70
5 180
3 117
40 28
2 1
3 19
82 4
184 160
158 2
4 5
3 1
4 12
155 20
1 103
148 2
140 2
3 6
4 7
2 150
115 126
2 1
147 35
87 120
185 6
4 6
4 54
92 1
1 45
3 5
131 5
6 15
98 4
4 1
1 82
3 6
68 134
142 6
2 122
2 137
6 1
4 100
61 62
38 3
141 31
6 1
83 3
6 1
4 3
47 6
3 2
14 155
3 62
4 153
6 5
3 182
4 7
1 25
129 141
5 73
169 128
197 3
2 184
164 54
2 6
4 3
3 79
99 1
4 146
6 1
2 6
46 49
4 1
1 5
185 2
5 2
1 2
85 3
5 15
5 169
3 2
1 24
6 1
2 5
79 139
2 171
43 4
109 74
174 162
6 199
54 1
1 4
4 93
1 159
3 6
4 34
1 79
32 2
169 6
1 64
5 1
6 166
39 75
2 147
6 4
1 4
106 3
46 76
5 29
165 84
87 1
45 76
15 6
1 2
106 78
95 138
2 23
19 21
6 4
134 131
37 2
6 4
1 142
4 3
3 1
2 9
2 122
6 4
2 6
92 1
2 3
11 4
4 88
144 117
3 12
156 147
2 1
3 9
131 6
1 4
6 3
4 61
6 189
5 123
1 102
43 141
5 4
2 1
120 2
16 3
6 134
80 18
199 159
113 78
188 3
2 86
2 3
6 76
3 4
6 118
108 2
68 189
134 4
3 2
55 6
50 4
2 9
6 194
174 1
1 8
40 101
3 5
1 131
122 162
160 152
39 41
2 4
4 6
2 122
1 185
1 2
2 3
164 137
175 66
157 6
7 3
4 3
4 1
96 46
183 3
159 1
4 31
6 3
3 89
4 134
5 137
68 2
80 115
173 3
3 6
95 3
6 10
3 89
33 190
171 3
56 2
4 170
6 2
9 3
172 95
182 176
6 185
133 195
197 3
1 49
6 1
92 2
4 3
106 140
4 143
122 167
49 19
5 2
54 5
27 121
4 153
5 65
2 31
5 2
5 2
67 1
128 121
6 5
4 3
181 1
5 43
2 6
2 128
139 21
79 96
83 2
130 11
4 3
27 147
1 21
2 6
160 73
1 3
1 46
2 58
5 4
4 40
82 5
2 191
4 5
101 163
6 3
10 4
5 93
152 6
191 53
176 110
198 23
5 3
103 3
123 4
3 25
3 6
66 1
2 23
5 2
192 102
4 170
22 4
63 139
3 4
14 6
42 4
6 71
3 182
6 45
71 12
5 58
15 2
142 149
77 4
4 113
5 3
97 6
2 8
3 184
5 3
85 195
5 99
18 5
5 1
6 124
2 3
3 5
109 61
141 163
198 2
1 147
3 27
2 4
33 107
1 3
1 75
5 35
1 2
5 193
114 140
2 4
4 1
12 1
6 41
82 2
190 6
6 5
2 184
2 1
79 4
5 130
2 6
1 9
2 87
129 4
40 3
2 65
5 2
6 2
141 2
3 107
22 3
93 172
6 4
2 175
4 2
28 5
3 18
2 31
2 3
43 126
190 5
2 4
118 120
78 195
13 31
4 3
198 5
6 5
181 5
2 81
2 6
3 104
5 1
33 110
4 143
188 175
6 5
28 4
4 2
6 2
2 155
92 4
1 4
46 49
2 4
138 6
48 1
5 1
5 182
3 91
26 63
4 176
6 200
4 48
115 45
116 96
2 147
1 4
158 4
24 183
163 155
5 1
2 5
48 193
4 2
187 168
3 2
185 43
5 58
44 49
6 71
4 138
6 4
111 5
44 1
109 5
6 53
34 6
11 111
113 3
91 1
5 3
1 118
6 1
3 199
38 18
175 59
4 164
1 100
40 52
17 88
1 53
36 52
59 152
3 130
125 6
6 3
104 1
6 56
155 18
1 71
50 125
3 125
6 5
6 36
3 149
2 149
162 3
157 82
2 178
101 158
184 4
123 6
111 2
5 31
125 64
34 95
2 1
156 1
182 2
1 2
2 5
6 17
119 2
4 143
58 90
76 99
16 174
50 4
132 178
146 11
143 1
2 10
167 1
121 186
115 79
6 1
1 6
112 43
54 1
2 160
1 2
2 3
176 126
59 135
5 3
124 85
6 4
6 5
7 4
37 1
107 153
4 54
84 142
53 1
2 67
6 125
3 106
44 17
101 99
71 3
2 132
60 16
86 6
6 5
200 33
2 6
6 5
2 134
120 68
2 95
65 197
66 5
64 6
5 3
5 18
85 45
6 15
5 9
1 17
2 1
2 113
177 43
1 2
5 2
175 77
4 107
59 95
3 31
6 25
68 158
3 5
137 5
97 52
59 1
140 65
64 3
40 4
4 71
3 74
1 39
1 84
149 114
2 137
2 5
5 99
120 49
98 5
86 17
1 4
193 79
33 110
5 81
2 141
5 145
43 1
19 25
6 3
6 30
3 152
130 23
181 77
4 11
194 1
187 6
180 5
1 150
174 1
14 115
62 78
5 62
3 2
3 5
75 2
2 6
6 173
5 171
112 44
4 12
5 1
55 5
1 5
22 126
59 1
132 4
96 3
158 1
167 4
91 97
1 150
4 5
198 6
5 4
2 62
161 1
99 197
181 6
6 92
194 2
6 44
13 3
4 179
3 173
108 1
2 1
165 104
3 125
161 194
1 197
33 5
199 14
4 1
2 19
140 3
2 137
115 1
4 3
2 83
5 3
147 56
29 198
2 5
6 140
24 155
56 6
4 6
2 3
71 167
6 2
138 3
200 5
80 56
6 114
58 53
86 5
171 6
9 5
118 116
4 32
96 65
5 6
88 1
192 34
110 169
6 2
3 21
1 147
44 145
3 159
45 26
11 5
6 5
92 3
96 75
1 42
3 59
3 160
118 186
157 3
152 123
2 146
43 4
5 141
33 6
29 82
68 5
1 53
4 181
13 190
3 4
118 6
32 108
5 44
1 164
166 187
6 34
58 6
5 6
2 6
1 176
2 1
69 45
30 58
2 159
159 6
127 4
4 2
98 6
2 148
88 54
2 73
1 189
111 1
31 110
4 6
33 3
137 5
6 127
2 5
137 2
5 172
122 109
3 4
153 5
5 123
108 84
3 4
78 6
3 119
113 37
85 5
5 151
5 169
1 91
88 5
119 2
38 1
149 5
187 1
135 4
53 110
155 4
1 68
3 4
1 77
129 154
2 48
16 4
26 5
56 75
3 22
3 170
183 6
5 2
4 25
2 6
3 4
86 5
2 4
18 4
85 3
1 5
112 6
199 144
39 6
3 163
32 1
54 191
133 199
96 4
3 4
3 5
3 140
156 151
173 18
6 79
27 2
5 34
184 98
67 4
74 1
66 91
1 6
157 178
4 5
5 4
4 65
29 3
2 53
150 1
1 84
2 122
151 6
2 51
133 154
155 6
185 138
6 1
58 4
154 75
104 6
192 86
151 1
55 1
72 149
92 118
40 86
2 3
119 4
2 101
6 2
3 7
200 5
96 3
57 6
2 14
4 3
5 127
20 5
60 5
117 3
92 6
5 2
3 6
89 4
6 90
5 3
1 46
161 2
1 21
5 112
104 1
54 102
139 4
152 96
2 6
4 1
112 1
112 84
3 43
183 2
5 111
1 2
80 6
184 161
156 165
141 4
129 142
3 1
23 161
6 4
5 4
3 6
3 4
113 153
1 2
1 162
5 118
4 107
25 105
1 2
95 6
157 65
45 4
6 153
151 3
9 119
6 10
29 13
4 119
6 49
105 25
1 2
1 195
6 138
5 149
101 7
129 3
155 6
34 63
19 6
6 18
67 74
5 16
200 4
4 6
6 180
114 166
41 154
39 63
56 5
14 107
102 4
66 29
71 72
136 1
2 194
6 72
3 1
168 176
4 92
3 155
1 4
156 144
9 162
2 185
20 40
168 6
171 137
108 160
62 5
3 135
35 4
121 107
2 106
3 194
81 2
137 91
1 52
3 6
1 27
4 1
3 86
39 2
96 2
3 143
5 6
5 130
170 3
3 6
5 3
145 86
5 31
194 5
166 194
1 136
3 1
6 5
54 25
1 4
174 5
6 95
68 4
95 6
2 143
3 194
20 190
126 2
3 53
69 191
4 141
120 6
2 118
49 10
2 1
150 4
46 186
1 4
23 78
84 66
5 6
39 2
1 6
43 191
190 29
186 134
27 3
1 27
140 6
64 115
1 94
2 5
104 91
85 33
4 1
129 5
5 6
3 5
135 63
178 180
120 7
178 1
170 6
142 120
193 1
5 179
1 195
1 127
3 6
3 111
1 32
1 108
190 4
2 1
6 17
5 43
127 4
129 50
56 1
5 3
5 2
2 3
183 4
111 2
117 5
172 155
147 109
3 2
153 1
2 39
83 134
6 2
182 1
68 124
1 34
105 3
198 70
2 156
40 105
185 59
1 4
3 2
78 180
5 2
3 143
114 2
182 3
1 197
6 3
1 50
1 5
5 1
155 153
179 1
134 3
4 86
3 5
24 4
107 42
4 160
5 173
137 3
40 4
92 4
142 193
84 1
181 95
151 2
6 186
6 76
189 176
70 140
6 4
5 2
6 114
2 5
48 2
49 7
34 43
2 191
75 169
4 1
9 6
142 185
2 103
122 73
91 24
190 59
5 2
2 3
6 3
125 3
77 4
5 66
2 4
25 4
124 179
94 4
2 5
4 20
1 5
1 10
1 5
3 19
78 3
6 40
4 2
35 143
5 157
3 1
86 1
1 14
1 57
190 46
83 40
73 134
62 135
3 90
2 3
6 5
146 1
6 193
4 5
192 5
6 69
6 103
126 6
1 113
6 2
187 50
47 196
83 106
1 3
77 2
1 65
2 101
3 6
158 1
107 61
80 2
2 54
4 1
78 53
1 15
2 1
152 154
187 159
122 35
6 2
168 156
5 139
4 134
4 6
4 6
1 6
3 2
4 182
5 120
113 149
4 1
6 150
165 6
1 25
4 187
171 3
102 56
2 1
67 2
183 1
2 76
3 6
88 2
39 146
6 4
177 109
1 60
4 126
31 160
1 5
131 2
3 93
4 147
4 124
91 3
117 4
168 2
6 3
79 15
2 141
4 1
6 3
2 3
6 5
9 4
5 3
4 92
68 63
170 188
66 4
3 2
4 6
2 109
199 13
26 5
152 3
60 23
115 6
5 143
125 1
5 89
189 101
149 29
110 4
192 4
151 2
113 169
3 168
187 6
157 119
3 173
2 4
192 5
48 1
169 4
135 14
137 5
3 79
1 155
92 1
182 2
6 2
3 127
84 4
3 6
5 113
3 1
68 2
6 4
1 184
2 6
39 3
2 36
170 54
164 3
5 2
46 193
125 1
2 6
123 98
1 6
53 113
165 6
2 6
1 6
5 4
3 96
3 6
34 2
78 63
6 1
1 4
5 4
5 2
48 109
118 13
157 126
71 3
5 171
2 5
134 51
1 5
101 13
2 6
2 1
3 1
7 5
1 6
6 2
5 3
81 3
109 3
190 28
6 4
1 132
186 2
1 41
6 8
42 4
1 6
6 2
4 90
76 115
72 4
121 24
1 68
3 91
146 3
5 124
28 3
4 83
1 3
146 2
4 5
3 4
1 2
119 2
169 154
3 1
199 1
115 6
2 43
166 4
5 76
4 3
6 5
2 4
2 1
175 162
164 81
129 6
3 91
159 4
1 135
149 4
1 195
94 1
3 6
181 3
6 135
1 2
150 51
179 6
197 2
182 139
2 5
2 67
16 66
6 3
52 11
194 152
96 5
4 198
83 6
122 79
33 6
1 6
19 1
4 2
85 4
99 110
155 3
11 129
6 2
16 4
5 72
34 57
3 145
80 42
83 2
46 2
2 34
3 92
114 6
5 98
1 5
2 3
1 98
130 188
3 6
4 109
3 1
102 127
2 1
2 5
20 91
84 2
5 60
117 173
38 76
23 35
23 3
2 3
3 9
6 158
40 3
4 5
142 150
61 2
185 192
65 6
7 200
55 3
35 6
5 29
2 156
5 10
189 190
1 3
3 52
32 5
134 3
83 3
2 171
1 3
82 196
4 89
5 169
11 6
2 6
4 187
190 6
3 2
183 3
71 86
5 69
2 6
4 1
76 2
2 4
166 2
88 4
188 18
109 117
3 5
139 152
3 1
91 149
6 45
4 96
124 169
1 5
6 162
5 78
1 6
6 3
5 177
171 115
83 48
164 42
5 1
60 6
1 2
128 23
92 178
63 169
2 179
175 181
140 5
155 46
72 3
6 4
5 6
99 1
3 4
53 107
1 6
2 5
75 4
114 2
106 181
179 2
46 130
6 1
115 69
1 2
27 119
2 6
144 47
3 70
1 68
131 3
2 3
5 104
5 107
3 89
5 90
5 1
3 89
170 64
15 53
5 2
6 28
1 44
41 200
4 68
5 2
4 6
42 88
96 53
167 3
65 5
143 162
199 6
1 6
14 5
53 5
5 19
4 135
5 99
4 192
86 6
5 6
1 196
6 166
2 4
3 67
2 6
5 51
15 199
4 108
42 5
4 1
67 164
29 105
126 96
2 70
104 69
4 61
4 1
5 4
35 2
91 5
110 6
121 124
2 6
86 58
128 39
12 182
3 77
19 160
6 4
172 16
4 3
76 191
2 101
4 72
6 5
6 16
6 181
4 3
139 129
173 176
33 4
119 27
66 4
1 14
68 30
74 130
5 1
105 3
55 3
4 20
48 160
64 5
1 6
52 5
184 3
68 3
5 4
4 2
162 4
97 67
154 3
198 2
2 140
4 5
5 106
1 65
76 73
5 3
125 1
127 1
5 137
30 120
192 77
18 68
184 4
5 110
9 154
6 44
180 172
62 127
5 4
4 148
136 63
187 3
149 4
3 5
148 118
2 5
2 134
45 132
33 94
4 5
1 86
98 150
64 3
5 1
47 2
3 157
5 1
2 144
158 68
3 5
5 6
99 185
5 122
154 6
6 169
149 2
185 61
109 4
94 1
62 3
4 183
2 1
46 7
3 5
2 6
171 3
5 1
93 173
6 3
4 69
4 73
53 6
113 39
37 4
101 89
1 64
32 42
1 5
4 42
6 2
163 99
6 32
73 176
5 157
4 199
45 20
186 49
108 78
49 17
49 151
6 176
175 43
4 6
102 3
5 3
4 190
4 82
129 6
2 81
58 175
95 53
76 196
35 4
116 75
116 115
166 109
2 31
5 100
49 96
2 50
6 102
2 50
3 194
28 6
23 6
165 51
2 154
5 1
49 6
2 1
130 107
96 40
6 3
4 146
136 6
152 52
3 6
112 174
1 5
132 164
131 5
117 83
72 3
12 47
88 5
6 2
195 2
30 195
18 155
3 6
1 4
3 2
5 1
103 5
5 4
49 3
132 2
8 137
132 2
6 4
3 177
103 160
2 1
1 6
4 2
114 4
6 87
3 8
104 98
23 173
135 4
180 85
3 130
3 2
21 1
6 3
6 9
65 5
3 1
132 50
6 1
79 34
58 42
104 4
3 20
36 148
132 174
2 186
3 185
5 104
90 5
61 5
3 106
4 3
16 110
3 151
2 150
5 26
83 1
1 2
87 10
62 79
3 190
1 2
129 63
5 104
5 22
1 5
4 6
6 64
1 81
4 30
60 104
5 2
87 100
84 6
4 6
24 147
2 24
2 6
44 94
2 6
6 91
6 103
74 5
2 5
4 83
105 160
98 112
134 16
157 1
5 31
4 1
33 2
26 110
182 5
4 69
162 4
6 190
133 162
6 104
1 200
3 6
29 179
5 2
125 75
1 3
135 58
153 6
2 1
84 142
1 5
33 5
50 4
2 173
57 2
5 25
1 96
104 6
138 176
1 7
74 144
68 5
1 161
119 3
6 155
6 5
61 3
6 37
3 76
183 1
4 46
105 1
3 63
5 179
6 178
56 103
174 139
4 132
1 98
49 200
111 4
160 72
81 51
2 132
10 161
21 30
1 25
54 1
17 5
6 143
130 112
161 54
120 103
5 2
4 24
2 6
184 6
146 78
1 42
157 194
187 5
5 1
5 26
4 86
154 2
63 4
5 4
84 5
102 4
53 36
114 71
5 3
1 6
2 29
120 2
5 84
197 2
6 18
4 5
5 158
137 1
10 2
136 13
196 53
119 4
5 27
1 2
82 115
114 6
2 194
45 5
3 1
27 74
4 79
154 6
92 135
5 2
3 5
118 2
127 2
4 2
6 1
66 147
178 106
6 165
3 115
83 1
2 10
71 115
6 4
6 4
76 2
18 139
131 109
200 165
119 6
106 114
3 74
154 78
168 57
4 166
3 175
139 165
5 135
158 6
5 6
169 64
5 144
93 4
3 1
71 190
135 140
111 1
6 185
102 140
4 2
1 125
8 186
2 1
5 83
4 7
2 131
3 135
6 66
107 2
133 4
5 55
199 4
3 178
2 1
28 196
3 42
148 43
169 120
5 6
51 6
3 119
2 6
41 113
141 85
6 111
166 49
12 166
4 12
114 6
6 5
141 2
3 2
6 4
4 110
81 131
118 2
6 165
2 30
6 45
6 188
50 6
3 5
36 4
180 159
170 3
31 3
6 148
176 1
198 61
6 4
2 6
76 87
1 52
90 1
115 5
4 2
5 2
2 170
5 74
178 83
2 5
18 2
4 6
4 173
71 199
6 124
152 1
3 98
1 30
6 96
6 3
3 2
189 3
6 16
98 63
200 4
62 3
148 6
5 3
5 194
3 1
88 5
4 140
3 53
6 168
4 18
5 45
98 3
2 6
4 171
1 2
121 3
3 1
4 2
3 28
42 4
5 1
1 133
96 95
3 1
11 16
3 1
6 169
175 155
3 2
36 1
2 1
132 2
6 85
134 137
198 177
6 2
5 177
137 6
184 49
3 193
24 51
184 132
126 86
6 1
32 5
6 7
108 145
57 184
168 5
184 124
7 193
193 141
1 6
155 64
27 2
6 181
163 122
181 177
4 1
113 10
10 2
4 104
2 199
162 47
60 64
98 63
4 104
4 189
24 1
6 179
118 68
86 184
170 59
5 119
71 111
1 146
116 35
2 15
5 171
96 3
4 67
194 6
3 2
14 89
3 5
144 120
6 4
1 3
68 4
29 12
2 6
98 172
3 7
3 1
8 4
5 161
4 6
6 116
6 3
6 3
3 122
6 2
2 57
1 2
2 142
5 120
6 40
35 38
170 2
5 2
66 98
4 5
25 3
5 89
140 1
113 1
118 6
2 3
3 59
3 6
2 97
5 1
72 1
114 89
3 170
3 5
4 5
1 4
4 36
35 37
98 196
1 2
4 120
7 3
87 2
1 8
90 35
1 116
6 153
47 4
175 22
6 71
159 135
151 1
165 164
1 85
117 3
5 6
1 78
133 4
3 4
1 4
4 5
148 6
2 5
1 135
1 81
6 158
83 4
5 2
21 2
5 181
3 2
6 55
31 4
4 6
175 4
5 98
173 126
19 106
3 197
4 52
4 2
73 2
1 82
67 134
71 198
1 34
102 39
114 3
145 5
60 3
4 6
160 10
3 37
5 4
2 149
146 5
51 161
3 155
169 6
64 3
6 181
66 104
5 4
10 184
187 4
3 6
101 5
158 6
83 56
1 10
180 34
1 96
39 4
178 1
89 26
113 105
190 5
3 4
3 2
2 3
2 3
4 3
6 4
151 158
4 11
139 105
6 5
166 6
5 7
135 125
4 6
3 10
51 2
6 190
3 65
63 4
69 181
5 1
4 6
5 60
33 6
3 6
2 88
5 2
180 36
6 56
6 22
12 5
139 154
25 6
2 3
3 35
6 65
74 27
2 100
91 1
101 4
180 4
196 3
43 86
43 5
6 181
108 147
3 167
6 126
122 1
6 11
80 120
55 4
23 126
3 73
1 2
67 138
2 1
63 2
1 4
1 6
6 2
1 6
6 27
105 3
139 175
5 2
2 78
6 115
43 6
4 1
2 3
14 2
6 2
41 110
2 44
3 37
193 4
6 55
68 85
121 4
79 67
2 1
105 4
6 4
22 3
132 5
6 3
99 2
6 1
2 4
6 5
5 6
1 142
3 5
3 37
52 87
10 4
6 5
5 89
6 5
65 2
4 2
5 3
192 45
114 151
69 3
29 192
6 5
5 2
60 50
3 11
1 2
5 3
82 4
5 2
134 5
196 5
163 6
6 106
3 111
26 3
6 3
142 89
81 44
194 199
3 159
101 126
49 1
139 4
2 4
5 3
3 37
6 54
1 106
6 3
1 3
13 4
2 64
6 5
3 5
4 2
3 61
4 5
5 170
4 158
1 5
184 112
4 130
6 89
1 139
3 101
31 46
5 81
3 76
66 3
3 5
3 4
3 4
4 198
2 1
5 4
3 133
3 176
6 2
127 164
6 1
1 29
77 6
3 172
3 117
1 6
6 197
4 2
140 93
34 150
129 118
192 162
5 1
5 3
4 59
5 177
151 2
6 63
5 62
145 172
185 4
119 6
122 4
6 63
163 146
1 6
68 1
3 6
5 187
6 94
47 6
5 3
44 2
6 105
74 4
45 170
5 82
110 164
4 6
15 6
38 154
5 83
23 1
100 3
111 37
2 3
12 6
55 2
48 3
105 5
4 165
4 5
6 139
46 2
119 161
3 181
4 70
5 1
126 125
4 79
1 170
143 4
31 2
188 6
125 96
172 5
6 5
70 6
1 32
126 4
2 137
4 136
180 3
1 193
3 1
154 170
1 3
3 5
4 124
171 2
3 187
8 116
1 63
172 1
22 128
137 4
17 2
187 10
182 3
87 4
1 4
162 44
153 157
4 6
191 81
54 2
121 55
68 24
2 45
1 67
3 37
6 189
18 56
38 2
109 36
24 3
110 187
124 4
13 82
2 185
50 61
122 55
139 36
3 182
88 146
180 168
1 89
85 21
131 196
2 6
5 1
195 1
64 2
4 97
1 4
3 103
142 6
169 3
4 129
2 3
172 3
186 4
45 5
1 16
20 4
2 66
3 5
117 1
168 1
5 48
2 163
2 3
193 182
138 37
74 80
131 3
69 4
75 5
103 87
2 3
72 146
5 4
2 6
5 144
160 182
4 5
137 35
3 70
6 1
48 71
84 112
54 113
81 1
37 4
1 176
64 1
181 5
57 6
65 6
46 132
1 6
98 4
63 90
4 6
45 5
162 175
4 5
112 2
2 71
2 11
2 64
32 26
45 1
113 3
106 1
2 5
6 59
80 6
1 14
156 112
107 187
5 163
156 53
29 54
5 3
4 105
44 5
56 21
4 1
33 61
186 83
26 37
3 5
4 23
2 6
4 5
5 6
6 152
153 33
1 101
128 93
167 200
4 5
91 4
145 139
51 184
123 4
6 2
193 1
62 81
17 2
6 170
85 3
134 190
5 16
128 150
3 5
4 6
153 96
149 6
97 1
4 3
190 4
39 8
2 5
89 5
3 166
4 44
3 5
6 196
98 18
2 1
5 130
3 6
5 104
117 42
136 3
4 170
97 4
34 4
179 121
5 1
6 76
4 5
4 3
5 38
6 3
2 145
4 5
190 132
5 199
83 114
6 147
115 49
12 70
2 118
151 5
6 87
5 50
64 52
86 1
188 69
102 6
1 67
3 2
109 4
38 1
27 1
11 2
43 46
1 4
2 51
74 5
80 55
1 163
60 22
3 96
197 6
4 162
4 6
143 6
14 157
4 6
123 167
50 158
31 136
1 2
132 1
1 4
94 194
4 3
72 196
5 6
50 4
111 1
178 72
4 135
67 30
125 147
182 49
26 6
21 7
2 1
179 25
20 176
104 149
6 17
196 5
4 86
28 5
40 6
167 2
51 6
34 6
193 5
96 5
5 116
125 133
54 107
5 3
4 6
177 5
176 6
196 94
2 36
1 3
3 5
191 3
147 5
141 2
158 68
102 3
116 98
15 5
1 2
40 174
54 55
2 4
5 6
53 2
4 3
172 73
147 43
1 6
143 3
8 6
6 200
37 6
172 120
120 72
111 5
4 175
1 127
6 5
3 150
2 1
3 126
4 26
3 145
193 76
181 4
2 151
117 1
167 3
65 40
5 6
72 28
5 4
90 84
93 44
196 5
1 167
11 5
89 127
5 108
101 5
3 163
81 2
5 4
68 134
3 4
126 6
122 119
182 55
6 84
20 186
1 116
15 192
28 1
183 1
59 1
139 135
156 2
1 2
1 144
97 122
72 171
9 1
58 6
4 3
4 2
169 3
2 5
4 1
194 5
195 1
3 73
5 4
198 13
2 75
4 169
170 5
24 5
180 5
5 193
5 160
157 108
3 4
5 138
99 1
3 5
163 118
5 67
4 188
2 1
11 1
144 1
137 6
4 195
2 93
1 191
191 3
5 6
1 74
174 140
175 3
117 4
5 4
3 141
172 74
156 2
115 39
55 1
1 105
3 4
4 95
177 1
10 4
175 5
18 3
4 6
197 4
6 46
63 126
2 69
4 6
2 163
4 3
3 4
198 98
166 5
196 5
3 182
5 87
1 76
87 4
78 141
5 6
5 14
3 43
112 126
98 1
122 1
3 2
199 71
65 4
5 4
87 1
6 53
1 3
1 160
43 122
3 106
4 117
72 184
154 3
124 29
4 131
124 68
6 1
6 2
2 1
194 132
169 3
135 199
47 1
1 101
128 1
87 6
5 85
96 1
191 161
188 172
1 130
5 2
168 5
1 6
3 87
3 5
1 83
178 4
3 143
23 86
185 52
63 3
16 98
152 160
1 3
58 4
4 1
6 128
1 4
6 129
1 3
6 135
4 141
4 2
189 154
1 44
60 110
6 72
143 61
4 44
5 16
6 42
38 6
125 102
7 35
169 95
2 147
11 180
79 188
117 2
21 41
1 6
1 18
1 178
101 117
1 6
2 3
126 6
2 1
2 6
3 188
102 5
5 169
5 1
5 172
121 3
6 5
108 185
3 188
37 82
173 6
102 111
3 18
4 12
6 116
2 90
184 106
15 102
6 5
145 112
12 189
44 40
4 121
2 141
6 55
111 3
157 2
151 127
2 3
6 1
4 152
3 5
150 141
48 2
17 176
6 196
4 185
7 164
120 168
116 132
55 4
2 95
1 10
200 2
4 84
1 3
4 54
6 2
62 155
191 23
127 43
81 5
160 137
1 44
131 1
161 4
112 120
5 20
3 145
200 104
61 73
43 5
59 156
92 6
31 104
2 11
5 6
34 1
3 29
31 1
3 173
13 6
41 6
6 1
1 155
3 4
137 2
1 44
5 6
5 2
3 49
3 147
6 2
2 65
61 4
3 5
118 1
5 6
165 5
172 3
5 23
91 155
75 3
10 143
3 2
1 4
178 76
174 171
1 101
188 119
133 107
181 3
2 40
3 17
198 102
5 3
5 157
7 83
5 71
4 6
48 84
22 91
142 65
3 1
96 128
43 6
3 4
4 3
3 4
95 3
4 68
1 64
4 160
2 1
178 63
86 71
77 5
4 2
4 1
3 1
1 12
4 6
136 3
23 2
3 2
2 22
3 2
15 6
97 6
57 4
2 6
1 190
84 144
5 127
10 1
44 2
5 57
3 176
48 42
12 4
3 2
93 2
1 110
3 161
176 53
34 2
83 1
5 11
171 1
1 2
4 51
5 28
2 16
4 71
3 1
58 2
176 3
4 186
5 72
2 1
157 39
6 161
3 90
6 95
3 40
174 85
145 5
45 26
92 128
41 166
1 6
66 4
3 197
4 6
33 51
5 6
32 89
1 53
6 1
186 6
91 2
19 3
86 60
5 124
6 50
5 2
3 4
143 5
147 1
168 2
96 171
113 4
125 3
4 108
2 104
49 67
16 21
116 3
4 106
47 4
189 6
1 181
2 106
178 198
87 5
55 58
5 6
3 6
3 1
23 6
69 2
32 5
5 3
2 107
6 5
1 64
135 2
5 53
49 174
98 6
37 2
38 3
51 4
154 1
13 195
120 56
2 36
6 3
5 76
1 173
2 6
50 190
132 4
4 2
68 3
37 165
35 5
81 38
29 92
1 2
2 171
2 121
6 4
4 1
80 1
31 1
75 4
177 49
3 132
131 69
67 124
31 4
2 70
110 89
4 6
38 4
5 6
6 117
133 4
97 6
4 3
15 4
1 48
20 198
194 115
1 2
5 115
4 147
2 49
173 102
175 157
184 129
97 174
58 6
100 74
3 124
45 2
4 3
175 1
6 169
1 3
190 2
64 30
151 181
112 6
3 6
110 4
6 166
6 156
12 1
6 16
4 193
2 3
64 175
2 1
1 47
4 5
9 116
1 4
7 5
5 26
68 4
178 65
5 3
4 2
181 19
4 41
2 4
177 2
139 74
110 3
1 5
1 4
2 5
25 137
5 157
85 6
40 4
14 136
142 1
4 3
3 85
96 71
5 4
5 1
195 182
4 86
155 156
2 6
17 141
172 155
148 2
6 4
6 171
1 155
160 1
179 132
2 30
177 6
3 68
3 196
2 6
6 98
1 5
163 2
90 39
178 121
151 102
4 181
160 6
4 79
3 192
3 88
16 105
184 6
93 154
51 5
134 1
98 4
4 1
2 61
175 166
42 8
197 126
6 130
16 6
5 1
3 1
101 1
197 60
4 30
3 120
3 47
24 121
2 3
1 54
1 4
3 43
3 106
5 119
198 38
110 2
13 36
63 47
112 6
172 75
3 5
126 58
12 4
131 175
97 82
172 92
6 29
3 121
4 159
147 5
131 93
124 1
39 186
1 123
168 188
6 88
14 175
4 37
82 11
6 182
4 2
2 18
150 151
1 119
82 200
2 151
138 6
2 42
6 13
198 1
137 112
40 172
6 4
3 5
104 195
5 13
104 5
4 174
153 83
4 169
2 191
185 180
38 5
77 4
3 174
145 42
63 45
8 5
37 4
5 70
2 84
110 3
1 15
3 2
6 4
123 174
6 68
5 117
2 15
170 155
176 5
147 4
85 1
4 1
69 6
17 184
114 181
190 48
15 13
194 2
152 3
2 4
13 6
4 74
180 1
143 142
57 5
150 10
17 4
1 4
200 2
5 4
178 79
3 40
1 4
196 6
2 156
4 179
69 183
116 4
16 147
5 60
160 106
132 6
2 6
189 4
55 5
192 3
137 1
10 59
2 1
5 195
6 4
152 177
5 1
5 4
200 21
194 83
125 3
69 4
30 5
119 66
6 158
44 2
194 186
5 144
86 1
103 2
5 3
3 124
5 9
6 3
6 69
46 5
3 6
1 118
80 96
92 5
25 137
3 115
1 29
118 117
13 179
4 121
182 54
195 5
2 73
80 1
158 89
6 3
142 3
143 196
113 1
70 4
101 191
4 3
8 3
97 2
5 135
186 17
1 53
89 5
6 2
161 1
145 5
5 3
129 5
5 117
186 15
4 157
4 140
32 132
6 173
94 192
172 76
3 4
6 5
39 36
2 1
3 112
199 1
86 4
81 4
2 38
1 6
3 158
1 5
98 26
6 50
4 88
69 6
6 2
163 102
4 5
6 5
3 1
3 7
1 2
86 3
1 2
41 5
4 1
5 170
127 178
80 6
6 121
3 199
4 163
50 39
2 6
4 2
77 2
120 5
74 175
181 3
65 4
35 4
2 5
2 3
54 4
21 113
199 2
192 33
1 37
2 18
4 2
54 5
4 39
3 4
6 46
161 3
74 24
186 6
60 5
4 90
2 54
192 44
135 59
100 5
54 190
4 131
1 6
5 193
23 167
2 99
3 144
6 12
69 99
183 100
199 72
93 77
196 63
85 5
3 5
81 2
4 6
28 8
1 183
6 36
92 6
91 71
128 55
98 164
65 60
91 4
15 2
5 144
45 5
200 37
5 4
164 127
169 129
5 3
123 38
4 3
41 6
173 1
197 167
4 188
198 194
3 2
125 29
5 178
6 26
4 6
17 161
1 23
133 4
130 73
6 59
134 3
157 104
4 5
97 83
1 69
6 50
5 142
194 1
157 4
94 90
181 173
90 162
2 171
2 1
45 6
133 2
5 144
43 169
2 4
71 194
119 125
4 190
130 76
4 64
176 111
2 34
72 1
4 17
26 144
199 61
1 84
56 135
3 5
20 60
46 4
4 156
92 1
5 84
159 24
6 5
3 6
3 90
2 40
6 2
76 174
24 4
2 123
132 6
189 23
124 163
5 84
129 135
3 6
3 102
132 25
4 3
2 160
