200 500 10 10000
6 152 637413
2 54 257744
18 162 810038
180 3 485748
193 115 325413
130 8 385066
2 86 48116
133 48 108820
200 78 310361
7 118 685812
6 65 85752
171 177 897261
84 10 735112
21 114 851606
30 5 917073
13 1 363388
9 147 387911
148 83 400470
91 116 813267
85 152 645668
97 9 625737
1 93 158319
147 163 64660
10 122 695631
186 187 894473
143 63 523055
59 137 799764
62 159 246170
95 9 719288
45 6 3261
195 42 906493
9 195 579487
4 134 169980
161 42 570411
77 142 309193
92 170 216631
173 1 711169
163 190 483107
48 100 845451
178 7 659841
180 174 505096
143 121 405573
200 9 831398
7 33 836176
107 39 399260
5 67 804506
81 133 152856
51 159 78630
175 128 658760
9 132 596305
17 115 347518
144 176 217067
179 37 594832
115 167 398718
151 82 402776
164 191 972130
48 10 967340
1 88 45296
124 37 788692
77 156 896480
155 58 372165
165 1 833452
195 91 914256
95 73 731041
187 55 467194
10 56 539856
152 107 23627
79 153 767006
23 112 930801
33 5 399018
173 192 733633
75 7 949752
111 27 455717
27 153 79886
30 183 735605
176 110 31104
63 96 271394
108 10 949098
25 29 934641
186 163 377122
83 118 208708
182 2 138169
5 81 765814
3 29 675390
85 2 690442
1 108 104996
194 149 672189
93 5 134729
82 186 652202
77 4 615740
125 186 835534
105 5 114971
84 104 313401
8 16 669992
80 135 369346
89 31 680648
52 190 881787
8 56 248868
197 60 602157
25 17 401127
114 47 696843
110 160 150375
15 192 973212
92 27 73541
84 109 247135
110 100 981367
123 1 832997
128 83 364215
81 5 708405
153 20 787298
26 169 725198
59 88 132276
93 10 865807
9 41 972366
91 80 879121
80 6 809896
112 73 988816
178 67 601977
51 150 641274
3 39 698396
127 8 801624
86 5 970580
55 197 782646
70 91 809945
96 26 943656
100 20 433108
164 148 406736
160 4 846658
56 110 77231
77 7 358897
28 2 749375
55 164 81038
57 2 458229
60 174 402529
82 179 544581
92 131 530432
24 144 135059
103 24 358216
188 101 604513
160 85 389544
41 126 274041
165 12 947998
47 102 412201
66 1 646689
83 21 349572
165 168 809152
4 195 463831
9 63 75576
185 73 968633
2 6 141180
175 8 668845
132 107 641317
163 39 99439
65 115 24811
14 8 572151
182 141 205723
56 5 639398
9 3 437378
30 74 543756
148 58 8566
47 88 455547
10 95 325690
105 2 506352
122 8 385337
67 5 745160
121 92 959723
134 148 186207
4 124 979154
117 79 75886
34 31 256791
118 78 320770
5 9 205265
73 105 479779
185 133 8783
130 24 67386
9 197 33886
192 15 263658
136 164 997771
117 106 127879
1 28 182794
116 1 789374
187 23 181405
1 36 904249
130 145 918680
199 95 470497
147 3 329119
152 163 202281
9 14 700748
39 6 363818
62 1 659281
149 47 867039
78 1 950903
9 91 205446
10 14 13574
92 118 711938
64 14 434526
47 90 533614
10 33 276525
5 194 255228
163 170 20010
61 36 739590
2 8 678244
159 24 844034
24 181 28587
130 124 906689
26 156 934582
57 40 936578
160 15 307879
92 61 493459
9 87 387370
192 112 260288
8 193 835468
34 161 937151
4 27 260583
153 84 434895
4 19 769478
104 145 384281
146 130 158325
9 51 367299
12 9 807948
10 94 564467
7 172 181339
43 96 31578
76 177 306575
158 199 286260
31 157 682755
6 39 965772
140 115 867827
6 81 63294
125 128 929604
109 7 58169
8 39 669600
56 138 690437
1 24 281313
170 68 320925
88 200 725460
79 167 611921
7 131 195840
20 6 304248
4 198 443856
134 182 974974
161 196 842524
137 10 294472
106 103 325855
112 19 921983
1 40 673833
21 17 553707
54 46 154668
65 27 6684
1 198 370873
15 35 235027
121 45 837392
3 75 484875
197 1 353145
80 2 967482
120 126 491789
195 180 306639
87 138 297509
78 77 963211
27 7 107563
128 165 618317
54 8 178899
7 135 997851
68 3 629326
172 96 781789
124 119 993343
38 1 127481
17 6 862994
95 85 42464
185 7 30756
108 9 239224
37 8 969247
42 138 490858
136 78 1141
1 129 404445
70 184 257100
85 160 458791
41 108 402027
1 70 860914
52 10 907877
5 35 486498
90 13 254507
189 96 370596
154 199 38912
77 83 831491
92 173 290400
174 1 154172
36 46 886261
4 78 1923
176 82 328967
172 169 182226
150 198 952224
4 177 636720
186 169 372956
60 1 835328
3 69 861773
40 179 403620
15 163 853103
170 106 841474
80 110 40669
98 139 232351
177 10 238456
115 133 436361
110 7 156963
198 138 822481
42 34 677836
179 52 444055
126 44 871731
170 22 94923
138 102 365934
178 130 637637
10 77 2712
29 8 356823
1 117 335702
110 122 162604
194 183 816980
6 90 712284
64 157 178117
183 107 612800
37 1 481317
23 56 467219
117 24 706530
122 182 224162
5 52 959436
139 9 185897
37 66 344532
98 150 362149
138 75 800808
140 43 467281
35 8 821921
184 150 847017
72 45 940267
4 40 694493
9 134 639066
9 89 171204
17 52 333865
62 108 655120
141 37 573464
136 198 47025
105 4 712898
60 179 335241
5 6 997210
4 65 642227
148 103 982010
26 6 306243
172 128 193289
195 163 113378
149 37 650400
80 12 364189
96 126 382082
62 9 346728
166 10 835564
138 35 749667
156 10 467733
200 68 193159
15 199 906298
6 14 134684
56 156 316764
5 99 746640
10 24 626915
100 150 865682
136 103 453798
9 21 687335
54 79 554587
6 60 206032
130 12 546805
130 133 561928
15 131 276041
72 3 980139
1 23 43386
122 150 101948
49 190 803655
99 36 192006
9 60 495691
183 17 554460
83 100 96093
5 83 573758
25 10 52163
5 8 223341
4 5 258313
10 177 576515
17 175 35226
127 125 805277
172 78 185356
3 48 231485
75 56 942469
116 28 866522
4 96 712111
5 17 475433
12 10 234941
44 69 38204
35 146 404709
131 46 307200
29 116 147202
186 3 471823
198 110 398564
8 50 699615
141 199 665565
57 160 705783
152 2 906526
9 142 464795
6 36 502767
143 116 503863
170 44 364275
147 82 397304
90 126 918469
21 8 252997
150 21 218763
147 1 294265
8 116 915122
148 198 172835
190 104 885363
115 15 603395
89 1 739943
115 161 269945
17 143 924391
79 197 781624
62 163 261312
169 85 814769
117 187 328718
89 172 540715
120 4 520576
29 171 884099
6 95 56389
179 160 4940
169 151 344874
45 56 526841
27 10 621612
186 147 773902
136 200 282841
5 166 416816
122 141 150721
174 90 562411
142 34 635078
2 49 156239
192 130 321998
33 4 975294
5 172 756856
180 194 940750
45 1 313213
46 15 457459
19 161 830252
113 93 286851
82 183 906051
33 152 306920
160 128 619256
112 9 304892
3 9 445648
118 1 66086
8 6 512472
145 136 100222
6 141 209427
149 39 872983
77 84 773580
56 6 110473
73 62 455578
160 12 101192
34 117 564691
1 6 360497
7 78 279655
80 164 328112
189 184 296753
183 42 359142
143 179 120969
1 62 283686
179 174 523015
2 40 709289
13 151 58709
5 33 430595
106 26 533399
107 194 317194
56 152 127589
134 67 955984
179 50 6748
94 62 996061
31 54 418116
137 175 282100
23 188 246937
47 95 729405
143 5 60110
174 141 660899
182 6 33602
171 6 925812
49 64 89077
3 113 334142
82 73 862401
63 90 919703
77 104 998187
126 48 886851
87 4 795423
9 176 306103
57 62 170045
85 170 76301
130 173 902961
198 9 557281
190 87 867143
116 3 262593
112 140 556849
93 101 798524
183 135 93102
178 20
51 1
170 10
3 73
11 38
149 120
14 2
98 32
4 143
5 9
18 88
77 10
169 38
6 134
7 2
2 3
145 198
2 9
1 134
5 9
100 2
49 2
2 3
15 70
1 149
8 1
1 9
149 30
162 16
9 7
1 177
18 111
3 10
38 127
3 44
149 156
40 24
6 26
6 128
5 7
1 138
58 96
104 175
10 3
58 79
4 26
10 5
157 2
67 14
1 81
6 10
80 135
7 41
30 80
3 165
9 23
6 167
4 10
166 4
8 7
192 66
11 5
3 150
2 65
181 111
3 9
127 199
17 105
10 7
55 75
4 42
74 5
5 174
33 10
2 9
152 121
1 170
41 9
7 4
97 65
6 172
189 125
116 80
190 75
167 1
6 87
160 157
4 144
2 67
9 191
33 199
9 3
40 30
26 107
8 67
6 29
67 141
5 49
5 141
9 37
6 37
8 42
106 1
10 8
11 172
198 53
4 1
1 199
2 177
117 175
45 99
7 9
182 10
5 60
154 155
2 45
7 31
9 7
200 192
9 4
8 9
94 10
7 24
160 4
35 125
179 96
173 149
104 41
9 4
5 7
77 138
9 83
63 101
195 6
188 6
96 5
10 132
49 2
3 1
79 4
127 11
5 159
5 4
144 187
148 4
10 160
7 85
7 161
8 10
102 4
97 10
2 56
4 5
7 93
84 182
75 135
125 9
38 120
9 5
10 2
10 1
2 59
1 5
72 81
4 2
3 5
6 114
124 15
119 9
1 10
10 111
3 10
6 199
1 33
174 4
10 155
6 46
6 105
91 2
183 137
44 31
150 5
118 46
5 9
102 5
106 11
117 39
86 2
9 2
2 3
30 10
200 24
5 26
10 3
180 5
6 4
1 8
196 155
9 17
8 88
68 171
5 72
49 176
22 9
26 162
77 7
3 74
165 141
29 23
6 198
80 164
70 7
6 2
10 158
12 94
1 9
123 33
8 3
28 4
9 68
117 3
50 10
164 2
51 111
1 27
8 152
6 4
56 6
107 149
21 74
3 6
9 8
72 2
3 180
76 10
4 7
68 10
90 105
5 8
1 2
4 10
9 2
1 7
47 4
1 10
42 4
6 4
5 43
176 50
193 84
3 148
172 169
6 2
41 149
6 4
196 165
3 2
83 85
10 159
8 150
2 92
64 3
183 8
9 4
1 9
192 110
6 161
4 7
7 95
5 60
117 176
6 5
4 1
2 78
25 1
71 108
40 8
142 158
110 9
97 67
5 69
53 36
199 121
4 146
24 8
101 156
96 5
37 3
1 105
36 9
52 5
3 138
110 67
18 184
81 3
176 5
7 115
8 124
3 6
3 124
3 1
167 172
67 4
149 4
5 8
23 31
2 36
198 31
10 95
8 9
26 5
126 59
145 155
20 1
188 3
65 9
5 83
96 1
44 109
4 29
8 6
8 9
8 7
1 39
176 162
107 167
33 10
28 1
7 10
180 198
79 54
143 65
8 2
7 125
2 10
118 9
107 139
4 5
82 7
17 3
110 4
13 6
157 4
2 167
6 3
113 5
10 1
3 8
179 4
10 181
166 7
6 193
17 44
2 158
2 5
1 8
7 6
3 78
27 10
2 92
118 7
7 4
151 6
17 6
9 4
2 123
3 1
90 10
1 107
61 5
191 38
3 10
8 36
4 1
109 10
129 3
1 97
6 112
93 33
137 27
4 10
10 4
8 1
9 139
76 108
115 1
2 75
26 41
25 9
9 134
160 196
160 94
141 35
9 10
5 63
5 3
39 5
161 3
2 90
10 198
6 8
143 2
3 169
5 69
5 65
153 5
95 9
186 7
86 157
151 5
56 186
156 108
30 7
65 8
7 72
1 107
4 3
2 98
128 2
8 7
168 10
112 8
83 6
6 37
141 9
59 9
128 7
10 77
9 1
143 6
9 134
197 5
144 8
10 9
9 77
2 8
71 10
4 9
49 8
143 4
6 114
71 59
65 10
57 100
10 5
37 104
193 8
2 6
102 125
22 2
7 83
3 8
115 6
83 9
182 160
3 6
79 4
83 76
1 4
72 10
4 10
5 22
4 116
122 1
138 8
9 160
101 7
52 200
129 9
8 4
11 4
103 2
9 167
2 7
6 178
137 102
7 196
8 7
54 100
6 2
5 185
136 10
179 5
4 46
183 6
10 125
9 1
50 162
7 4
27 2
8 1
9 72
161 1
2 3
5 57
10 3
6 178
62 9
49 7
7 92
102 1
6 182
18 6
177 146
144 4
170 6
6 144
177 3
4 53
165 8
8 2
170 7
190 179
7 4
137 9
69 5
140 4
107 82
17 136
100 74
2 161
5 6
127 199
3 5
1 5
172 1
168 2
173 3
10 131
27 5
28 110
46 6
7 1
4 5
8 34
22 46
120 121
70 4
1 126
87 199
7 61
30 4
134 147
127 4
163 134
5 176
136 79
6 126
120 8
168 4
79 82
2 91
1 35
179 2
5 6
159 10
69 1
168 53
2 10
29 3
6 9
72 7
126 55
41 3
160 200
200 73
2 43
54 172
9 192
83 7
104 4
1 117
7 9
2 46
4 10
153 95
10 38
162 177
69 38
21 95
10 1
33 26
154 2
69 8
88 4
4 3
84 9
1 34
7 173
55 4
42 2
1 5
59 7
97 4
6 135
39 7
49 10
62 136
3 38
5 3
1 59
7 187
8 117
145 6
165 61
113 3
69 7
6 87
8 1
120 106
10 5
138 105
98 4
1 5
7 6
120 4
10 2
180 3
130 131
40 6
10 89
9 179
7 3
2 175
87 36
1 153
4 195
172 3
3 115
3 114
9 167
3 138
8 14
2 54
195 61
2 130
194 7
2 1
117 87
4 177
4 67
76 9
95 123
9 56
8 63
98 8
3 2
110 4
64 34
7 6
3 131
5 10
127 10
5 175
9 137
2 3
124 7
1 180
7 10
8 117
171 139
1 7
151 187
43 125
3 27
5 4
65 18
104 3
179 8
98 1
5 6
10 4
27 3
200 150
8 2
8 146
2 10
93 2
15 9
161 4
58 180
104 6
10 176
111 7
4 19
1 9
119 1
114 1
50 10
165 3
10 64
9 26
166 100
10 9
3 121
43 174
2 189
102 6
166 125
80 9
109 3
2 77
6 2
2 6
91 1
4 1
10 4
1 190
5 93
6 97
5 6
4 90
22 3
45 84
3 7
7 1
5 17
111 119
64 7
19 183
2 4
171 1
89 81
85 37
68 6
6 7
142 48
8 57
43 160
50 1
16 163
105 94
40 7
9 55
1 96
118 179
181 8
57 4
10 3
9 6
3 77
196 5
8 3
6 8
10 9
7 8
58 62
146 62
92 11
8 6
4 8
10 1
2 8
6 7
9 4
87 40
33 1
101 2
72 49
4 2
29 90
4 10
61 10
24 4
91 4
48 133
78 10
1 100
10 4
10 6
3 2
48 1
4 5
22 5
163 36
6 104
8 5
4 56
100 1
4 8
166 8
84 189
6 25
10 3
1 9
9 1
10 2
19 109
83 3
101 3
5 98
198 1
161 25
152 3
52 4
28 9
178 2
175 5
176 4
27 2
3 98
2 125
17 9
69 9
8 3
4 2
7 105
130 71
40 125
114 8
10 75
99 2
35 2
34 7
1 91
8 87
9 200
34 5
3 152
117 92
4 6
6 4
7 2
9 1
11 194
6 5
3 154
198 44
2 6
120 185
184 136
3 1
3 196
10 5
5 169
2 10
197 1
2 5
3 6
3 8
1 6
147 7
6 132
2 179
4 42
8 77
111 5
26 75
3 100
9 160
6 26
9 10
30 108
71 6
43 5
200 182
161 7
3 133
2 197
28 117
140 8
41 32
3 7
63 5
5 6
99 4
46 5
4 43
166 7
13 6
125 199
141 55
34 175
5 72
9 92
20 4
129 183
3 7
1 22
1 7
3 4
22 2
7 2
6 2
3 118
97 48
4 8
10 26
188 154
2 6
163 7
4 10
56 1
172 186
55 88
88 3
9 81
5 124
31 3
14 37
2 121
3 85
4 28
17 63
4 133
6 9
8 191
158 2
42 3
5 191
8 27
111 3
176 7
46 1
9 84
194 6
126 145
98 2
128 71
8 171
4 5
191 194
8 159
1 33
8 4
30 177
2 102
60 2
54 27
85 121
167 6
7 87
1 2
58 119
119 170
2 184
8 10
4 2
4 151
84 10
1 136
4 10
5 67
5 7
100 94
162 167
113 107
5 8
39 9
7 142
9 3
6 5
55 62
1 186
10 36
143 84
3 11
3 98
5 6
4 122
153 2
153 6
82 4
98 3
20 3
178 3
27 122
8 9
110 9
6 116
9 2
155 128
17 26
10 34
1 9
7 1
5 40
30 5
16 97
1 7
80 198
8 185
9 72
1 6
81 35
53 9
2 63
80 193
10 149
10 8
1 169
5 73
156 63
46 143
5 3
26 48
7 23
16 127
163 2
169 32
164 1
2 122
188 5
9 3
6 156
7 38
8 173
2 54
1 196
50 70
2 94
6 39
4 8
126 53
4 6
63 147
2 96
10 13
41 7
9 10
1 96
6 158
3 10
149 145
79 7
64 153
3 6
4 130
168 3
9 10
6 83
125 1
81 172
4 2
9 153
42 96
3 85
72 52
4 187
1 120
102 20
79 88
6 145
6 10
125 70
8 6
154 43
6 76
145 120
8 3
54 5
110 52
64 9
21 131
143 2
2 8
4 9
6 9
168 10
156 6
173 58
6 91
2 7
8 15
9 7
6 3
9 6
39 1
104 9
3 9
10 2
95 5
7 4
8 9
2 80
132 22
199 7
1 3
74 107
3 8
4 25
9 127
4 147
10 178
2 5
9 5
187 104
109 7
9 2
33 9
2 157
180 167
121 194
9 109
27 6
1 155
3 9
86 7
102 24
89 7
37 10
172 10
1 10
7 118
188 109
20 144
136 99
5 2
93 78
5 1
126 10
133 8
195 2
9 187
107 5
4 83
72 190
9 62
82 68
58 153
2 1
178 12
6 1
3 53
72 7
194 94
25 8
3 13
50 4
167 5
8 196
61 7
4 3
7 87
3 193
46 181
7 5
116 3
117 4
181 197
6 10
122 178
48 4
7 1
10 6
6 188
3 7
191 165
53 2
94 6
92 7
18 78
7 10
7 6
130 84
137 5
25 78
200 109
27 2
10 154
2 9
177 127
6 1
97 158
6 5
57 8
128 16
144 57
7 2
189 3
143 165
4 2
4 5
144 140
70 1
4 41
23 10
6 167
165 7
2 1
121 19
78 4
10 2
7 30
2 5
10 184
2 7
2 179
7 187
186 8
61 179
4 10
4 24
1 178
5 8
9 4
2 8
6 8
9 4
12 170
1 198
36 5
8 115
97 133
98 8
196 2
114 10
7 8
83 150
7 176
117 5
21 181
93 120
5 1
6 85
8 1
2 3
10 7
9 8
6 2
162 106
6 1
9 118
64 5
160 88
122 69
49 34
54 195
10 4
4 2
163 25
149 1
3 7
2 7
10 155
13 10
10 7
9 2
122 133
48 18
5 98
2 16
37 72
68 17
60 6
1 8
112 1
2 105
189 5
169 104
154 2
5 3
5 153
129 156
21 10
5 4
198 61
12 4
42 122
10 82
89 10
5 6
2 4
4 3
63 14
10 138
125 69
10 5
6 95
157 102
139 3
135 81
1 22
4 9
103 37
76 101
10 46
8 171
177 39
150 58
5 98
182 6
182 1
162 7
95 6
62 47
8 14
8 9
88 5
4 81
3 2
6 4
6 5
5 6
2 8
126 152
103 8
2 157
79 62
7 113
57 96
159 3
10 71
91 160
5 6
6 5
124 171
10 163
2 194
7 16
4 153
36 177
10 73
32 169
8 1
186 144
121 67
133 2
2 5
129 7
2 22
86 115
2 4
78 8
85 61
139 2
6 125
10 2
5 49
77 185
5 2
7 3
4 10
10 9
1 114
3 7
173 1
96 3
4 144
177 22
49 153
70 5
63 193
15 7
1 6
3 5
7 3
10 110
9 39
200 5
181 141
113 135
10 3
95 8
5 198
137 5
9 134
5 2
71 3
3 107
194 138
4 127
35 1
115 103
1 4
67 9
14 9
182 76
5 9
15 8
86 1
3 11
27 101
67 84
44 13
4 145
81 10
4 6
8 10
195 111
4 31
157 114
6 1
10 74
85 10
67 2
175 9
2 157
52 92
157 9
8 56
2 169
5 8
4 115
2 177
10 69
33 39
96 157
1 38
35 1
92 6
7 3
56 3
122 118
10 1
9 8
5 3
31 120
159 4
157 119
170 49
1 95
163 88
122 106
9 31
8 36
10 5
9 126
6 28
176 25
8 70
24 55
133 10
154 2
10 4
23 7
145 52
2 8
124 9
97 5
9 194
67 5
18 118
84 194
137 46
29 9
14 3
8 3
152 1
7 123
190 103
120 10
3 8
12 138
7 5
163 9
32 53
164 7
7 2
41 44
62 42
157 8
196 145
9 7
189 3
27 86
9 162
5 10
179 2
7 6
1 121
172 1
179 4
1 4
118 9
48 99
9 4
162 3
30 180
81 146
23 4
125 8
5 49
77 121
6 9
171 40
5 126
100 7
7 62
8 181
171 65
51 48
62 58
10 174
154 6
99 17
4 169
10 2
52 136
4 22
126 7
9 33
174 135
172 190
68 10
4 194
10 141
5 7
77 1
18 107
5 3
2 5
6 196
95 9
62 6
10 144
6 3
2 113
2 63
9 4
5 56
2 8
10 5
9 30
31 82
1 69
149 20
3 6
170 192
2 76
7 4
121 114
4 10
102 133
9 1
5 2
9 155
8 1
8 59
28 117
3 172
132 2
1 18
152 6
2 136
55 22
107 1
1 180
11 8
24 198
6 4
137 5
147 6
5 2
105 91
10 105
2 1
80 58
5 8
113 157
127 102
9 2
53 1
25 7
195 184
5 79
7 199
120 10
3 118
5 1
8 3
4 10
10 152
165 2
90 25
29 9
65 8
10 6
4 177
3 167
157 175
3 114
17 108
7 26
139 8
54 124
6 38
9 6
4 75
1 16
137 7
9 50
9 15
4 8
6 1
151 7
138 2
153 126
2 130
51 85
151 64
186 8
51 1
121 9
8 6
3 1
128 8
3 74
10 97
7 3
1 7
40 6
3 8
8 7
8 96
2 131
86 9
4 143
191 101
30 7
13 9
71 103
167 3
194 151
1 4
7 9
47 144
138 4
16 70
101 117
190 5
80 44
3 179
75 8
95 101
2 7
1 5
3 9
8 106
12 48
1 164
194 94
6 86
140 5
183 121
81 119
10 194
9 91
159 7
147 9
10 8
7 81
86 184
5 7
84 129
34 45
2 3
6 9
9 125
6 189
134 3
1 2
4 176
81 3
10 7
3 10
5 8
30 4
199 5
193 7
8 75
104 5
2 7
10 179
105 7
1 121
155 6
8 109
5 3
20 192
15 9
10 146
8 6
6 145
56 155
67 10
8 178
3 165
83 188
104 200
4 62
158 165
138 5
68 5
5 36
5 9
6 3
7 1
88 58
1 9
91 176
90 3
9 1
10 93
5 35
6 3
94 123
8 163
161 6
66 169
7 10
1 68
26 119
5 28
60 36
94 4
1 10
192 9
154 148
6 174
176 5
2 55
2 171
182 137
5 3
47 1
2 182
4 187
62 5
6 5
158 8
20 5
169 1
1 2
9 1
7 186
3 8
71 154
6 35
9 188
10 141
5 1
7 105
76 119
13 185
6 8
87 2
168 6
3 10
102 5
7 2
3 1
171 8
116 1
52 9
1 85
62 125
10 7
166 10
120 1
63 4
9 62
88 6
60 97
163 186
5 6
194 1
125 7
3 72
6 23
27 131
167 9
118 114
127 9
133 9
173 123
2 59
179 10
44 128
140 40
182 2
8 4
4 35
170 108
6 112
162 135
1 5
85 87
5 7
137 142
8 46
139 88
97 6
39 7
7 161
2 44
58 5
84 8
146 1
174 150
9 182
2 70
4 6
39 196
10 178
5 3
135 107
8 33
4 6
7 10
24 35
4 7
3 8
10 124
5 3
134 9
80 53
178 1
7 1
130 141
92 5
6 140
121 10
10 5
2 67
200 152
2 186
184 144
18 17
10 2
136 112
2 183
163 144
32 91
125 6
105 6
10 4
4 105
125 19
1 5
3 62
8 9
9 1
143 5
6 75
80 18
10 78
134 96
136 69
10 56
54 5
31 97
10 9
6 3
3 9
199 3
186 131
2 45
168 113
196 5
124 9
197 9
4 2
1 159
144 70
56 1
78 195
3 7
6 2
154 26
5 171
4 5
6 39
113 8
2 10
92 5
125 185
136 2
74 9
3 191
41 28
3 1
118 163
146 105
183 1
3 10
149 53
28 10
15 5
63 4
148 6
7 2
144 8
6 4
10 3
3 178
142 179
2 1
10 61
60 68
48 52
110 1
77 198
52 3
100 33
10 108
5 142
6 10
5 2
8 159
5 70
75 186
105 3
10 2
135 5
8 175
19 9
188 52
10 6
85 113
151 6
39 111
3 9
2 146
53 66
12 5
4 57
24 3
1 65
4 2
130 9
48 45
118 12
2 193
3 43
127 7
189 115
151 100
147 6
9 152
195 108
60 198
7 103
2 113
136 4
50 104
1 4
79 2
140 9
6 4
127 2
117 41
56 8
1 10
6 189
3 2
3 7
177 143
2 79
3 145
4 102
5 89
6 111
176 94
136 80
131 3
2 181
1 3
7 4
121 2
4 21
8 33
8 198
79 67
1 146
9 2
47 160
28 140
4 168
10 171
180 10
83 147
71 4
6 95
4 199
8 175
1 8
189 104
74 6
108 9
80 91
115 2
5 55
76 171
181 4
76 5
40 110
139 3
2 7
173 2
8 10
39 94
5 117
178 6
6 21
117 3
9 7
9 114
48 8
129 7
124 157
22 162
80 3
2 8
9 1
7 2
2 47
139 161
45 18
1 56
2 1
3 137
7 4
9 74
8 9
179 137
4 1
2 7
105 59
63 7
20 190
149 2
1 4
6 5
9 148
5 2
2 152
7 54
136 188
21 2
33 174
180 54
18 5
10 93
6 196
86 105
119 149
179 69
55 114
137 157
1 47
4 3
8 9
3 169
187 25
1 7
1 179
4 154
187 102
123 179
64 11
7 4
2 6
17 148
105 159
8 22
10 56
4 76
100 134
2 14
10 7
191 10
181 46
1 113
126 7
9 5
175 1
6 148
45 94
9 162
76 5
9 7
20 119
1 6
1 93
1 2
121 1
2 140
3 7
3 20
107 118
68 2
61 10
7 114
10 77
2 150
78 4
9 1
1 3
77 4
65 2
2 80
7 10
9 7
12 6
8 4
121 80
67 6
1 141
3 8
20 5
4 176
9 35
200 7
1 8
141 3
63 185
5 30
150 156
2 25
88 6
2 133
132 6
8 184
6 130
7 16
163 173
19 4
8 4
199 116
100 9
7 4
6 141
30 89
8 6
2 1
91 46
4 63
4 9
4 32
121 9
68 167
2 3
104 119
119 176
10 4
189 139
139 6
6 193
1 10
20 38
194 3
10 9
151 1
1 7
9 93
15 139
51 48
158 136
189 123
3 7
91 7
181 10
9 7
10 178
4 73
1 29
7 139
3 4
5 1
1 138
8 6
3 167
10 63
4 1
3 45
35 9
30 146
176 7
9 94
6 8
10 8
1 93
8 184
2 3
9 147
50 10
9 5
112 56
169 194
112 110
2 70
1 70
21 1
8 134
183 4
6 3
4 91
95 15
1 9
9 145
48 23
156 155
19 87
76 6
113 80
193 9
189 4
3 8
3 106
1 10
73 1
8 158
4 171
190 1
8 10
103 48
38 145
106 119
153 2
152 153
150 7
133 179
7 3
4 108
1 172
1 187
127 10
5 166
2 67
4 26
193 5
9 4
57 31
71 10
174 2
5 167
176 184
7 142
187 2
2 26
1 193
8 3
2 8
6 7
8 3
166 4
19 97
4 10
7 10
60 115
5 4
57 6
180 111
2 10
3 6
176 194
23 187
8 180
147 151
2 23
14 156
189 8
8 2
9 5
162 9
64 3
73 2
9 90
93 13
9 8
182 9
6 159
3 106
123 6
6 51
156 14
110 184
2 180
7 124
6 1
5 112
4 183
6 10
63 8
83 139
174 200
5 1
184 7
2 7
69 94
8 9
1 151
6 9
4 10
171 10
8 10
6 151
3 93
48 103
4 6
1 137
9 73
3 1
10 167
6 144
75 1
5 137
79 7
7 1
23 5
1 4
7 8
45 42
147 145
177 8
10 146
102 3
167 2
24 43
4 2
9 60
2 88
146 191
116 6
22 4
39 124
158 5
146 6
6 45
11 194
36 32
186 20
94 167
62 3
33 76
135 141
9 188
64 10
5 10
93 9
148 2
4 3
56 156
126 132
27 80
103 10
3 5
77 6
12 132
148 141
10 197
6 166
4 1
102 5
1 2
9 103
87 8
3 48
11 10
3 6
161 6
119 146
4 1
68 66
183 56
93 3
9 39
2 4
147 7
92 6
3 2
78 118
4 37
6 10
189 5
7 11
10 37
5 28
4 184
1 80
182 46
11 10
196 129
117 2
37 127
6 177
1 6
6 5
133 27
2 3
23 54
7 5
7 2
7 6
20 143
5 22
104 191
73 23
137 5
1 74
3 157
85 8
5 10
143 4
7 6
62 18
96 127
129 5
9 140
74 186
47 181
3 115
127 4
5 150
5 130
5 88
47 8
1 18
176 104
187 3
107 5
3 38
5 2
2 9
147 199
89 1
2 178
15 8
5 196
5 7
1 4
174 116
105 4
151 57
4 117
147 178
5 132
3 4
165 1
9 136
102 10
5 3
49 7
10 2
126 2
141 121
2 97
8 3
5 8
6 167
141 83
2 9
40 3
3 1
3 199
3 11
92 149
27 81
191 3
34 3
9 33
97 1
5 165
182 8
34 45
2 1
135 9
41 7
157 6
10 32
47 1
97 175
97 110
7 194
155 4
152 20
116 50
10 84
5 7
98 12
1 199
175 114
133 6
35 6
2 66
77 7
23 10
9 1
125 8
3 9
169 55
4 57
10 73
100 198
153 6
10 9
8 107
46 169
185 102
3 35
154 14
27 172
197 49
7 8
31 134
4 41
189 88
1 5
9 20
6 200
6 104
17 1
96 171
2 117
5 1
35 80
1 8
9 45
26 6
5 2
1 8
118 148
144 118
8 6
84 20
2 6
9 178
193 38
9 22
119 17
8 4
4 10
159 103
3 9
80 81
125 10
9 12
108 10
8 152
139 5
5 2
15 4
129 9
103 123
75 22
5 74
79 110
3 1
3 73
2 51
88 130
95 185
8 144
109 9
194 2
179 182
107 168
45 1
2 48
4 192
115 185
4 89
19 12
7 9
112 53
102 192
36 5
110 6
104 4
8 3
117 5
4 126
93 163
10 9
80 1
120 42
2 10
180 148
8 173
161 5
196 6
1 8
32 1
3 85
130 104
8 145
21 10
174 143
3 9
11 16
2 48
198 1
173 9
117 8
3 4
83 1
3 114
166 185
6 55
56 133
4 3
174 16
5 161
8 1
5 6
3 170
4 8
158 12
7 70
4 150
58 8
9 8
10 104
144 9
36 133
4 8
5 6
59 7
25 132
59 1
108 1
193 47
4 160
9 143
83 10
115 97
47 6
183 10
82 1
164 185
30 10
194 1
79 68
36 8
174 27
7 132
3 10
140 4
51 6
3 33
10 33
7 5
7 10
3 2
8 200
152 6
30 5
145 2
102 97
132 34
7 97
5 145
63 1
169 3
59 6
5 6
3 5
5 6
118 2
92 2
9 107
14 58
98 162
7 16
9 6
57 8
26 84
10 53
57 154
61 25
185 36
103 170
7 22
9 96
103 10
69 47
1 2
5 76
96 77
4 176
8 1
184 7
1 75
141 130
8 32
73 106
3 74
117 9
11 7
6 4
7 5
102 98
65 81
4 6
192 5
161 98
3 89
178 1
7 174
42 7
14 9
30 113
109 73
115 2
10 7
38 35
148 5
3 9
183 143
8 2
191 26
9 1
143 199
118 10
16 125
3 148
179 8
165 25
1 6
20 4
200 165
87 9
10 72
114 3
165 94
6 1
136 4
115 166
52 3
157 6
9 1
29 24
1 9
6 170
119 6
5 6
105 136
5 9
7 122
28 8
10 52
166 4
8 3
80 144
10 8
43 134
6 5
4 160
78 97
48 7
180 4
3 1
199 8
167 140
1 170
8 147
141 176
152 14
105 2
168 140
143 30
2 1
124 91
90 93
196 2
1 81
1 198
10 9
8 10
130 101
150 143
185 96
60 3
190 5
112 18
7 137
44 143
38 8
6 39
8 117
15 7
9 6
5 4
98 40
36 160
9 66
61 4
9 194
10 7
85 79
5 7
3 7
192 3
3 45
168 3
59 6
60 58
4 10
176 7
175 128
81 98
4 96
2 6
176 8
123 23
110 8
156 115
8 5
139 7
130 1
104 8
163 52
36 6
78 10
7 8
8 16
164 68
55 7
1 127
4 15
3 56
177 56
171 31
47 8
2 87
152 3
8 1
5 3
117 1
133 10
106 145
9 101
107 86
1 11
5 6
4 31
8 3
8 173
175 5
157 154
9 1
200 9
2 194
170 7
93 2
7 6
55 62
186 37
6 7
166 4
187 34
5 9
7 1
5 8
4 88
141 2
1 10
195 4
67 86
8 129
13 102
155 16
78 4
61 17
48 84
171 5
10 152
6 56
1 7
1 7
4 5
85 41
13 4
6 63
8 116
122 75
144 140
2 74
9 5
5 127
162 2
76 6
3 7
8 10
7 175
74 2
13 6
164 59
5 3
114 43
8 4
1 6
10 9
10 4
97 1
124 117
176 6
10 86
5 18
155 7
29 6
6 7
6 2
23 1
178 10
87 9
7 185
23 92
165 3
4 46
2 8
9 6
9 7
1 2
7 53
8 142
8 9
6 31
172 99
9 5
25 2
95 3
166 10
5 125
2 148
101 9
3 6
3 191
15 102
3 6
42 3
2 6
2 33
7 6
3 8
8 3
139 1
5 6
8 158
81 2
161 7
173 167
5 8
154 55
32 52
99 2
16 160
48 26
117 184
10 154
53 9
10 5
2 190
7 9
198 161
6 1
44 114
165 8
15 46
22 148
1 4
4 53
176 90
7 167
1 7
10 195
127 180
8 98
146 55
132 8
57 4
7 10
4 141
4 10
11 4
1 121
13 3
70 43
88 182
172 108
13 200
30 126
3 7
10 2
72 10
189 4
2 189
9 151
13 96
4 104
173 2
4 64
2 84
173 9
101 170
47 8
3 21
113 112
7 6
3 183
51 6
5 192
97 6
6 5
53 2
55 5
18 132
8 191
135 81
193 4
47 2
6 9
35 10
1 9
151 5
2 9
19 4
128 1
1 10
10 53
136 3
6 9
35 3
38 5
93 184
1 158
7 5
8 3
4 1
10 8
1 172
130 8
10 82
2 28
10 51
4 169
135 124
58 84
2 5
28 5
142 7
134 3
33 14
74 131
1 2
3 151
1 8
8 90
189 2
176 8
4 3
7 97
81 8
3 127
140 65
68 6
9 33
133 60
4 10
126 9
163 78
6 172
119 26
2 10
8 18
5 179
92 6
10 134
24 57
4 9
2 108
135 15
3 167
3 9
61 140
5 3
28 10
7 79
5 3
37 98
8 71
96 105
177 100
8 151
2 115
9 53
9 7
67 2
9 2
2 6
132 9
147 9
2 10
200 179
3 80
5 4
154 139
126 2
126 4
25 8
4 5
28 144
24 6
8 5
1 4
8 182
9 1
10 1
8 66
8 10
6 4
150 103
8 52
1 5
4 105
9 6
22 1
92 5
161 4
7 121
192 157
159 81
58 22
31 8
10 2
74 52
9 5
7 4
9 1
31 58
22 6
1 7
5 3
108 89
3 37
155 102
5 87
5 7
6 126
5 107
8 4
177 10
132 179
6 144
15 9
7 10
8 2
4 123
3 200
4 116
6 9
116 5
10 160
137 1
5 143
158 186
17 5
170 128
2 23
8 18
8 114
5 1
3 8
199 193
183 157
137 2
150 123
4 6
2 9
6 173
114 130
10 3
9 25
193 34
10 1
4 2
153 1
188 146
133 79
8 2
84 171
70 2
58 1
133 3
9 7
65 120
67 106
68 3
6 198
2 191
5 3
4 1
6 57
10 145
8 2
6 134
8 3
2 8
94 88
143 54
4 1
74 3
6 9
55 9
10 4
7 9
188 1
33 38
89 6
10 84
185 32
33 17
6 169
200 14
19 199
8 3
7 8
188 199
149 5
10 1
8 2
191 24
8 141
62 87
9 10
34 4
99 189
97 91
3 1
6 3
196 94
73 59
6 7
104 6
4 1
21 55
48 10
5 76
180 9
5 197
159 38
9 10
83 6
9 3
8 101
8 9
10 3
22 6
60 184
110 70
2 150
5 63
91 162
132 6
16 87
3 173
6 2
2 10
3 45
6 191
63 67
62 86
1 81
124 2
82 23
3 195
120 162
8 3
2 6
198 105
4 143
113 48
65 9
4 115
9 82
62 5
8 5
9 181
18 8
78 10
181 8
3 5
7 10
10 150
106 108
129 128
10 146
2 5
119 52
162 11
5 6
69 6
162 11
171 8
76 197
5 6
143 9
151 78
5 3
3 2
5 24
10 7
50 10
124 8
167 109
161 7
140 10
4 71
2 10
40 8
8 7
133 125
3 192
48 7
5 118
179 184
46 6
10 101
5 175
59 7
11 5
59 5
194 7
1 114
8 5
2 39
5 3
36 8
160 118
96 177
10 7
5 75
8 4
54 7
10 65
194 165
7 3
10 7
1 6
9 72
46 3
6 3
160 108
58 7
9 8
72 3
1 44
194 10
132 72
7 108
98 6
159 7
6 123
43 178
160 7
2 184
4 144
138 7
1 197
46 5
5 148
6 1
4 160
131 2
1 8
4 130
53 55
8 3
10 194
175 169
3 10
27 124
4 10
9 3
78 42
3 7
9 2
173 124
49 114
59 23
110 3
131 4
7 198
193 2
27 3
187 1
154 1
12 8
183 111
5 9
195 1
6 142
9 3
9 7
196 1
1 4
3 1
9 76
127 44
193 2
188 156
7 76
178 35
122 5
8 1
182 1
69 28
4 7
184 127
3 30
7 41
2 5
101 4
5 8
63 135
49 54
7 131
10 4
79 61
151 7
79 176
55 73
10 6
5 4
2 26
34 1
7 179
102 115
9 8
5 154
2 4
105 9
34 137
62 177
8 127
188 150
1 10
95 2
1 187
1 6
123 10
3 7
146 9
1 156
2 5
6 84
6 2
10 130
5 1
136 115
4 12
6 38
190 123
6 4
113 192
1 86
1 182
1 156
9 70
130 7
130 9
1 5
2 49
8 157
8 79
120 91
104 2
10 59
152 7
124 3
10 105
8 50
3 161
182 185
106 8
82 183
67 4
149 43
4 23
2 4
2 3
9 107
9 1
88 6
10 3
85 5
133 3
59 53
8 9
84 47
122 8
6 10
116 6
89 185
4 170
65 3
83 10
53 10
1 51
34 41
7 9
44 8
194 119
6 5
28 8
148 131
68 3
136 1
161 3
10 66
7 2
10 71
7 3
140 13
139 167
112 67
2 8
44 7
26 3
2 184
190 10
163 8
134 100
8 1
144 5
117 6
173 185
6 147
3 81
198 83
8 7
6 166
1 76
53 4
3 10
149 120
116 101
65 138
35 16
8 54
7 6
6 174
6 7
7 60
2 53
6 1
169 42
10 104
132 143
120 9
5 1
142 43
6 192
2 10
1 38
2 146
6 96
2 147
200 7
38 2
35 28
6 45
8 7
1 4
5 193
37 135
5 182
34 4
171 173
4 8
14 65
2 109
96 6
2 1
139 41
5 91
8 89
2 96
136 8
10 9
69 188
2 132
164 82
167 3
164 54
148 123
43 8
7 191
8 4
10 7
47 74
3 8
3 192
8 136
90 10
12 73
10 3
1 74
150 5
9 75
1 142
8 32
2 144
115 72
57 119
185 8
4 6
153 70
146 103
137 3
122 197
99 100
8 104
5 6
1 3
7 171
5 137
62 112
3 8
7 157
111 9
124 177
54 198
10 200
105 110
109 3
58 37
113 4
1 183
68 187
143 9
148 1
57 78
7 5
121 101
7 10
17 3
179 1
10 5
4 7
2 1
118 26
36 127
56 5
199 1
6 54
3 1
101 3
1 102
3 59
45 121
5 3
107 115
1 166
65 90
5 6
89 153
97 6
99 117
5 6
31 9
7 3
3 8
7 5
186 10
6 2
10 4
27 7
185 5
160 63
95 3
3 7
4 68
165 62
7 121
195 9
9 6
37 3
14 3
189 11
136 8
10 45
139 2
92 9
30 139
2 3
1 2
56 132
1 163
5 189
3 2
128 5
109 2
175 3
4 144
8 20
10 6
103 5
1 10
186 116
190 167
164 3
76 15
141 160
70 10
116 1
109 4
139 8
9 194
1 37
1 188
6 3
8 94
170 5
5 4
10 4
142 8
174 4
4 103
5 198
168 48
3 7
6 10
135 7
181 108
188 58
16 32
195 198
3 10
18 7
26 10
3 161
137 3
142 70
1 3
10 167
124 178
9 5
6 92
174 39
2 66
176 2
7 59
89 116
158 147
3 1
121 8
5 174
27 1
100 57
1 5
8 176
9 126
1 6
187 7
3 9
10 191
44 9
88 4
195 7
117 7
144 79
80 1
196 173
194 6
5 9
1 151
2 3
137 199
25 101
4 145
133 9
130 3
10 7
36 8
194 154
10 1
3 5
77 10
6 60
2 7
78 5
6 56
8 120
74 3
112 10
151 2
57 6
6 107
2 160
18 5
123 113
135 168
70 10
143 118
170 6
188 9
9 47
155 70
76 4
61 70
7 3
2 50
4 171
155 8
3 1
173 4
75 200
127 5
3 8
160 73
134 193
134 4
1 5
47 6
8 62
62 1
119 4
8 176
113 10
109 6
8 32
48 9
61 2
14 144
5 112
113 138
102 24
70 2
9 147
18 1
8 171
8 5
9 2
121 1
8 164
7 6
111 6
74 53
7 1
8 1
40 3
3 6
190 116
184 5
18 114
6 5
6 40
42 10
9 1
6 122
195 131
90 135
8 114
16 59
33 168
10 199
15 110
126 59
10 124
3 11
167 8
181 145
190 98
45 6
65 117
36 9
200 3
9 51
2 7
128 6
51 1
1 6
96 149
7 159
7 3
9 111
5 4
78 6
1 7
1 48
6 180
141 147
197 10
3 1
18 4
85 23
177 1
7 141
73 4
164 3
10 41
7 3
7 15
6 9
3 68
7 10
4 2
78 2
124 102
190 7
5 1
10 1
148 6
6 4
1 2
163 10
9 96
9 5
10 193
9 8
119 5
8 6
10 123
9 66
8 57
49 4
46 1
198 10
118 179
9 1
101 6
182 4
10 90
186 190
1 142
151 24
152 9
3 18
15 8
28 3
9 1
1 186
6 5
24 181
92 146
68 35
3 7
9 6
1 9
5 8
157 131
31 125
6 8
1 167
98 6
17 158
2 1
111 4
95 125
8 10
157 3
9 196
5 10
3 9
10 44
3 108
2 153
164 163
101 118
36 4
10 8
80 43
4 2
8 6
58 195
49 55
163 126
190 5
61 78
7 112
81 7
38 8
5 41
10 187
8 2
32 4
47 3
140 1
94 3
81 154
27 25
2 170
4 171
3 98
117 36
59 3
192 20
1 10
8 10
7 94
152 151
8 4
9 5
193 4
3 10
2 10
92 3
7 60
1 9
3 137
3 7
8 97
107 10
160 100
175 2
10 6
21 161
190 88
44 139
48 180
17 10
82 111
98 3
4 42
4 50
95 5
5 9
4 148
151 9
5 76
34 9
7 6
4 146
91 2
7 6
140 45
3 105
64 105
3 118
9 1
31 4
10 36
59 8
1 154
165 4
139 8
5 3
81 86
7 139
10 49
7 99
162 2
185 69
5 3
4 16
35 3
148 88
151 147
6 37
7 2
182 7
17 9
136 10
4 5
3 5
4 137
6 51
32 89
131 10
61 8
1 2
29 7
81 9
192 79
146 8
50 25
189 168
170 1
140 41
87 152
4 2
80 110
81 78
10 8
191 5
9 136
8 9
68 1
9 182
77 6
136 4
10 78
175 9
9 188
100 83
182 17
186 87
2 66
136 7
3 8
2 5
200 9
1 13
181 161
8 10
134 10
1 71
94 19
127 4
10 5
69 141
66 81
3 191
9 94
5 17
13 51
197 178
5 2
9 21
71 73
41 10
6 1
21 80
183 10
9 10
1 125
4 7
23 58
152 2
95 93
7 1
37 9
4 56
27 82
48 10
2 1
44 161
7 66
7 2
9 57
18 6
189 32
143 5
97 104
62 64
10 6
38 136
52 192
85 160
7 9
84 169
4 25
107 140
2 189
5 76
39 1
38 6
125 40
6 5
184 168
126 5
2 143
4 66
39 4
7 3
136 40
7 62
157 10
10 1
153 4
195 8
6 105
22 147
158 26
77 71
2 120
31 102
2 134
170 2
46 99
4 1
7 4
15 5
16 20
8 129
6 2
68 147
143 7
131 53
188 70
38 28
193 8
174 2
4 8
9 85
9 194
168 1
6 9
9 75
152 168
80 35
8 9
91 2
5 7
9 25
106 110
6 3
72 9
3 52
87 153
6 8
34 186
8 186
66 5
1 6
10 141
10 50
25 7
3 131
6 63
2 132
164 6
130 8
43 3
192 8
2 136
6 8
4 1
50 163
3 7
24 84
70 20
74 7
42 2
47 122
3 19
6 1
149 134
54 195
138 72
85 1
72 149
6 2
49 9
8 108
25 6
163 6
172 156
197 8
123 5
165 4
9 47
27 80
1 6
5 3
5 117
3 16
4 194
9 141
8 10
7 1
2 32
4 9
123 9
33 1
56 7
50 100
94 33
181 49
47 142
3 9
31 6
1 9
19 131
4 44
8 2
5 9
157 76
117 10
6 134
5 3
7 154
6 196
9 5
6 2
2 4
126 3
5 8
83 186
1 8
3 134
123 3
118 157
2 5
10 4
2 55
10 6
144 190
1 2
66 4
82 9
195 2
120 59
163 5
28 8
170 23
150 6
1 7
125 4
198 161
6 31
24 4
8 7
122 62
49 163
121 87
2 10
54 193
16 6
174 183
2 6
1 113
114 1
173 52
6 165
37 3
173 126
7 5
170 95
132 192
123 140
2 197
136 48
3 7
5 137
2 126
1 176
8 172
130 10
48 164
1 6
30 23
79 145
5 99
84 178
29 1
7 2
2 10
38 1
10 134
55 60
1 3
122 63
123 9
7 151
3 116
6 10
1 5
142 3
142 10
2 8
54 99
4 10
2 6
165 131
43 145
7 73
115 111
12 95
144 155
10 14
162 6
3 7
8 5
5 46
75 6
59 22
136 125
9 6
10 41
150 27
2 120
2 66
9 2
10 1
2 10
3 8
97 2
6 11
93 10
127 7
8 4
10 9
188 159
1 43
8 4
2 9
1 140
19 79
5 144
6 23
172 184
27 3
2 196
3 8
184 6
88 194
8 72
5 7
7 2
16 8
7 1
8 106
5 62
10 6
3 83
2 10
7 117
7 61
1 4
7 144
4 27
2 173
196 9
18 3
188 5
120 152
8 1
67 35
1 8
3 164
162 8
8 57
1 123
10 1
10 8
9 8
10 4
8 147
124 9
9 71
130 17
2 146
4 195
186 5
199 15
8 185
2 161
1 4
7 132
9 10
57 4
4 3
155 117
4 84
16 9
109 174
191 192
9 5
10 58
155 193
84 69
3 178
2 99
135 196
125 102
96 7
8 198
16 28
161 86
27 155
128 131
195 10
131 1
130 2
7 6
9 6
6 3
5 143
10 2
2 164
148 6
38 6
7 6
109 75
168 91
1 3
86 8
126 7
10 6
63 5
150 93
4 2
95 57
188 10
49 7
117 1
94 1
163 26
6 137
164 166
8 126
4 5
198 4
2 5
41 1
5 176
10 5
125 54
1 167
1 7
36 7
93 3
144 192
8 6
6 81
4 53
10 46
1 9
110 4
149 34
3 134
8 6
7 138
3 1
6 8
89 6
35 3
5 7
128 5
8 139
3 10
4 159
164 101
124 39
97 80
3 24
195 162
198 42
51 6
9 95
7 67
74 98
13 3
142 4
181 8
1 4
181 5
104 5
137 186
6 4
156 39
5 3
125 69
8 7
1 5
5 9
197 2
2 53
28 178
2 5
6 27
3 1
176 106
138 1
42 2
2 7
9 128
3 181
41 95
79 157
84 192
6 173
16 5
47 5
122 49
68 6
65 10
9 187
1 189
96 1
17 25
1 49
173 8
8 4
90 5
6 52
1 8
195 8
29 4
1 33
112 167
143 9
161 3
181 5
6 176
6 1
7 1
132 4
46 10
46 184
28 6
8 4
5 9
79 187
9 5
1 81
133 5
147 10
143 57
145 9
6 8
56 42
7 9
154 2
6 3
8 184
1 187
99 94
81 5
15 2
142 6
87 182
189 2
23 165
8 146
176 144
5 88
115 10
85 1
6 44
55 79
8 105
8 2
178 108
159 4
38 10
131 2
9 168
4 32
8 104
3 122
6 2
156 169
76 10
69 3
54 2
103 58
4 156
8 6
82 3
114 171
185 8
30 62
116 99
10 1
6 2
102 4
10 60
62 11
24 83
6 1
176 124
2 4
2 1
131 1
107 14
22 7
185 8
4 3
23 177
138 67
1 5
7 12
3 80
85 4
77 84
8 3
5 6
25 2
8 3
7 27
174 8
47 10
61 151
7 8
6 58
132 48
1 4
43 8
127 18
99 136
78 11
110 5
2 19
44 3
85 125
9 28
147 2
107 14
139 9
186 4
7 162
1 6
76 4
43 8
6 58
8 6
1 21
1 130
126 3
4 46
115 11
178 5
8 113
8 1
1 181
8 16
9 8
192 6
148 10
27 9
5 31
30 93
5 8
171 168
8 166
5 3
1 10
5 121
112 50
4 65
130 114
13 94
9 10
1 74
62 147
179 8
157 7
2 200
8 200
3 23
5 131
5 134
1 3
10 8
4 199
29 5
81 65
10 109
51 102
2 52
31 10
176 8
8 5
3 105
132 110
86 28
6 10
142 9
2 15
112 54
5 116
8 4
48 170
151 91
75 69
8 1
122 32
3 12
10 7
5 128
1 86
13 132
2 10
113 71
86 2
146 6
1 150
195 10
3 1
3 45
3 5
82 104
3 83
43 186
8 170
1 62
178 103
115 75
193 29
183 7
5 55
78 9
188 3
78 2
65 4
80 6
51 110
8 7
4 5
4 121
5 10
79 8
36 83
75 7
2 1
184 18
148 91
94 70
7 5
10 65
118 10
9 11
1 10
189 6
3 9
9 130
2 43
8 3
34 59
9 51
46 8
4 1
10 29
73 8
7 39
152 128
5 119
4 187
22 100
2 166
7 2
6 174
29 137
8 168
180 100
160 8
170 3
50 64
3 8
161 36
8 68
1 70
6 37
8 9
18 199
29 26
1 5
2 8
110 80
93 5
2 39
153 73
131 113
15 5
59 9
1 193
11 8
6 10
164 5
1 5
3 112
10 3
76 3
185 124
7 191
85 151
6 10
6 161
37 8
169 120
167 117
2 1
5 74
95 91
142 3
65 157
7 5
1 187
7 6
4 10
10 3
108 4
10 186
4 8
3 66
1 4
2 157
152 144
111 5
3 30
73 62
21 113
9 7
123 188
1 3
7 21
123 8
9 7
5 166
4 2
130 4
186 2
85 162
9 109
117 2
62 34
60 5
4 44
5 78
186 9
200 2
9 2
1 65
199 119
5 176
2 160
6 10
1 65
190 7
10 70
4 3
3 4
3 8
4 2
1 109
10 139
113 190
8 198
2 6
4 162
7 179
101 24
6 2
6 7
5 1
180 178
128 6
2 133
1 143
10 2
84 2
8 118
5 69
174 171
9 147
1 196
4 7
179 6
97 57
8 1
7 2
82 10
2 161
149 8
122 193
155 1
151 7
10 1
165 80
149 9
83 49
9 159
8 149
155 8
4 52
7 9
30 6
6 117
10 6
5 133
185 10
56 5
135 10
11 173
3 71
5 8
41 5
135 8
45 132
5 118
6 163
4 92
117 3
84 7
20 199
198 4
112 166
195 2
188 106
193 33
53 5
51 6
182 10
8 10
78 10
4 192
96 10
172 19
2 9
6 124
7 36
62 2
20 168
3 16
8 7
59 6
149 15
190 7
9 104
6 128
6 3
55 2
36 151
5 76
6 9
111 1
155 9
33 41
153 42
50 10
9 150
107 148
103 1
113 8
71 146
48 91
10 3
174 7
3 187
4 2
150 158
10 9
4 8
75 186
138 83
16 9
4 8
8 166
9 8
177 9
131 61
6 127
174 9
122 8
23 9
78 39
25 6
119 125
90 7
76 2
5 9
4 23
111 9
6 43
7 170
4 108
98 2
10 1
126 5
5 6
53 96
30 2
153 7
6 8
109 40
2 9
1 66
149 175
10 151
55 87
9 125
2 43
10 47
85 142
6 83
2 6
64 6
55 5
7 4
2 35
95 109
10 135
147 5
1 9
13 35
139 2
8 9
31 92
8 2
146 38
3 165
65 187
178 84
141 8
108 10
10 65
8 45
10 37
10 5
63 8
11 189
5 124
1 11
10 115
94 186
105 7
7 8
166 8
5 119
5 10
192 177
6 2
76 1
101 134
81 180
9 26
4 179
139 135
10 4
6 67
112 27
8 177
9 1
7 9
31 96
8 64
7 85
88 1
6 1
8 6
133 7
200 1
4 46
9 5
9 6
6 7
2 42
82 93
180 196
45 170
6 1
104 84
2 1
10 180
106 92
9 1
119 10
9 32
10 3
1 183
146 49
8 7
139 8
6 9
4 179
9 4
189 22
145 10
2 6
157 5
26 28
3 186
124 100
8 57
81 8
10 4
92 53
9 6
103 5
9 5
8 167
8 73
161 99
5 1
5 36
7 5
8 10
2 168
70 198
24 1
5 7
8 30
166 191
42 2
8 158
128 1
103 116
9 1
1 43
6 151
4 5
1 6
64 6
8 46
4 104
3 6
8 18
3 5
135 5
106 41
2 6
3 180
1 4
6 4
6 3
196 1
183 8
88 10
109 5
4 179
7 4
86 4
3 112
73 1
105 5
12 150
122 60
89 115
178 3
138 20
1 85
81 4
86 188
35 39
2 85
97 146
28 10
88 9
135 8
13 9
74 10
3 4
3 1
59 163
50 4
5 110
183 107
3 17
112 156
49 9
10 42
10 65
169 7
21 6
69 8
101 156
87 4
65 2
10 194
2 188
2 119
197 8
182 9
2 103
7 5
144 21
4 6
146 98
11 92
2 9
97 2
179 3
135 71
166 57
1 7
33 8
10 1
150 193
126 4
10 3
191 6
87 96
59 2
183 54
1 166
1 5
6 1
109 1
160 1
83 99
124 6
16 109
114 10
10 171
50 27
65 6
84 5
121 8
6 4
122 7
111 130
1 142
6 142
7 5
114 2
4 174
6 1
11 64
10 190
4 6
61 5
8 1
99 186
21 22
7 54
119 146
5 9
14 6
6 3
7 57
61 7
149 53
162 10
128 9
160 3
9 135
55 2
124 84
148 109
4 9
28 4
8 84
8 136
133 4
66 4
49 5
9 128
10 8
9 10
88 8
38 60
59 41
1 26
76 34
5 71
172 15
9 154
17 8
142 166
5 154
40 61
193 6
172 4
7 28
36 8
16 4
4 37
180 24
8 1
4 9
129 192
1 9
4 55
50 4
108 61
169 2
57 16
22 17
10 4
80 22
80 78
151 7
5 151
10 3
35 1
170 62
6 145
10 9
5 10
10 143
4 185
6 162
7 9
164 106
163 10
119 189
3 12
6 129
41 2
5 93
9 5
2 10
185 8
96 7
64 50
1 197
16 5
3 1
1 3
149 114
64 111
2 82
6 1
138 41
4 105
103 32
50 149
156 30
158 7
172 43
5 2
155 172
160 9
5 91
10 2
7 9
78 1
9 39
112 185
40 92
5 93
8 10
6 4
47 168
10 6
87 10
170 10
168 4
150 1
10 7
6 187
7 145
152 47
129 26
67 2
166 139
2 182
7 8
7 6
2 139
91 4
90 8
10 126
10 37
39 7
109 8
3 197
9 23
9 5
162 100
4 10
6 9
8 195
138 5
2 5
23 7
4 7
7 8
148 9
116 84
1 5
26 7
70 8
95 7
51 5
5 98
7 98
179 24
3 75
125 7
2 63
5 65
1 58
113 103
4 7
10 174
178 59
179 2
152 33
200 2
60 165
10 150
117 85
88 2
101 6
40 104
72 45
137 2
197 154
7 94
5 72
44 14
87 131
51 109
10 8
38 168
15 8
3 6
44 4
2 7
3 161
8 6
19 1
167 5
175 82
79 32
5 6
9 39
112 149
9 2
141 1
7 148
10 1
176 9
191 6
6 5
102 140
164 93
192 123
89 3
35 8
47 8
3 40
8 189
68 8
3 50
64 10
8 192
31 56
39 172
111 79
7 152
140 155
8 5
140 7
67 6
8 31
1 7
10 4
152 74
4 6
38 59
176 124
2 1
78 12
45 2
10 9
1 116
4 191
1 10
196 7
5 33
112 6
72 176
9 197
66 48
1 7
1 119
1 69
30 8
180 9
27 187
92 3
7 1
189 167
153 10
127 181
152 40
91 180
80 9
6 1
4 132
52 155
46 169
1 22
28 1
121 148
9 4
40 98
6 40
6 179
8 6
199 152
166 5
179 9
2 4
147 9
3 92
120 5
71 3
6 8
8 195
2 157
99 82
1 13
9 166
4 84
9 6
12 3
75 130
197 41
8 19
18 31
111 192
10 8
25 149
5 143
39 6
9 10
5 17
18 6
47 3
7 2
10 76
2 131
3 47
4 53
137 6
10 168
3 6
2 16
133 3
125 6
164 1
120 47
7 1
27 9
172 10
7 42
9 7
86 121
80 100
6 101
8 3
8 162
48 108
6 1
197 7
50 3
7 66
22 73
10 108
66 28
23 2
2 192
5 77
1 6
8 141
8 125
20 8
6 150
138 2
5 3
5 17
6 80
4 10
124 8
1 10
197 4
2 173
9 2
91 9
139 177
159 8
141 8
64 10
5 35
2 194
5 10
3 158
9 5
3 178
161 62
146 172
1 175
37 9
10 65
7 45
7 105
9 111
71 74
45 55
10 3
11 6
1 74
66 56
94 4
42 1
7 9
96 140
2 3
157 65
6 7
9 129
44 2
1 119
97 1
69 170
7 138
80 8
71 148
29 88
184 10
187 6
113 5
121 9
2 8
57 2
1 3
109 127
149 49
154 135
128 63
173 139
49 59
24 7
128 189
8 36
3 7
99 1
53 10
151 183
17 86
164 166
51 109
10 2
121 4
4 192
9 5
7 138
54 105
1 6
8 2
8 4
199 10
153 53
2 6
151 1
5 9
1 129
9 123
186 112
9 69
68 9
6 7
84 130
103 19
47 1
85 92
11 57
52 4
157 7
8 7
5 106
10 50
7 19
6 7
3 10
6 3
1 8
4 1
106 2
5 1
4 6
8 3
104 127
147 2
4 8
8 88
171 9
9 6
130 5
1 9
139 89
139 142
5 136
126 5
169 5
39 137
6 1
4 5
5 123
7 1
7 118
9 55
79 191
4 70
2 50
3 10
8 28
197 191
10 72
39 10
9 165
34 4
2 32
7 8
73 167
8 5
5 46
7 70
7 10
5 199
3 176
161 7
4 8
4 195
32 6
93 7
10 1
187 98
10 121
6 181
5 1
82 9
195 43
5 9
161 180
125 136
9 135
12 3
10 3
150 7
191 9
8 7
154 175
9 5
10 73
119 125
2 78
35 10
3 41
3 11
69 174
176 9
6 145
133 75
152 145
121 147
143 108
7 9
3 79
126 4
10 170
7 10
8 21
115 6
171 2
10 4
156 132
6 58
6 8
137 3
3 8
10 7
10 35
4 13
10 130
7 105
37 63
136 9
52 34
10 153
4 194
4 37
104 121
8 106
3 2
149 105
9 67
5 1
134 64
8 1
79 69
92 2
6 189
182 9
6 7
98 5
6 69
66 9
108 11
184 100
96 4
4 6
1 158
199 147
2 1
48 123
6 190
170 8
9 26
43 6
172 10
79 8
8 6
91 19
6 2
67 9
9 67
3 73
44 111
23 3
1 155
1 141
200 128
5 8
3 4
134 93
59 6
9 63
22 3
62 158
2 127
7 103
9 59
200 137
178 29
7 8
2 8
5 184
9 7
7 3
8 47
5 138
77 178
187 60
160 100
153 10
8 14
9 4
142 200
78 10
8 197
192 10
134 8
8 6
96 112
197 92
6 5
1 157
2 72
2 5
195 79
51 6
99 180
8 36
121 5
153 6
7 1
20 52
198 66
187 8
5 116
169 133
55 6
1 7
137 160
90 6
4 3
51 175
185 6
2 173
9 2
136 1
138 51
9 4
40 200
3 81
152 63
80 17
197 8
1 67
8 163
53 187
199 2
31 2
5 69
6 90
2 8
7 11
161 6
55 25
7 187
9 5
9 6
3 4
126 2
108 89
162 4
115 2
43 4
5 78
5 116
192 4
128 24
174 8
195 4
6 196
70 7
65 5
2 7
10 189
115 174
7 29
112 4
10 2
6 117
22 2
4 109
58 156
111 7
124 71
77 5
1 10
9 192
7 109
6 3
5 17
83 130
180 119
2 169
9 1
31 3
31 2
58 7
3 21
8 9
2 187
8 18
4 178
91 4
4 134
37 3
2 5
32 6
157 179
3 176
10 1
6 152
120 4
198 53
112 49
181 195
3 5
176 73
2 8
146 3
86 198
32 7
56 7
22 189
7 9
53 117
79 10
6 160
8 20
7 196
3 57
8 10
172 2
9 2
8 1
7 5
3 115
4 10
117 23
114 69
177 3
8 30
138 65
2 10
73 81
171 4
153 116
152 174
7 3
2 44
3 99
8 1
161 4
1 75
77 5
71 106
3 195
1 59
8 165
9 1
182 1
10 6
6 7
5 9
7 153
3 1
198 2
2 1
1 10
10 1
29 62
106 10
1 93
194 30
3 14
9 3
134 117
109 45
4 8
157 1
2 9
5 68
42 9
5 1
8 73
5 4
176 7
1 96
73 7
129 36
25 53
101 148
7 1
10 5
182 7
89 8
1 2
7 34
29 5
133 43
149 192
172 10
130 174
161 7
6 149
93 146
5 8
181 133
1 9
4 117
54 116
159 15
160 167
4 197
185 154
6 61
197 148
12 10
190 4
8 100
4 146
3 5
173 7
95 47
10 200
7 8
1 6
1 170
9 3
4 3
175 8
62 151
12 82
7 199
30 131
4 166
147 46
175 8
42 166
108 7
110 16
6 5
98 78
37 4
6 7
5 6
4 7
74 3
7 4
26 104
10 3
10 181
145 98
23 15
140 3
87 2
1 160
121 7
197 9
84 163
132 80
8 137
32 76
121 5
166 14
30 29
157 8
2 171
1 9
151 150
51 193
179 1
9 170
166 137
5 149
47 2
8 7
148 2
88 129
110 90
165 10
1 198
74 30
5 10
66 7
1 2
184 7
189 10
85 2
88 10
101 19
146 9
12 5
4 151
171 4
7 2
5 97
35 105
85 82
142 7
91 59
7 66
10 120
136 192
145 32
55 2
157 186
4 1
3 163
125 36
1 5
85 153
6 9
6 91
10 4
58 186
6 197
1 9
104 4
180 93
7 109
47 40
8 5
3 8
126 6
8 173
7 9
33 64
13 14
2 7
159 3
7 6
104 2
7 72
9 199
7 83
62 4
6 192
33 8
10 2
1 63
175 7
116 50
182 80
9 8
57 56
100 189
9 114
9 16
81 4
2 61
7 10
124 13
10 94
107 61
146 152
8 160
176 4
1 7
99 27
40 10
122 5
168 9
164 6
127 2
3 120
95 42
6 138
2 162
46 47
190 168
2 8
171 155
8 90
51 2
3 8
170 4
4 169
135 8
152 139
26 1
7 109
3 123
2 136
10 107
5 3
127 6
7 129
3 1
4 62
104 8
120 7
1 24
42 86
5 9
73 164
3 69
120 5
1 57
3 10
43 6
193 2
39 8
85 195
108 14
192 169
166 74
8 7
88 10
118 6
39 196
6 7
16 124
9 77
137 3
4 157
90 10
89 51
158 88
2 4
147 55
8 29
3 190
6 194
82 9
7 194
35 5
4 194
154 1
10 9
64 9
2 198
5 8
4 134
5 10
18 153
10 123
2 5
10 131
92 3
181 3
128 18
7 177
107 9
94 10
7 2
156 1
32 171
8 30
53 168
171 106
54 67
146 1
9 98
156 7
9 1
129 1
74 1
184 43
8 5
5 8
5 69
73 148
3 91
130 13
2 37
1 5
33 7
6 109
149 64
175 1
8 91
7 8
3 123
168 1
25 191
115 32
10 158
158 7
3 6
8 3
190 5
175 157
7 59
179 8
127 6
97 164
127 89
7 187
190 8
109 142
150 101
139 10
10 4
7 77
3 10
6 3
189 1
10 2
114 91
41 126
152 4
4 193
184 198
6 80
117 8
190 36
199 2
5 120
110 5
59 3
184 194
6 180
125 10
1 35
8 2
8 22
3 2
107 7
2 147
101 140
9 10
136 146
157 139
10 9
8 6
10 83
2 26
9 98
125 154
10 164
16 48
5 8
10 126
10 12
154 83
18 177
1 153
5 4
12 69
141 164
1 4
65 118
86 87
7 5
6 4
7 23
12 6
5 4
38 6
101 195
6 184
181 2
6 1
82 182
21 33
7 156
135 1
2 4
8 57
7 179
9 65
10 2
91 5
60 171
2 8
53 5
2 4
5 175
108 1
5 28
2 196
83 65
46 116
9 143
121 5
7 140
3 4
2 10
1 48
181 4
173 9
155 25
23 50
4 137
121 1
3 5
31 10
148 66
7 42
104 26
24 110
10 18
111 10
107 166
9 5
3 7
64 6
4 3
9 79
10 33
5 50
13 134
4 174
23 185
1 10
1 6
3 105
150 115
198 75
170 3
132 10
3 117
54 46
2 6
3 6
2 5
7 6
9 49
123 10
2 4
120 2
113 187
5 125
124 9
1 189
73 1
4 113
54 107
152 4
7 4
59 8
9 91
168 10
149 132
6 9
138 4
58 4
190 4
1 123
5 30
128 108
9 3
10 106
1 20
59 9
177 3
2 34
3 6
4 5
49 2
49 137
78 10
165 18
121 147
90 9
1 119
2 55
16 166
63 6
4 188
6 139
9 3
8 6
3 9
20 10
69 6
9 78
128 6
5 32
10 144
5 9
159 4
72 8
4 167
107 9
1 128
1 38
1 153
2 9
6 170
2 4
147 2
103 7
54 102
24 4
187 162
3 7
98 3
1 3
163 10
77 173
55 5
14 45
135 36
121 97
5 30
9 5
8 3
55 4
9 116
143 2
6 147
135 11
194 9
10 101
103 8
6 3
104 76
9 5
151 5
35 113
190 5
5 3
1 36
9 160
94 92
7 139
7 5
170 52
64 7
4 10
7 129
10 8
190 3
2 10
7 66
2 5
4 2
8 66
168 135
192 6
12 16
43 5
2 60
1 2
9 3
42 23
8 147
5 186
130 10
28 183
7 68
33 15
9 6
24 60
8 6
46 107
94 8
5 8
9 56
119 124
3 57
36 4
8 3
114 45
5 6
140 155
8 98
6 113
176 186
48 79
62 196
150 3
7 2
3 10
145 7
98 5
75 6
159 10
7 24
186 152
2 4
5 187
3 116
5 187
62 8
8 7
30 136
183 157
163 2
123 125
9 185
60 4
130 1
140 6
4 9
6 195
183 2
171 195
144 9
179 8
136 6
5 4
106 64
61 31
2 7
154 166
5 190
4 194
3 160
3 9
6 174
1 43
7 5
86 197
118 5
5 3
110 198
180 102
1 77
4 161
8 55
6 76
147 62
85 4
30 51
10 71
135 178
3 94
131 154
84 1
10 7
4 45
8 2
37 9
42 5
5 84
113 5
133 123
166 9
2 8
41 148
55 8
114 90
6 73
166 6
10 172
3 94
5 3
105 7
144 113
19 2
34 6
164 6
164 22
4 143
16 7
20 3
172 143
3 13
122 1
7 5
8 5
5 133
19 51
2 34
9 122
8 85
153 8
6 76
8 9
147 111
116 42
150 5
151 8
170 199
151 5
1 55
6 5
2 3
113 65
90 111
166 4
7 199
193 7
1 138
55 3
100 6
59 4
117 5
5 33
174 1
10 6
143 28
84 186
98 125
6 8
144 73
7 9
120 43
4 76
7 3
31 6
24 34
7 145
9 6
1 134
7 1
65 7
8 3
83 8
178 9
7 6
10 61
145 4
180 82
9 84
7 9
1 8
8 80
2 32
128 10
7 9
170 10
142 2
8 129
170 95
10 32
137 69
87 69
1 6
180 4
4 8
3 197
6 10
4 178
1 7
196 1
8 9
97 9
10 41
89 5
4 10
7 5
163 6
5 8
32 4
10 38
7 187
162 8
38 4
78 129
138 48
7 4
1 10
4 180
11 86
65 4
9 2
19 4
37 7
10 11
10 77
4 2
7 90
6 107
78 4
13 32
172 7
186 2
16 60
112 7
10 4
3 21
88 142
143 89
67 115
152 36
6 2
149 9
10 8
3 91
9 5
143 46
196 35
3 150
187 3
97 8
175 2
97 5
17 6
75 11
2 130
8 3
61 10
64 4
197 186
194 1
3 9
8 4
159 9
22 1
99 4
5 9
96 100
7 20
73 58
9 117
4 35
192 2
2 6
2 122
8 157
6 9
188 7
145 5
197 116
6 200
165 194
79 200
105 108
5 65
148 10
4 97
87 7
126 10
1 121
80 8
3 6
2 83
3 24
75 4
3 9
29 96
8 7
143 9
61 2
54 65
168 30
199 191
22 10
182 74
9 49
147 6
107 167
8 88
83 51
74 4
196 7
3 174
8 56
7 83
4 6
76 195
1 7
39 109
152 155
6 40
129 59
167 9
125 109
29 8
67 1
161 178
8 7
7 56
26 152
194 8
120 8
135 6
2 3
78 3
42 88
6 2
2 171
3 176
85 10
5 78
3 133
45 166
161 9
4 9
2 1
10 5
65 5
2 1
9 2
61 40
9 127
4 6
165 4
2 39
3 61
7 6
59 111
15 99
1 6
10 8
182 3
3 30
186 7
8 9
64 10
9 5
111 193
26 10
45 44
123 28
7 4
141 3
166 160
90 111
1 3
4 151
8 6
15 5
6 93
1 5
2 38
167 12
6 19
4 160
60 133
9 4
112 5
136 7
63 173
4 128
4 117
10 180
6 1
4 5
17 74
81 3
87 9
5 4
64 26
8 10
30 3
10 9
132 159
102 4
72 5
58 93
194 2
131 116
5 101
4 67
15 10
4 197
5 7
120 1
113 6
16 50
29 9
3 4
31 1
9 171
139 1
8 9
117 8
1 143
10 8
83 199
4 3
114 1
133 3
2 6
12 5
2 89
18 196
1 7
4 138
198 43
3 39
112 189
9 6
143 136
4 77
7 57
1 2
9 8
5 1
8 177
115 116
8 176
71 5
151 5
8 6
41 8
197 8
142 51
135 48
154 144
2 127
116 102
3 114
5 7
4 85
144 7
37 6
167 7
43 8
190 94
97 7
1 6
4 2
6 3
17 25
146 115
190 39
93 8
24 69
9 114
132 10
41 185
62 8
9 194
63 10
4 5
122 5
1 8
41 9
9 141
1 2
124 1
71 6
12 28
163 136
5 2
32 4
68 8
8 198
2 3
1 142
145 74
128 9
6 9
7 160
15 7
9 1
6 70
16 39
10 3
17 3
101 4
195 6
166 147
179 106
3 5
7 154
6 55
65 10
160 2
6 101
9 44
88 19
3 89
10 4
5 50
2 9
8 4
160 3
58 86
72 87
115 170
79 2
9 111
31 172
129 193
1 2
3 73
133 1
148 133
7 169
78 10
164 96
45 152
5 1
7 31
7 100
2 150
1 2
111 130
8 197
178 170
2 9
106 3
70 2
48 5
161 118
167 83
47 6
171 174
33 66
177 86
171 105
7 9
2 5
117 1
113 2
1 85
156 111
137 2
154 171
127 9
4 6
18 9
15 5
57 6
138 180
95 63
87 134
3 5
2 60
134 8
6 42
43 4
3 23
10 185
45 156
2 193
6 35
143 4
1 156
172 1
5 55
9 54
116 178
36 11
2 6
84 9
7 13
111 7
173 7
7 40
80 91
59 145
7 127
54 6
128 8
4 53
93 14
101 2
9 2
2 12
1 189
10 55
3 175
104 49
1 128
3 145
9 89
9 20
190 140
4 25
1 48
183 123
193 7
171 3
4 52
12 1
142 74
165 10
3 186
14 61
3 182
1 7
9 42
51 21
161 103
5 126
8 9
3 150
10 31
5 1
2 50
40 7
3 4
3 61
22 42
4 32
78 19
112 2
177 10
7 40
9 112
4 60
23 7
75 94
112 6
6 127
40 2
197 5
96 7
161 158
140 166
41 66
108 130
183 13
3 5
129 154
122 133
193 1
3 187
20 57
175 38
131 2
4 19
6 147
92 53
54 200
1 4
5 53
6 50
8 6
9 184
154 3
92 4
200 120
9 10
7 6
82 148
150 6
15 155
3 7
107 197
41 82
164 2
4 3
147 7
40 60
4 6
51 197
1 2
5 146
9 8
71 36
7 67
4 1
10 4
5 163
184 7
7 10
4 7
112 60
5 1
145 1
137 1
152 10
10 136
198 5
4 2
63 2
137 8
181 2
109 28
62 190
8 87
3 35
16 84
53 10
143 197
2 9
2 3
3 175
174 2
3 159
12 3
3 6
39 2
109 5
190 1
4 8
159 67
5 182
114 5
89 10
1 59
8 17
103 139
178 28
19 83
5 1
44 128
139 160
11 194
1 8
13 29
60 6
4 20
158 1
118 6
85 9
2 1
137 6
112 106
199 66
4 2
1 2
1 10
9 2
7 82
85 111
6 127
149 23
2 141
5 1
115 10
89 121
165 1
166 4
7 123
7 80
4 32
172 8
94 7
151 1
62 132
60 90
141 171
40 66
4 9
31 117
39 4
66 16
26 8
106 4
37 103
46 62
159 9
2 8
118 9
9 8
154 7
29 47
90 101
10 123
7 1
71 4
9 22
7 58
134 193
10 19
136 3
121 155
55 104
1 8
113 134
149 91
4 12
149 180
184 1
194 107
10 173
8 71
11 42
158 169
78 8
1 7
153 105
90 8
15 165
8 3
162 6
123 1
181 7
92 6
16 3
7 94
40 111
184 1
6 137
3 147
10 7
13 6
59 4
8 9
1 31
57 36
36 3
3 26
90 152
72 16
48 62
44 5
57 2
3 103
7 109
152 63
175 17
143 6
9 153
9 2
9 6
2 5
119 12
10 191
8 7
53 48
189 49
1 7
179 9
73 148
20 7
164 1
2 179
17 10
4 75
7 2
4 7
185 6
10 49
194 103
1 102
1 26
10 180
3 107
78 166
9 1
67 2
9 10
4 113
6 4
131 3
81 17
118 198
157 10
89 39
66 7
10 130
6 9
8 2
62 2
165 4
8 96
10 111
6 196
9 4
115 9
8 10
2 194
191 5
9 10
113 10
6 10
22 1
160 109
22 7
5 9
10 1
34 44
162 33
75 89
3 4
3 7
28 3
92 147
67 10
7 140
8 4
3 10
142 7
6 3
8 75
4 110
98 6
9 179
6 1
171 1
2 104
96 10
138 150
93 28
134 3
92 7
4 132
127 3
9 6
71 4
194 4
4 9
121 120
170 31
104 2
4 5
4 134
6 143
4 184
135 4
19 108
7 1
4 1
22 155
118 75
1 181
3 5
161 191
78 5
4 38
6 3
147 11
193 4
3 2
4 6
6 52
3 89
33 3
119 104
52 7
6 52
2 179
1 6
2 8
1 103
153 120
4 7
6 8
76 7
149 132
4 115
109 6
2 112
29 100
3 6
189 10
2 178
123 2
120 133
5 6
109 101
10 79
121 29
8 138
195 1
98 26
125 59
79 105
175 4
9 187
78 198
6 5
164 12
10 98
1 6
98 2
23 172
6 7
5 184
3 2
10 105
1 147
7 143
7 153
8 7
4 6
3 130
94 194
198 172
40 42
1 38
5 131
6 25
137 10
3 8
36 78
126 8
152 5
3 74
3 25
58 8
8 192
138 79
40 126
139 80
189 91
1 109
93 180
5 153
6 3
153 8
10 3
75 66
4 144
2 38
97 10
96 145
186 195
3 6
188 178
6 127
5 172
4 124
9 20
115 196
180 72
3 2
4 2
1 2
164 2
5 8
6 9
8 6
9 4
10 7
6 9
8 2
24 2
46 7
30 148
3 98
7 18
2 11
9 14
56 7
77 1
179 4
43 3
2 4
63 5
157 17
96 3
4 8
6 8
14 10
72 99
8 99
1 3
7 188
9 3
157 172
81 129
1 3
3 183
114 15
3 68
61 3
52 10
190 77
75 5
180 2
155 3
9 10
54 158
192 149
154 1
176 8
195 135
1 28
139 22
100 4
103 6
5 49
82 5
63 179
182 7
74 154
107 1
10 2
24 76
4 2
10 5
135 1
14 179
7 4
181 3
7 9
135 3
9 158
112 4
72 1
10 9
134 150
42 10
1 125
8 138
115 86
9 67
54 8
101 27
141 102
75 80
160 8
2 65
1 10
9 159
3 175
1 2
7 8
5 1
6 8
187 7
141 200
151 197
1 12
120 9
74 113
5 4
26 5
111 6
4 3
91 148
131 8
8 1
5 10
131 4
2 194
136 92
7 162
8 4
24 5
1 184
5 108
29 37
162 1
169 5
125 6
1 9
18 34
51 7
1 7
2 177
7 108
131 5
8 38
200 10
64 28
25 83
5 161
174 50
38 17
2 8
5 134
7 69
10 5
9 30
161 4
7 67
8 4
10 36
51 103
27 182
9 2
3 42
167 139
121 186
108 9
9 53
68 113
4 172
121 9
73 89
12 2
90 7
52 10
164 10
39 179
169 9
40 4
165 11
183 4
6 169
194 109
48 10
104 2
1 7
174 1
5 9
127 9
76 3
5 117
185 40
3 13
92 86
131 76
91 8
1 170
7 9
179 60
19 173
9 6
80 5
3 7
18 138
140 9
9 2
186 6
5 9
168 94
2 104
7 186
7 65
9 10
10 134
153 10
8 139
8 3
46 59
172 75
61 8
7 82
2 63
77 1
8 62
97 118
193 145
2 55
140 127
9 109
10 154
103 7
146 27
18 91
6 8
1 21
108 128
10 1
7 5
8 200
92 3
9 10
61 7
2 113
4 6
10 28
9 4
80 2
136 193
17 2
5 43
10 18
5 4
8 191
8 5
5 9
1 106
24 1
9 143
1 8
123 7
89 156
7 71
175 165
76 9
103 87
164 46
194 8
8 1
2 8
3 147
8 190
7 3
5 7
5 189
9 6
28 9
111 5
3 6
100 171
9 4
8 167
166 95
49 10
80 10
166 79
198 61
10 6
154 9
120 25
1 10
8 5
8 9
7 9
64 7
70 6
4 59
4 5
116 23
5 8
6 4
10 5
8 9
10 8
186 3
6 2
2 10
52 9
128 90
151 3
165 9
89 6
1 92
8 130
60 6
163 78
55 156
7 63
2 106
9 111
38 9
3 66
10 3
145 123
78 99
102 5
3 93
79 126
9 8
6 10
8 49
13 141
4 74
189 18
3 8
3 7
10 200
3 49
197 7
42 24
7 5
7 191
5 152
106 2
159 2
160 8
31 144
7 10
8 10
3 12
84 71
117 71
161 4
1 2
199 94
175 5
6 113
9 110
109 186
8 67
5 183
7 23
172 27
130 57
7 1
2 88
160 5
107 5
37 2
173 180
6 187
10 123
79 197
9 170
96 104
55 3
199 1
178 8
9 72
6 62
62 189
10 16
36 2
125 4
6 7
9 169
9 1
195 9
123 5
103 8
36 65
9 41
1 6
138 5
1 142
62 1
49 4
30 20
122 2
13 77
2 63
2 1
112 6
77 1
198 3
66 196
91 8
9 1
187 5
164 160
5 124
5 190
1 2
7 5
113 197
177 14
3 162
2 9
9 8
6 5
10 1
8 49
33 7
6 83
127 5
8 1
6 109
1 6
9 112
81 174
9 5
112 10
4 1
4 9
1 133
10 156
128 186
8 161
9 62
7 10
128 10
7 144
24 3
2 38
2 133
120 9
10 84
121 178
127 173
6 44
9 3
74 103
107 74
9 8
184 48
1 2
197 10
64 121
8 3
9 3
37 157
173 8
3 35
197 189
9 56
10 189
2 8
53 193
9 3
2 5
7 32
43 186
1 178
4 2
93 154
162 40
2 30
2 19
117 45
6 158
1 109
2 26
2 40
121 9
10 5
132 34
64 65
96 8
9 4
10 8
7 9
5 7
31 6
8 51
199 38
173 6
175 5
195 5
10 4
180 58
129 1
2 60
169 107
4 186
3 1
8 140
61 8
8 10
6 150
2 189
99 98
128 164
9 8
9 85
145 80
6 10
6 4
132 71
10 33
199 146
7 174
4 191
6 13
1 7
10 138
67 128
118 84
116 153
126 19
131 48
1 187
9 10
190 156
10 1
141 6
1 131
6 59
103 88
75 3
6 99
1 142
1 125
8 4
14 6
4 32
82 4
97 5
7 3
124 3
127 5
25 51
7 6
12 44
172 107
99 197
146 6
10 3
131 2
3 195
80 131
1 102
191 8
7 31
185 7
8 167
5 167
107 4
9 8
28 8
72 2
89 94
9 8
42 7
5 178
2 168
175 28
7 182
164 10
88 142
9 3
10 4
2 10
83 1
103 7
7 3
49 10
3 5
9 10
10 2
3 23
4 110
16 8
1 42
132 2
165 153
115 1
1 118
22 6
182 77
2 112
4 2
35 71
4 14
7 67
7 91
6 7
7 10
80 38
4 8
23 3
143 3
4 6
70 1
10 35
100 4
38 2
8 65
115 179
2 32
154 55
3 116
154 58
43 10
63 51
10 182
1 2
5 191
68 7
56 4
50 1
6 8
3 8
9 8
10 176
145 162
101 5
11 54
168 104
8 3
150 187
73 5
192 139
2 10
128 51
163 13
80 4
3 1
174 133
189 165
7 64
42 45
10 100
3 81
7 85
176 9
87 186
155 5
4 2
83 22
167 10
55 183
158 32
9 179
183 86
11 106
7 134
8 6
143 8
122 4
161 170
131 47
59 1
123 9
5 3
141 78
5 188
2 9
46 2
141 47
12 131
121 180
2 100
27 2
106 5
6 4
158 50
4 54
10 116
13 2
134 195
62 86
8 26
7 4
49 104
4 125
17 4
32 2
173 196
7 4
127 2
9 167
6 8
98 196
2 8
4 23
150 5
113 74
6 4
99 9
6 2
9 32
7 4
2 3
10 198
10 6
4 186
142 145
2 10
5 4
48 124
9 8
64 2
8 6
7 3
2 183
5 10
184 10
2 163
7 182
60 122
146 106
7 1
2 165
76 6
5 8
9 100
4 5
192 6
10 12
56 163
131 1
197 10
1 6
152 190
174 183
31 6
23 7
138 71
106 2
8 181
7 59
66 10
9 114
132 1
80 169
6 5
1 4
9 78
40 114
9 3
75 176
182 1
143 2
4 78
5 129
107 8
5 6
6 146
1 140
163 73
7 10
62 44
149 137
2 4
10 1
5 150
47 57
96 10
155 104
78 9
180 42
3 6
113 175
89 3
146 6
1 44
89 68
106 107
185 2
4 2
3 103
188 4
3 56
105 2
10 182
43 2
141 2
8 125
156 186
4 115
149 30
8 33
8 9
3 28
104 7
5 81
10 196
9 58
10 4
10 124
160 54
4 5
1 181
92 76
118 2
112 2
11 118
5 116
166 89
3 131
84 6
69 6
1 62
56 117
51 70
199 7
9 147
8 200
6 140
194 37
124 170
4 8
5 10
89 56
89 5
6 8
190 131
6 90
7 52
9 7
65 45
75 103
85 7
6 103
18 6
5 72
160 3
147 11
184 132
5 6
83 7
137 171
58 157
6 9
96 90
99 199
7 61
4 1
161 98
6 8
10 8
10 134
144 8
93 178
126 145
7 78
1 163
9 4
69 5
146 5
50 45
47 25
41 69
7 193
126 10
9 2
7 50
5 6
8 5
10 190
5 137
4 3
117 162
10 1
34 172
109 132
4 45
50 79
102 114
10 39
6 2
119 195
10 6
5 6
40 76
133 9
198 161
2 8
178 6
53 87
90 80
7 9
15 3
4 166
75 41
7 5
5 7
9 133
30 7
160 7
110 6
96 8
7 3
1 4
2 8
3 75
139 5
159 3
8 65
91 194
155 9
44 9
1 6
96 3
4 5
109 2
9 3
34 1
5 32
3 133
155 9
8 4
12 8
8 1
10 121
5 144
1 6
10 9
122 10
20 1
4 109
15 3
155 2
127 7
114 5
1 80
95 3
6 144
164 197
177 4
1 64
79 155
6 90
75 2
6 3
5 163
8 151
164 139
2 7
9 10
58 2
195 3
6 3
189 68
128 165
19 189
8 1
19 102
198 1
125 8
174 66
1 3
1 5
67 146
90 57
4 2
51 2
1 189
10 6
6 10
6 54
175 5
4 6
4 199
6 8
4 78
5 7
152 4
2 35
140 3
125 100
10 104
8 4
181 179
8 1
94 6
195 192
43 2
104 10
2 8
117 141
72 2
8 151
9 130
5 91
9 3
1 51
25 39
163 6
4 3
96 7
174 190
120 9
8 4
27 6
3 124
147 154
2 23
122 10
101 51
9 97
25 4
9 80
1 136
136 9
3 2
2 70
13 9
157 4
10 150
86 6
9 3
104 99
57 5
9 100
166 25
5 89
141 5
10 193
34 35
94 8
1 135
3 7
83 3
7 171
19 2
142 77
6 2
135 170
19 148
3 9
10 8
50 1
4 50
6 63
110 6
3 60
10 1
4 169
124 20
7 137
68 33
163 10
10 6
50 36
69 7
39 1
65 26
10 2
6 102
3 133
153 1
2 4
7 92
155 4
5 6
187 10
43 194
2 7
6 16
4 92
120 8
5 8
3 39
2 7
3 6
8 140
26 2
2 57
27 173
51 2
48 140
3 8
39 7
171 6
120 86
133 23
2 7
183 167
156 49
9 100
191 10
5 10
172 9
2 8
1 5
192 193
165 5
16 3
192 146
10 57
139 2
47 7
166 113
12 8
176 6
8 110
59 2
109 74
117 1
4 7
5 48
16 143
9 160
10 189
173 136
38 96
188 81
88 3
3 6
145 5
123 91
8 2
76 3
49 2
3 5
33 7
10 46
149 6
145 103
141 187
188 3
66 167
69 6
22 105
118 148
175 2
9 4
6 181
9 2
87 7
6 67
143 9
5 4
116 38
3 8
112 55
3 2
32 9
3 183
2 13
9 3
127 164
2 10
3 2
118 51
6 1
75 9
9 5
4 56
53 10
9 8
1 5
85 87
148 137
7 38
3 2
91 3
6 61
75 9
4 108
86 8
9 10
5 186
138 10
10 113
6 63
119 137
31 124
5 28
196 32
16 2
12 58
5 8
5 7
5 59
2 15
4 42
3 170
40 107
5 1
82 17
6 5
135 139
195 2
33 184
8 4
80 8
117 41
3 57
156 2
116 10
43 162
153 101
98 5
7 112
7 70
6 58
88 167
134 8
142 6
7 8
196 26
1 9
5 37
7 2
4 5
18 107
131 15
1 4
2 10
38 7
124 95
48 182
81 8
121 182
114 6
4 6
131 155
5 9
7 31
7 6
91 72
79 10
4 2
2 4
5 123
8 7
59 1
125 10
182 7
9 25
139 1
41 5
133 4
2 22
2 145
9 184
8 7
148 107
81 1
5 46
105 90
72 2
10 66
166 30
10 189
196 6
4 1
199 86
5 98
118 7
3 189
5 70
118 6
195 155
3 41
51 5
174 7
3 8
10 68
33 109
48 4
88 62
20 109
166 10
1 150
185 8
7 3
9 77
25 131
1 5
4 1
76 8
185 5
2 1
95 6
53 2
8 32
188 61
7 4
5 149
8 10
188 51
4 7
111 2
171 8
5 7
10 107
63 9
3 1
5 8
22 127
155 1
97 5
20 10
177 1
7 1
10 8
48 2
2 9
1 9
72 92
99 4
117 2
8 26
119 134
122 2
107 116
158 175
172 6
4 111
19 5
12 119
4 153
117 55
6 198
4 121
5 6
123 149
3 175
4 9
3 6
163 100
8 1
130 131
6 30
73 7
2 4
10 8
86 6
3 22
19 29
10 8
9 4
4 90
5 114
155 10
10 4
190 114
73 5
149 61
2 8
3 154
178 1
1 131
7 43
29 154
147 65
149 123
134 3
7 198
67 33
1 9
44 126
8 77
1 27
124 118
110 46
2 4
6 54
10 3
32 6
5 3
5 88
51 86
79 97
1 9
2 1
166 9
10 100
44 7
5 147
27 102
190 51
197 106
9 120
147 116
28 64
23 5
2 123
4 2
65 183
10 42
15 138
10 14
10 42
33 3
190 2
3 7
4 9
5 1
5 23
86 99
10 3
176 8
4 11
63 86
5 126
81 3
7 2
184 3
101 7
8 160
33 8
77 7
90 78
149 59
7 9
173 4
115 8
121 175
186 86
32 75
7 4
191 152
21 115
3 8
65 8
3 2
73 39
6 77
108 2
57 10
162 7
43 181
4 36
73 30
89 5
32 199
114 175
141 10
85 4
7 193
47 7
75 168
174 167
5 164
125 8
6 94
87 2
5 143
153 142
8 12
7 10
2 3
8 144
6 1
112 97
5 4
5 148
161 175
53 2
199 5
1 198
10 175
104 7
109 72
61 135
111 4
46 4
125 156
2 108
175 52
9 119
53 1
177 6
65 128
5 46
25 84
141 167
1 9
28 174
56 8
10 42
185 99
80 158
141 1
60 19
90 6
34 10
6 116
18 39
5 3
184 51
92 78
72 5
40 184
10 38
10 108
8 10
40 98
138 120
193 27
7 107
148 178
120 2
23 33
42 3
134 10
3 9
7 1
7 8
2 121
9 106
1 4
92 130
5 10
4 6
6 52
60 6
27 98
130 1
10 2
188 178
3 39
2 101
74 2
31 61
104 183
43 3
6 110
114 9
5 8
79 1
129 77
160 80
165 35
7 71
4 103
64 43
3 98
42 17
1 152
11 75
10 101
199 115
131 19
161 164
200 1
8 109
7 87
35 3
197 97
132 1
102 7
23 1
5 4
52 124
58 66
102 6
159 6
10 36
23 40
2 1
4 9
5 197
1 2
51 144
134 92
18 8
81 7
10 69
82 3
129 7
5 68
8 7
6 55
55 5
182 2
162 10
7 150
182 163
10 4
14 173
1 31
123 10
147 20
189 1
5 8
4 2
7 4
191 61
51 6
79 5
29 129
113 87
59 151
2 1
3 60
10 164
5 132
9 8
92 1
7 50
94 173
69 90
4 5
81 7
6 138
33 197
188 110
134 71
30 15
129 10
138 41
2 106
70 2
5 3
9 124
10 115
1 48
103 11
6 5
3 5
8 6
115 100
4 119
4 10
139 10
197 7
10 8
119 82
8 198
3 195
119 72
7 5
94 77
5 72
111 7
2 3
52 1
33 6
17 1
81 68
73 2
2 130
170 14
64 63
42 6
184 61
5 7
6 120
178 146
55 109
8 7
2 7
97 6
56 10
7 142
76 47
10 103
171 10
30 190
3 148
7 184
9 12
2 187
6 68
19 8
6 3
10 35
39 147
174 142
6 115
142 2
200 1
1 114
2 1
37 121
129 4
65 50
8 184
31 81
96 31
20 3
8 123
183 4
98 10
5 71
32 3
7 3
5 7
6 10
3 76
6 88
191 102
6 4
1 185
151 83
4 6
4 3
94 7
8 3
16 4
35 10
3 9
4 8
4 156
7 199
150 85
8 9
192 171
64 11
9 150
66 139
1 5
103 62
39 5
5 94
4 127
6 181
184 142
68 2
10 3
5 3
7 84
3 130
134 37
10 5
138 65
1 6
190 142
178 193
158 1
73 197
81 5
9 188
9 6
120 111
4 164
129 47
4 149
18 23
35 48
90 196
149 3
7 149
72 3
7 156
7 180
60 10
62 161
1 9
169 65
70 107
1 7
102 62
1 59
81 50
4 25
183 6
2 114
56 3
74 10
3 4
65 7
134 5
5 7
126 149
47 8
115 78
77 43
138 124
7 9
92 182
182 2
188 156
59 7
145 166
77 151
83 4
1 178
4 3
52 10
110 5
10 8
2 3
10 7
129 170
7 14
90 9
6 99
10 4
7 6
161 70
122 198
10 2
8 4
8 114
8 125
9 39
7 3
193 166
155 2
143 2
5 136
148 117
115 21
52 8
169 95
2 16
7 2
190 184
10 3
42 6
43 6
8 5
4 5
169 7
188 9
2 8
1 87
140 1
4 114
7 8
66 168
1 38
68 182
59 187
6 197
142 9
65 9
8 133
9 3
111 39
1 186
80 49
1 19
192 10
1 160
6 2
56 10
67 3
153 8
37 3
151 6
5 6
134 4
5 151
2 3
6 3
10 177
2 121
9 10
10 4
2 1
7 101
5 47
9 38
68 91
4 129
3 113
37 7
1 105
106 7
7 199
8 6
93 50
4 141
195 198
9 8
4 110
124 56
71 3
158 160
3 31
128 186
167 9
4 167
4 153
8 90
159 4
167 1
110 14
58 144
127 146
3 183
25 7
132 6
5 2
28 105
169 4
28 179
116 34
14 2
4 7
192 55
3 2
120 126
3 194
20 188
6 76
2 5
8 6
56 33
94 33
1 73
1 2
37 142
36 10
76 135
163 6
166 86
3 161
116 10
52 129
13 64
6 50
93 28
8 7
8 12
87 160
42 10
42 7
13 3
3 127
41 92
9 45
162 154
4 87
102 4
78 58
5 8
7 12
166 10
2 7
5 6
76 4
6 103
10 3
8 26
33 1
107 7
2 40
2 111
7 10
112 5
1 9
159 61
179 7
48 9
5 141
10 5
25 7
9 168
72 141
110 6
130 6
169 140
19 60
129 6
1 5
197 51
87 4
5 42
127 189
158 4
179 169
9 193
186 140
7 193
4 1
48 181
6 19
8 38
1 4
178 2
8 7
99 171
153 84
18 138
1 41
1 8
172 6
2 49
171 8
146 131
4 187
4 101
4 7
3 152
138 180
64 1
7 3
73 9
182 32
102 35
1 93
2 198
78 63
7 10
10 162
10 3
190 43
116 124
130 9
7 19
11 88
2 4
19 5
18 59
10 7
73 4
58 140
107 5
90 9
6 156
9 122
8 6
128 68
99 7
3 9
16 124
66 88
102 196
1 3
20 9
132 46
9 8
6 84
1 82
36 4
2 10
97 114
10 2
110 64
2 142
3 40
11 163
182 7
8 121
6 51
7 5
102 8
62 41
5 30
1 169
159 173
3 164
5 6
61 72
121 63
115 132
156 9
146 4
3 67
1 6
4 3
2 5
182 128
185 97
155 1
149 5
132 7
4 61
5 167
200 78
7 2
85 1
149 10
10 22
1 8
9 134
200 106
9 159
64 1
128 5
59 3
109 129
188 194
10 95
109 172
1 184
142 116
21 165
7 92
199 1
49 39
14 91
149 5
3 7
5 101
179 8
1 10
154 9
7 3
8 6
10 6
59 5
3 9
28 5
181 133
9 67
200 5
7 131
138 5
100 7
1 3
141 10
89 3
61 8
100 31
7 191
6 2
194 9
198 6
105 10
2 6
26 6
166 2
33 103
108 45
7 168
2 4
3 4
10 3
31 119
90 8
99 92
6 19
10 101
5 6
3 4
106 116
7 54
5 98
6 8
192 198
126 140
8 77
80 28
167 54
119 4
147 62
103 29
9 47
106 87
37 6
76 6
57 67
151 120
1 121
9 8
2 5
6 139
106 196
6 9
49 2
5 156
2 174
2 1
147 46
70 29
166 2
10 149
123 173
165 81
109 75
7 95
5 2
60 83
5 4
54 6
33 45
6 170
183 48
113 10
166 112
2 1
4 10
6 115
6 5
7 3
68 49
192 7
10 26
7 6
5 121
195 127
5 168
2 8
3 96
3 4
82 170
2 5
3 5
5 129
94 106
37 172
10 5
86 115
167 1
1 32
188 2
9 5
76 116
8 1
27 136
121 114
190 5
132 1
6 7
131 4
148 2
6 155
164 113
6 3
106 32
3 56
87 1
193 8
10 52
68 35
70 9
129 58
141 161
78 80
69 1
105 7
2 159
45 189
56 10
5 3
197 12
35 4
12 9
8 3
35 3
10 3
109 73
1 22
104 7
24 196
128 134
2 11
171 4
17 2
173 85
108 10
48 68
125 4
148 158
2 56
3 163
10 54
194 1
5 14
159 4
77 3
152 162
1 5
145 142
113 86
188 76
8 75
132 120
26 104
54 144
174 99
181 5
9 57
4 3
121 3
106 99
3 51
2 80
170 145
21 1
93 117
37 2
95 2
9 99
93 9
7 102
10 6
175 9
5 10
196 32
31 78
9 21
194 9
192 5
172 61
67 66
44 4
100 5
7 179
6 179
2 197
1 7
169 68
188 4
10 1
68 112
8 84
10 8
154 54
8 9
4 33
120 5
8 156
109 46
2 21
27 189
7 10
44 62
71 8
