130
94 112
127 70
95 76
145 109
95 125
85 101
72 60
110 150
129 128
66 80
87 108
132 149
92 130
142 87
96 118
138 84
95 143
142 76
78 95
70 84
131 83
110 141
140 75
109 109
121 124
104 128
138 103
100 81
93 144
136 121
107 116
78 119
118 125
98 136
60 76
111 105
128 138
110 145
129 149
93 70
85 95
116 94
110 66
140 110
95 116
68 140
139 139
140 68
88 98
117 120
101 93
88 125
98 115
148 78
71 68
100 100
99 144
69 78
149 93
93 147
91 76
90 69
86 122
77 150
73 82
64 141
145 94
122 85
149 140
75 90
81 136
99 143
95 79
118 109
137 127
119 146
128 136
63 132
87 78
78 74
109 88
113 125
147 133
133 137
103 144
88 115
71 102
86 69
126 149
85 87
120 123
145 143
117 137
97 147
140 80
97 143
95 105
84 74
122 91
130 100
104 125
81 75
85 131
132 138
74 150
93 80
87 85
67 91
124 122
108 99
147 98
111 69
94 83
60 89
98 61
72 76
108 146
63 144
65 143
109 81
130 84
116 142
128 90
76 129
94 116
131 136
132 78
80 73
97 109
128 75
