200
187 184
190 200
199 194
170 150
158 178
162 180
198 155
191 188
193 189
164 189
199 174
168 191
184 169
173 158
160 160
198 156
192 158
187 167
161 183
188 170
167 192
191 200
158 182
172 200
186 158
187 194
200 157
176 182
164 193
170 180
165 200
181 193
175 175
173 154
169 166
186 188
166 174
156 162
158 150
155 163
160 180
158 180
198 192
178 194
179 162
163 168
180 163
170 172
150 168
170 174
186 182
178 171
166 151
189 181
175 187
162 163
165 163
198 155
194 164
158 165
166 198
164 155
155 152
168 160
200 158
195 188
164 200
156 198
197 162
165 169
153 174
154 152
175 165
196 171
191 174
161 153
163 187
154 161
152 169
194 166
186 150
187 166
178 155
193 187
160 162
173 181
152 199
156 159
165 152
156 150
162 172
191 181
173 193
170 183
157 190
150 153
159 162
184 185
155 156
162 196
184 159
180 193
155 183
165 185
166 186
167 189
150 171
171 150
180 160
150 173
178 185
175 168
165 174
157 171
195 196
190 175
179 167
156 177
154 155
169 186
173 200
160 196
158 185
153 166
199 153
152 153
150 159
177 159
150 181
194 193
156 175
176 181
187 175
155 161
199 186
192 175
150 159
162 183
182 190
199 169
184 163
161 186
175 153
184 168
170 158
180 174
162 178
186 170
188 167
198 167
196 165
180 183
153 180
195 172
178 186
180 155
200 199
156 175
155 181
157 189
188 192
184 169
178 159
188 163
156 171
174 198
163 198
171 188
163 167
161 193
164 192
192 152
183 165
181 167
185 176
161 185
153 162
169 164
183 161
183 182
197 184
183 197
159 170
176 195
194 191
197 175
194 168
192 161
150 199
182 172
166 159
162 155
154 171
194 196
154 163
157 197
180 173
177 200
185 151
152 169
