170
169 143
154 129
113 172
136 164
160 152
129 175
116 199
185 200
106 140
174 197
173 149
100 133
131 169
146 154
180 122
183 158
103 107
103 181
153 135
132 187
110 135
193 100
113 180
138 177
147 139
193 158
129 107
185 116
149 163
132 123
191 120
142 197
120 149
147 188
130 180
128 177
194 136
163 172
199 167
155 101
138 127
141 100
127 175
139 123
154 193
117 129
100 189
169 187
100 104
126 166
131 130
158 186
175 173
179 104
118 146
159 141
192 183
154 189
128 168
177 102
155 144
174 148
127 117
185 181
135 154
131 197
112 101
140 170
135 186
129 103
182 168
133 124
153 181
150 173
158 195
123 155
123 171
194 158
124 194
151 115
183 189
181 122
154 109
183 183
101 114
153 199
110 188
108 156
200 107
185 199
165 163
127 144
162 170
107 100
111 181
188 103
191 174
192 136
147 109
136 200
129 150
165 197
142 194
161 140
122 129
152 157
101 179
140 113
146 113
193 133
111 107
154 176
191 112
135 103
178 182
155 120
108 104
119 121
156 135
170 164
130 120
121 139
118 155
126 156
176 182
108 189
191 180
111 103
163 171
187 102
127 149
189 142
200 105
150 131
190 188
164 139
198 182
177 136
157 197
116 160
118 115
181 173
161 149
145 147
189 165
121 108
187 134
115 180
153 180
151 137
159 179
160 130
157 103
140 161
123 137
155 106
181 164
127 180
103 145
154 188
172 114
190 156
139 154
169 178
197 125
146 159
106 148
132 199
154 105
146 151
