190
126 173
65 44
83 124
154 142
48 58
178 147
27 9
124 115
42 78
125 80
153 35
105 117
184 103
148 199
160 148
155 35
167 92
198 176
142 104
140 144
171 188
94 8
50 69
100 45
17 41
11 35
7 77
10 127
76 28
167 60
170 196
52 70
45 10
12 78
65 107
79 107
76 154
118 59
98 41
178 100
120 84
147 44
169 6
100 149
61 86
45 158
101 57
97 62
26 122
58 38
113 33
9 175
157 144
136 69
152 79
94 140
179 121
107 173
98 5
138 61
82 44
113 78
132 134
43 172
51 144
100 107
53 115
41 188
22 70
10 57
96 117
65 86
138 89
132 18
150 103
68 75
33 85
157 105
21 110
174 138
168 11
161 140
107 195
170 42
28 20
20 110
109 199
70 76
132 131
68 135
69 119
12 84
127 78
52 85
143 102
157 194
25 73
188 102
10 148
158 89
29 141
141 157
163 183
134 155
121 123
186 166
73 21
135 86
17 128
51 189
113 151
90 24
48 191
20 113
6 45
90 143
166 83
102 124
195 106
69 200
163 157
138 37
162 50
11 111
107 78
146 174
40 174
130 100
34 47
22 132
14 66
97 129
11 161
77 101
15 4
93 123
166 57
64 79
70 69
52 173
97 102
8 79
49 158
130 128
96 166
173 168
65 90
116 89
32 19
131 57
33 30
100 112
27 179
142 102
18 70
146 190
48 140
100 56
47 67
7 165
99 112
34 167
50 99
28 104
160 152
141 124
147 85
106 89
59 101
161 61
118 69
17 98
140 17
135 171
191 137
46 148
161 144
164 154
101 74
184 5
55 102
61 51
174 93
174 178
173 137
158 71
107 116
70 124
132 63
178 103
