200
200 85
98 183
166 97
165 104
165 188
168 144
162 165
170 82
118 132
162 84
145 187
106 128
151 109
158 155
172 70
173 164
195 126
154 72
124 129
152 90
141 106
124 88
140 145
135 82
114 198
187 88
122 183
100 130
165 97
176 115
166 109
170 72
107 129
136 72
95 189
148 158
142 79
128 195
191 131
189 131
162 170
194 147
155 198
127 152
197 121
109 70
93 93
169 200
130 120
183 118
104 150
106 92
130 174
95 99
181 134
194 123
144 176
178 161
89 150
92 94
131 199
99 191
165 188
179 109
84 193
199 199
123 75
120 177
113 130
137 192
139 102
145 199
155 164
162 126
184 152
111 150
197 165
174 90
200 165
92 174
148 94
199 73
109 85
117 93
160 95
200 154
106 138
127 177
101 147
168 124
75 195
199 116
119 91
86 125
161 71
104 75
120 177
105 158
74 143
178 130
112 128
79 88
73 168
159 103
123 80
123 143
99 124
137 157
129 200
145 179
102 139
74 198
181 152
171 108
172 196
91 194
133 115
131 108
100 180
137 98
160 169
106 92
117 184
146 152
191 114
107 112
119 94
109 189
177 103
138 70
138 154
87 101
91 89
175 91
111 155
91 158
156 175
199 198
150 141
130 185
82 161
173 127
95 88
185 188
167 97
106 147
105 131
95 194
126 74
175 173
136 113
112 191
199 195
93 104
74 126
85 191
168 145
108 171
170 183
137 154
181 92
163 133
183 117
100 174
136 185
181 110
115 125
119 123
131 182
108 146
179 176
86 126
170 87
182 198
109 194
128 154
153 137
108 108
72 193
176 178
143 178
168 163
86 153
106 78
120 101
123 149
185 74
194 103
101 81
92 182
195 129
116 114
181 109
71 70
83 183
120 90
184 143
161 139
151 168
193 163
