200
149 189
131 197
124 120
188 175
143 142
130 188
157 96
142 121
130 93
135 149
153 181
172 161
158 187
159 151
121 148
95 133
172 134
196 191
133 91
106 163
162 160
185 100
134 99
128 127
138 174
142 191
129 136
186 121
181 108
159 138
91 135
157 115
128 149
104 150
95 130
187 99
100 140
174 155
119 195
191 161
122 198
92 110
119 188
148 141
93 127
139 99
123 106
107 165
90 146
94 94
113 167
140 124
93 183
151 179
112 111
136 176
131 155
99 147
105 149
150 193
156 139
120 130
185 118
160 109
173 167
125 92
187 180
194 181
121 107
168 187
193 185
191 157
178 194
128 92
124 139
101 110
97 92
131 154
165 92
132 158
194 115
92 155
182 110
177 193
172 103
183 147
149 181
188 132
127 107
148 104
147 171
95 181
135 122
157 196
162 138
94 125
134 199
107 118
91 184
199 132
103 93
145 111
128 102
165 132
184 109
104 105
132 113
147 195
110 165
178 112
92 141
189 157
188 124
93 132
115 176
110 125
98 156
112 199
97 150
140 196
143 177
142 98
109 117
124 151
98 92
181 158
140 192
179 159
153 97
103 182
106 96
175 165
193 178
139 141
158 176
148 96
148 139
111 197
112 168
122 131
136 172
199 166
191 200
96 137
186 199
148 134
150 119
142 176
122 200
155 170
132 163
117 148
95 162
93 125
98 113
95 91
135 176
199 108
183 182
200 139
155 108
122 183
164 144
172 138
143 97
149 161
164 163
133 127
102 191
113 133
185 141
137 147
174 142
162 133
105 92
188 98
193 127
185 141
111 122
194 111
181 154
187 99
199 156
188 142
112 200
143 151
91 157
137 188
106 172
180 121
145 127
118 152
119 159
148 173
156 182
112 151
132 175
155 123
113 138
90 165
