1000 9
183 174
182 174
184 174
183 173
183 172
184 172
182 172
183 171
181 172
184 171
180 172
185 171
184 175
182 171
182 173
184 176
184 173
185 174
185 175
181 174
185 176
183 170
185 177
181 175
186 175
181 171
186 174
184 170
180 171
184 177
182 175
182 170
186 177
183 169
183 175
182 169
180 174
180 170
183 177
186 176
187 177
182 177
182 178
180 175
185 178
182 168
180 169
180 168
182 167
186 178
187 175
187 174
183 173
188 177
182 166
187 173
182 179
180 176
179 172
184 178
180 177
179 171
180 178
178 171
179 178
188 174
185 179
185 172
181 179
185 173
183 178
179 177
181 178
188 178
180 179
181 166
181 169
181 167
180 180
179 179
179 173
185 180
181 170
187 172
182 176
186 171
178 177
181 177
179 180
178 178
187 178
185 181
189 174
184 179
184 169
182 165
188 175
178 176
178 179
184 168
189 177
177 178
178 173
178 180
179 168
188 179
189 178
177 171
190 178
189 175
178 172
189 179
181 180
187 176
176 171
188 180
183 176
189 173
181 181
176 178
177 180
181 168
185 169
176 172
184 181
189 176
188 172
188 181
190 175
182 180
183 166
186 169
188 182
190 179
176 179
177 172
179 167
182 164
181 176
179 174
190 180
178 167
190 181
189 182
179 169
187 181
189 181
186 181
187 171
180 173
190 176
176 170
189 180
187 182
175 172
186 172
174 172
190 182
184 167
179 170
182 181
178 181
190 174
186 180
175 173
176 180
183 167
189 183
182 177
178 170
186 173
186 170
188 176
185 168
187 170
175 171
187 183
189 172
182 182
190 173
184 180
174 173
179 181
181 173
175 174
182 183
177 176
181 164
177 173
186 183
183 179
191 179
181 163
191 173
186 182
184 177
191 174
184 176
176 176
176 169
175 176
189 176
189 171
180 166
182 163
187 176
184 179
176 171
188 170
179 166
184 166
185 170
183 163
176 177
185 169
191 181
187 169
178 175
181 183
173 173
179 165
175 177
172 173
174 174
181 184
181 162
174 171
180 183
184 178
176 181
191 182
181 185
178 174
180 162
192 174
177 175
192 179
173 171
189 175
189 184
180 164
184 169
175 180
188 171
185 183
190 177
192 173
178 169
177 174
191 175
180 174
187 184
183 162
185 184
185 185
193 179
186 184
192 175
185 169
193 174
179 175
177 179
182 185
178 166
180 163
187 179
181 165
174 175
175 178
174 180
177 167
188 173
183 181
174 179
192 180
180 161
180 160
177 170
179 160
188 183
181 161
187 168
179 163
183 168
181 186
184 177
184 162
184 165
192 182
194 179
179 179
183 161
183 164
179 176
178 163
175 169
177 169
190 183
188 169
194 174
174 170
186 183
185 182
194 173
187 180
178 160
179 174
180 184
174 181
175 175
184 176
179 182
179 183
181 160
173 170
184 182
184 161
191 178
181 187
188 168
185 186
195 173
172 174
184 177
177 160
189 185
185 167
178 162
188 182
177 181
193 173
180 187
178 165
173 180
174 177
182 186
175 170
180 159
173 172
180 188
191 180
188 184
184 163
184 184
186 179
182 187
173 174
181 177
177 168
181 159
185 163
183 187
174 169
183 165
178 161
179 159
174 176
194 175
172 180
184 183
195 174
178 168
173 176
192 183
180 186
180 181
188 172
176 160
190 185
179 188
194 172
190 186
191 185
183 188
177 159
176 182
191 176
173 169
188 167
183 183
185 165
172 171
188 171
176 183
173 177
179 184
182 162
189 167
194 178
183 189
176 184
189 169
172 170
176 161
186 163
191 177
184 189
179 164
174 178
174 168
185 166
176 167
172 176
185 162
175 182
180 185
192 185
192 176
177 177
186 186
182 160
176 162
189 176
173 168
184 185
171 176
180 167
173 179
178 159
190 171
187 163
179 185
189 168
179 187
193 183
172 175
172 169
176 185
178 183
179 189
192 178
186 165
179 190
193 176
192 177
178 188
190 170
183 184
175 184
184 186
171 170
184 187
180 189
190 184
170 170
190 167
195 172
185 189
170 169
187 162
173 178
180 182
171 171
195 178
195 171
187 165
182 188
188 185
187 185
170 168
175 162
181 188
196 171
188 165
172 168
175 185
176 175
188 162
176 159
196 178
191 170
181 189
180 176
184 188
176 174
191 169
177 161
180 175
172 172
195 177
196 173
171 169
173 175
177 158
186 176
186 189
197 173
186 167
183 190
187 161
178 189
196 174
182 189
170 167
176 186
171 167
178 175
180 158
181 158
171 166
173 171
175 160
172 167
192 181
178 184
193 181
172 166
192 172
177 186
177 162
193 175
179 176
186 162
183 182
187 183
195 175
180 165
171 180
176 173
175 161
171 177
174 184
174 183
197 172
173 181
192 186
191 184
178 164
192 184
174 174
185 183
180 157
196 179
172 177
194 177
193 178
195 176
191 167
171 181
193 182
197 178
177 182
174 167
170 166
176 168
176 166
192 187
190 168
188 161
188 164
192 169
194 182
198 172
180 173
174 160
185 182
186 178
181 182
194 176
182 159
189 166
183 186
196 177
170 180
192 168
175 168
177 187
169 169
179 161
178 187
193 169
184 160
189 168
193 187
191 186
189 161
172 181
176 163
175 186
183 160
170 181
199 172
172 165
197 177
193 184
199 173
173 165
185 164
177 180
179 186
186 187
187 187
188 160
196 175
198 171
172 164
175 177
190 169
197 179
195 182
177 163
171 174
169 168
198 177
176 165
180 156
173 173
194 171
179 162
177 157
174 165
181 173
194 181
177 178
181 187
194 170
198 178
197 171
197 170
172 163
174 162
178 158
187 167
172 179
186 164
173 166
172 178
181 156
175 181
186 168
173 183
171 173
172 162
185 188
174 185
175 166
177 175
191 187
177 164
177 188
176 187
185 160
197 174
177 183
193 188
182 158
200 173
177 166
187 176
193 185
178 157
198 170
196 180
175 165
195 174
194 187
182 184
179 191
195 179
187 164
196 172
175 163
172 161
178 185
171 163
183 191
174 173
180 191
184 164
181 157
183 158
185 183
189 160
173 163
177 168
197 171
183 192
178 160
177 165
199 178
197 175
183 159
172 182
175 167
172 183
199 174
173 161
199 170
185 190
173 182
170 182
181 186
177 185
200 178
198 175
186 182
177 169
182 174
191 183
174 164
178 178
178 176
200 174
174 159
197 176
182 164
170 174
195 177
173 184
174 158
193 177
179 192
177 184
196 182
169 180
200 172
195 170
198 179
190 172
187 189
181 174
194 188
183 165
196 181
170 175
169 174
177 189
189 165
169 173
194 189
186 188
181 175
187 186
169 172
174 182
182 157
194 180
179 156
196 183
174 184
200 171
186 160
194 169
178 192
170 165
169 181
180 155
181 158
177 167
192 175
187 166
198 174
192 170
171 178
176 188
200 177
180 161
195 183
182 192
170 163
175 159
169 182
170 179
171 175
169 165
178 156
179 193
168 169
170 171
192 167
199 175
196 170
170 177
193 170
179 158
190 161
188 166
170 172
192 188
176 177
178 182
182 190
190 160
172 184
184 192
168 173
199 176
174 186
192 171
176 178
170 178
189 159
199 171
183 193
172 171
195 187
197 182
194 184
171 168
196 184
191 168
197 169
194 183
171 169
182 191
186 161
192 176
187 190
185 187
189 170
169 183
181 192
191 161
184 158
182 188
196 178
169 177
167 173
187 188
177 156
180 173
186 185
191 175
196 176
182 161
184 191
198 173
190 165
190 166
188 170
170 164
180 162
200 175
178 191
169 171
184 165
188 190
175 158
191 172
182 189
180 186
199 179
191 188
198 176
197 168
181 193
193 186
176 158
177 190
184 157
186 166
176 156
170 162
190 162
175 156
183 180
171 164
188 189
181 187
186 190
179 155
186 184
175 175
187 160
185 157
192 166
168 170
193 166
181 190
199 177
168 174
179 177
177 155
167 172
187 171
191 166
176 168
168 171
176 185
194 185
185 191
193 167
171 165
198 168
195 189
180 154
192 165
188 172
184 193
169 162
169 175
192 164
188 171
181 194
174 156
179 154
173 160
183 194
197 172
195 178
171 183
190 163
197 184
189 158
191 162
169 174
187 159
188 186
175 155
168 168
195 190
173 156
185 192
190 164
198 167
169 163
179 157
195 191
197 181
169 161
169 164
192 161
175 185
175 188
189 189
171 179
173 185
193 172
191 163
168 177
168 182
173 159
190 189
195 188
168 175
185 159
167 171
180 194
181 191
177 192
195 180
169 184
200 170
189 186
183 157
167 177
176 190
175 154
179 194
176 154
181 164
173 155
171 162
193 165
168 178
175 187
197 180
173 182
178 186
179 153
171 184
183 156
168 161
180 193
191 171
191 164
181 162
196 169
187 169
169 185
174 187
177 193
192 189
178 154
199 180
183 185
182 193
183 155
169 166
196 191
168 183
177 191
191 189
167 174
197 185
186 157
172 156
172 177
182 155
190 188
194 166
168 160
197 191
196 192
176 153
182 184
178 155
168 165
199 168
177 153
