1000 6
55 101
55 102
56 101
57 101
58 101
55 103
56 100
54 101
58 100
55 104
54 102
56 99
55 99
54 104
56 103
56 98
58 99
57 100
57 99
54 105
54 99
53 102
59 101
57 103
58 102
55 98
58 98
53 105
56 97
59 99
60 99
60 101
57 98
59 98
54 98
59 97
52 105
53 99
57 102
52 106
53 106
57 104
53 103
54 106
52 103
52 104
57 101
52 107
53 101
56 102
59 102
52 108
55 100
58 104
57 97
51 106
53 98
51 104
51 103
54 100
51 107
56 104
54 97
55 106
51 102
61 99
60 97
56 103
53 104
52 98
58 97
50 102
59 103
61 98
50 106
60 96
50 107
60 102
53 97
61 100
58 105
59 100
49 106
52 102
51 98
62 100
58 103
60 95
59 104
63 100
55 97
50 105
57 100
49 102
57 96
59 96
54 107
55 98
61 97
54 96
51 97
56 106
56 96
63 101
53 100
56 95
51 101
48 106
56 107
58 96
57 95
57 107
49 103
64 100
49 101
59 95
51 100
55 107
54 103
57 105
51 96
56 108
56 105
54 108
51 108
59 94
49 107
57 94
53 107
49 100
62 98
55 108
56 98
51 105
49 99
64 101
60 98
56 109
49 104
58 94
60 94
52 100
51 109
50 103
57 93
60 104
50 101
50 96
61 94
52 101
48 100
48 101
54 109
50 98
62 101
55 95
50 99
49 96
61 95
56 99
61 104
47 106
56 107
58 93
64 99
64 98
50 109
56 94
48 103
47 100
55 96
48 105
60 100
60 105
59 105
46 100
49 95
49 108
55 98
59 106
62 99
61 96
50 110
48 102
63 98
63 97
49 110
59 93
54 95
63 102
65 98
49 109
53 109
57 106
51 110
50 95
59 92
66 98
62 96
63 103
63 99
63 96
56 110
49 97
49 111
48 109
48 110
48 108
54 110
65 97
66 99
56 111
52 99
64 96
50 94
55 110
64 103
59 91
49 112
63 104
65 101
50 93
48 99
52 110
50 104
49 94
55 94
49 113
47 103
61 93
48 95
53 102
47 99
51 111
60 91
67 99
57 92
53 99
60 103
48 94
58 95
62 97
63 105
60 98
48 112
57 91
47 101
60 97
46 101
64 105
60 100
65 103
47 104
66 101
48 97
61 101
47 112
54 94
52 100
61 97
49 114
47 94
62 95
57 111
48 113
50 112
49 115
54 111
65 104
49 98
67 98
59 90
60 92
50 108
46 99
49 93
58 106
46 102
67 97
68 97
61 92
47 93
65 105
55 109
55 93
47 111
60 93
68 98
50 114
56 93
60 90
46 103
58 92
60 89
55 92
60 88
57 109
47 113
48 93
67 100
53 94
62 103
66 102
61 90
52 94
66 104
48 92
46 111
47 97
48 104
47 114
66 100
61 91
53 96
60 87
45 111
48 107
47 110
46 94
46 114
46 113
62 90
59 87
62 104
54 112
45 103
45 114
62 94
63 106
60 99
51 114
64 95
51 99
46 115
65 102
46 93
55 105
52 97
54 101
50 113
53 108
63 95
66 97
52 102
47 96
52 111
63 90
45 112
46 98
58 111
62 91
60 100
46 112
45 94
50 111
52 112
46 97
51 93
53 110
57 110
58 87
56 112
50 92
57 112
46 95
45 97
45 104
47 109
65 96
51 113
56 113
68 100
54 93
61 103
55 112
44 111
68 96
65 95
47 102
62 89
51 94
63 89
54 94
43 111
43 112
63 107
48 98
48 114
61 105
56 92
48 91
63 108
57 113
50 97
61 88
46 109
62 93
57 90
57 87
46 116
62 107
51 115
43 110
42 111
60 86
54 100
46 104
62 92
68 95
59 107
45 115
58 110
47 113
66 103
47 91
66 98
59 111
50 102
67 101
56 110
58 113
44 97
69 98
60 106
51 95
45 116
46 105
62 108
49 102
63 88
45 100
65 106
59 88
44 116
52 101
64 94
51 112
67 102
43 113
44 103
57 108
52 109
68 101
53 102
48 102
62 109
58 108
53 112
49 105
58 91
66 106
61 108
69 96
69 101
54 92
66 96
64 90
53 111
50 115
65 94
59 112
45 113
43 109
46 110
45 102
43 114
65 93
66 105
59 108
43 108
54 113
50 91
45 99
51 92
42 113
60 107
55 91
44 102
54 114
53 109
52 115
63 93
65 107
42 109
52 93
45 105
64 93
44 117
53 106
45 101
44 104
64 91
67 96
44 118
41 111
44 98
64 108
58 112
60 111
55 113
45 96
50 103
47 116
44 119
45 98
69 100
44 101
69 97
61 93
45 117
68 99
54 91
44 115
65 92
47 100
45 118
69 95
52 105
66 93
65 90
44 110
60 110
43 103
44 112
44 109
43 104
42 104
67 103
44 114
68 102
48 96
67 101
64 109
54 90
44 105
70 95
62 110
44 108
59 109
53 92
43 102
68 101
49 92
47 92
47 98
50 98
50 100
64 110
54 115
46 117
64 107
66 95
42 103
49 116
49 98
54 107
40 111
53 95
55 111
63 94
61 107
41 113
47 117
64 88
42 102
62 106
66 107
46 100
45 102
53 115
45 106
49 96
41 102
67 107
51 116
42 101
61 109
66 90
44 100
48 111
41 109
65 89
42 105
60 85
41 108
48 101
64 104
69 102
69 94
67 108
52 116
45 119
53 90
40 113
65 100
50 90
65 91
55 115
51 91
53 110
57 88
65 96
44 103
44 107
68 107
44 120
59 110
67 105
70 94
51 90
68 103
40 110
69 103
45 105
42 112
61 85
49 90
44 102
43 116
69 107
59 86
44 94
65 99
43 97
68 105
55 116
67 90
45 108
43 117
57 86
66 89
44 106
43 106
64 102
63 109
69 104
44 113
64 111
45 103
53 107
63 91
51 115
70 101
67 95
64 87
65 98
58 86
64 99
51 89
59 113
66 102
45 93
53 114
45 109
57 85
42 116
53 108
49 117
70 93
46 103
50 117
45 120
57 114
64 97
49 118
59 114
56 114
65 105
42 106
61 87
60 113
51 117
49 91
59 85
67 104
52 113
65 109
52 92
70 107
53 106
46 120
66 91
60 84
42 115
53 91
41 115
41 112
46 118
53 116
63 92
69 99
44 95
41 116
68 106
71 95
66 108
70 104
57 89
42 117
66 109
57 115
55 114
61 111
46 108
58 109
56 115
54 110
64 86
58 85
61 113
64 92
49 89
41 114
56 116
48 90
45 110
40 102
58 84
52 89
45 95
47 120
40 112
48 117
52 91
41 101
58 114
40 103
47 115
50 118
66 99
56 87
47 105
46 119
70 97
46 106
65 100
63 86
46 102
60 108
62 86
66 88
41 103
55 90
62 87
63 111
68 90
58 90
64 106
61 114
65 91
46 96
43 120
58 89
52 90
50 116
66 92
67 106
41 107
62 99
53 115
43 115
48 120
47 90
67 89
57 116
71 94
62 109
45 101
64 104
69 90
62 85
72 94
40 107
46 91
70 99
45 107
48 118
43 105
44 96
71 101
73 94
41 100
72 101
53 113
40 106
52 117
56 90
72 100
54 116
67 93
39 112
70 106
63 107
64 85
42 100
66 87
72 99
65 87
42 120
70 90
73 101
59 115
62 113
65 86
61 89
68 104
48 89
41 104
57 84
71 102
52 95
56 84
68 89
40 116
74 94
47 119
70 105
67 87
64 89
46 107
55 117
56 86
73 100
73 93
71 99
57 83
40 105
43 98
71 96
71 90
53 117
50 95
50 97
51 91
62 111
72 95
62 88
72 96
65 99
56 88
48 88
59 116
58 88
60 83
59 117
57 117
49 100
73 96
40 115
65 102
47 118
40 117
61 84
47 95
67 88
70 92
70 98
70 103
60 109
42 114
58 117
68 88
61 106
58 116
69 88
55 87
42 98
74 101
60 82
40 118
43 118
61 83
59 89
40 100
39 100
69 87
68 91
42 110
68 103
70 88
63 110
39 110
46 121
46 90
68 87
53 89
53 93
67 89
39 117
41 105
55 84
62 98
43 94
70 87
58 107
65 101
60 107
55 88
71 103
43 100
67 86
41 99
39 107
41 106
54 88
40 114
62 102
67 85
60 117
70 91
74 102
44 110
40 99
50 96
70 100
45 90
41 118
62 84
62 108
44 121
50 89
69 91
68 92
53 91
62 114
59 83
53 118
45 89
71 98
43 95
56 91
40 108
71 100
60 112
54 118
45 121
51 118
50 88
53 88
64 112
49 97
38 112
49 96
72 90
61 102
60 118
40 119
40 109
49 119
64 84
72 100
39 113
60 81
74 95
44 109
75 95
43 96
64 113
62 115
56 85
42 94
74 103
40 120
54 89
42 108
39 120
74 96
62 83
61 110
67 92
75 102
55 85
38 100
62 116
63 112
71 88
76 95
69 89
77 95
59 84
60 105
59 106
67 84
73 102
70 96
42 97
39 118
39 119
48 119
60 104
59 81
75 94
43 119
42 107
61 108
63 83
39 121
48 116
43 109
65 104
