1000 3
129 107
128 107
130 107
129 108
131 107
129 109
130 109
129 106
131 108
130 106
131 109
132 108
130 108
130 105
130 110
129 105
128 108
129 104
128 105
127 105
127 107
128 109
128 106
131 110
131 111
128 107
128 110
128 111
130 104
130 103
132 110
127 109
128 104
132 107
126 109
126 108
128 112
128 113
126 107
128 103
127 108
131 104
130 111
131 106
127 113
129 110
128 102
131 112
128 101
129 103
132 111
127 106
129 113
127 111
132 104
127 101
132 105
132 109
125 109
125 107
133 107
126 101
132 112
127 102
130 104
126 111
129 114
128 114
132 106
129 102
131 105
125 108
132 113
124 107
124 108
125 106
129 101
125 105
133 109
129 112
127 103
128 100
126 102
124 106
134 109
124 105
126 110
129 100
134 107
133 105
123 106
130 102
131 103
133 110
129 99
123 105
133 111
134 108
130 101
126 106
124 104
126 113
129 115
126 105
131 110
135 107
125 111
133 108
127 108
133 113
129 116
128 108
135 108
131 104
122 105
129 98
130 113
124 103
131 113
127 107
134 108
126 112
131 114
135 106
130 115
130 114
126 100
126 99
127 99
133 112
134 110
128 116
123 104
126 107
135 110
130 116
134 106
127 114
126 103
134 111
127 115
122 104
127 104
136 106
125 112
123 108
128 98
125 100
126 114
135 109
125 102
133 106
130 100
127 116
128 115
132 108
125 99
131 101
130 99
131 102
127 98
132 107
136 110
127 117
132 109
125 114
124 100
133 104
136 111
125 103
128 113
136 108
132 102
123 107
122 106
125 98
133 114
124 101
133 102
137 110
128 114
124 112
128 97
133 108
137 111
126 115
123 112
136 107
123 111
126 98
132 101
128 117
127 100
136 109
138 111
137 107
138 112
124 114
127 108
126 116
129 111
135 105
130 98
135 111
127 114
130 117
134 112
123 101
122 111
134 104
131 99
137 109
127 118
131 98
124 113
122 103
127 110
121 111
138 113
127 97
130 118
139 112
122 101
124 111
121 101
130 97
127 112
131 97
138 110
139 113
124 98
121 110
124 97
121 105
125 116
136 112
123 110
123 113
135 104
135 103
120 110
131 115
137 108
127 96
133 103
120 101
131 116
127 119
121 103
132 114
136 105
122 113
127 95
125 117
125 110
120 105
123 97
135 102
125 101
126 118
124 117
119 101
122 114
137 113
128 118
130 112
120 102
136 104
124 110
138 109
123 117
140 113
131 118
132 115
137 112
131 100
134 105
132 118
122 115
134 102
120 104
120 109
129 118
136 103
137 105
141 113
122 107
132 117
128 99
121 100
132 119
125 104
120 106
122 110
121 106
124 99
124 102
120 111
123 98
139 114
130 119
124 109
122 102
142 113
138 108
130 120
134 101
123 102
141 114
127 102
131 120
135 112
130 104
125 97
138 105
123 118
126 96
139 111
122 98
122 108
127 101
133 110
139 110
131 104
133 115
122 109
127 102
134 115
123 114
123 96
137 104
126 101
136 113
134 100
120 100
127 94
127 93
135 101
123 103
124 118
139 115
141 112
126 117
121 98
121 113
121 114
123 100
129 120
124 116
122 100
119 102
122 116
127 120
129 117
135 100
135 113
120 107
121 97
138 114
126 104
136 100
128 94
131 117
125 118
131 96
123 109
123 95
130 104
124 101
135 114
134 114
127 121
136 99
136 114
139 105
128 120
128 100
140 105
123 102
129 121
123 116
130 121
139 109
140 106
119 104
139 116
140 115
121 108
130 122
123 101
130 96
133 101
137 106
136 115
123 94
131 95
119 103
121 96
121 116
139 117
133 117
132 99
141 106
137 100
129 97
128 121
133 118
125 100
134 118
126 94
119 100
119 106
139 118
122 99
120 98
141 111
126 119
133 119
126 97
122 95
135 115
120 116
138 107
130 95
130 94
122 96
139 107
140 107
137 114
123 93
122 93
128 93
133 116
138 115
140 104
132 98
120 117
137 99
131 122
132 103
124 93
119 98
128 96
135 116
139 106
130 123
133 98
125 113
140 111
135 118
122 94
141 105
129 122
134 117
135 99
142 112
139 104
125 94
141 110
134 113
136 116
118 102
120 103
132 95
125 95
121 94
140 103
126 121
121 115
118 100
121 107
138 104
120 114
140 118
137 101
142 111
122 112
128 119
132 116
132 97
138 116
126 93
124 115
133 100
119 110
124 112
123 115
122 92
122 118
118 103
124 95
117 100
134 101
119 109
125 99
135 119
137 98
141 109
132 118
125 119
128 95
139 119
117 99
141 103
116 99
143 111
143 112
118 110
138 99
133 99
124 119
133 120
122 113
126 92
133 95
135 115
140 112
121 114
137 116
118 111
134 95
138 103
123 92
139 108
134 94
141 108
119 116
134 96
119 108
134 99
127 122
119 111
140 114
138 98
120 96
129 95
129 94
125 120
134 98
134 116
120 113
121 92
136 102
120 115
125 115
130 117
119 107
123 119
119 115
125 100
118 115
122 119
138 100
123 93
126 115
134 119
133 94
120 112
140 117
121 104
129 96
140 109
136 101
117 111
119 105
122 104
133 93
123 113
120 97
115 99
124 94
130 116
127 97
120 92
121 119
140 119
137 102
119 92
142 110
124 111
128 111
132 115
129 93
126 95
120 93
131 103
133 97
118 114
132 105
115 100
135 95
124 96
139 100
129 123
140 100
138 106
120 91
120 118
138 102
118 92
131 105
122 120
118 91
139 101
131 123
123 99
119 91
119 118
120 90
132 96
132 94
139 98
114 100
142 105
140 99
125 114
120 105
118 93
132 104
121 109
123 91
119 119
118 104
138 101
118 101
137 115
142 106
142 107
128 116
132 106
138 97
132 123
140 116
127 117
127 111
132 100
127 96
115 101
138 118
138 117
117 103
121 120
116 100
128 123
120 108
136 117
121 112
143 105
118 99
117 112
131 121
116 103
126 116
118 109
126 122
118 116
129 92
121 90
118 119
133 92
117 104
141 117
141 100
143 106
117 113
119 110
122 90
126 111
139 103
135 98
118 113
136 113
118 94
137 100
144 105
131 124
114 101
118 90
124 91
136 118
118 95
142 114
132 104
128 122
119 90
117 91
121 118
125 92
118 106
119 95
137 99
121 93
117 119
115 102
119 93
135 94
119 97
117 114
132 122
141 101
117 120
133 121
116 91
125 99
120 120
131 115
124 108
130 92
131 119
134 93
126 120
133 123
127 116
119 101
119 94
127 92
126 91
139 99
137 97
124 92
117 90
137 100
118 112
120 121
144 106
136 95
122 89
128 92
135 117
135 97
119 117
117 106
119 121
117 107
126 123
118 120
116 104
141 116
143 114
115 98
120 95
142 117
115 104
129 124
127 91
120 99
132 105
142 100
141 102
132 121
140 102
117 108
135 93
142 118
139 120
127 90
138 119
119 122
117 115
122 91
137 96
131 125
116 98
130 93
114 102
116 105
142 109
129 125
128 117
129 117
118 107
142 101
125 93
118 97
116 107
121 95
137 117
117 101
134 97
116 97
143 107
121 91
120 94
119 112
133 124
120 115
118 96
116 101
142 99
116 112
117 105
122 117
136 94
118 117
125 123
121 117
116 115
130 91
115 115
140 110
114 99
141 99
119 120
141 98
117 94
139 102
118 121
122 121
123 120
117 110
129 100
133 96
142 103
135 104
136 97
136 98
115 105
129 119
115 91
140 108
125 122
115 112
132 92
134 124
120 122
116 106
136 96
143 99
114 112
126 90
125 91
132 93
116 108
144 111
134 125
137 119
118 122
115 111
143 110
116 111
115 116
140 111
114 91
118 105
117 121
137 120
117 92
144 114
115 117
132 125
134 103
118 101
116 121
119 106
127 93
138 120
121 105
118 108
140 98
122 88
133 125
132 124
123 89
134 126
117 93
120 110
114 116
135 126
117 122
140 112
116 116
132 91
116 117
123 88
120 123
144 107
120 119
145 114
145 107
134 98
138 117
143 118
144 118
140 120
114 111
115 110
133 98
124 89
117 123
140 101
130 124
136 93
116 118
118 120
132 120
145 118
115 118
114 90
123 121
126 113
131 91
142 115
128 124
130 125
121 122
114 105
132 126
125 113
113 99
113 105
114 106
113 106
141 118
141 97
113 104
116 94
130 124
118 118
122 122
125 96
139 116
116 122
125 124
118 89
124 93
117 98
134 97
143 115
146 114
132 114
116 92
141 119
114 104
112 104
135 120
117 97
119 114
145 113
129 98
117 117
125 93
141 104
134 92
131 105
133 91
131 90
144 119
143 103
115 122
129 126
135 124
133 126
114 113
141 118
114 114
138 96
144 113
126 89
132 104
115 119
124 124
121 123
130 126
144 115
145 115
145 108
143 117
134 127
144 108
121 88
141 107
133 90
115 94
115 106
145 105
144 99
113 111
130 127
117 91
113 101
119 96
139 121
123 122
121 87
130 128
119 99
116 109
119 123
143 98
125 95
113 91
112 106
117 118
122 97
133 89
144 107
113 103
145 116
124 125
121 86
