1000 9
195 101
194 101
194 102
193 101
195 102
193 102
195 103
194 100
194 103
192 102
196 103
196 102
192 103
197 103
195 104
193 100
193 103
192 104
197 104
198 104
194 104
193 104
192 105
196 104
191 105
196 105
195 100
194 105
191 104
196 100
197 105
195 105
195 106
198 103
191 102
196 99
192 100
199 103
190 104
196 106
197 106
193 99
198 102
198 106
196 101
191 103
200 103
199 104
200 102
198 107
199 105
199 106
190 105
193 98
189 104
190 103
196 98
197 102
200 105
197 99
195 107
192 101
196 107
194 99
193 97
188 104
197 98
190 102
189 105
199 107
194 97
192 106
189 103
192 107
189 106
195 108
188 103
199 108
200 108
189 107
198 108
198 99
200 106
196 97
195 109
189 102
199 109
197 101
188 107
188 105
194 108
198 100
196 109
195 110
193 105
192 99
194 107
199 99
198 105
191 100
187 107
194 110
191 99
200 101
199 110
187 106
191 107
199 102
193 104
194 96
199 111
192 98
195 111
186 107
196 108
191 108
195 108
187 108
187 103
196 111
188 106
197 111
194 106
196 105
199 112
200 109
196 110
186 106
192 100
194 98
189 108
190 108
187 102
197 108
190 99
196 104
187 105
192 104
200 99
200 100
194 95
191 98
199 98
195 95
195 105
187 104
185 107
197 100
189 109
187 101
198 101
186 103
198 112
192 108
193 107
186 101
190 100
190 107
198 113
197 107
196 112
198 111
195 94
190 101
194 109
191 106
195 96
189 101
196 113
188 102
194 94
198 98
193 95
195 97
188 101
189 99
200 112
185 103
185 102
186 108
186 104
185 101
190 106
200 113
199 97
199 113
194 93
188 99
186 105
191 109
197 110
187 109
200 104
198 114
199 114
189 100
188 104
189 110
191 97
190 98
185 106
200 114
194 105
184 101
197 112
191 110
187 100
193 109
190 97
185 105
186 102
184 103
199 101
185 100
188 110
197 114
193 108
199 96
190 96
188 108
187 110
190 99
190 110
200 111
183 101
189 98
193 93
198 110
191 96
194 111
192 110
197 109
196 114
186 110
195 93
188 98
188 100
199 100
185 110
193 96
186 111
185 99
183 103
199 115
192 97
192 93
185 98
191 95
195 113
184 107
194 92
183 107
195 114
192 96
198 97
186 112
195 115
196 94
195 92
186 99
194 114
195 116
200 97
188 105
196 92
189 111
198 115
194 115
184 106
196 95
197 97
200 107
195 91
197 92
196 93
187 112
199 101
199 114
195 98
194 112
197 94
187 111
183 108
188 109
198 92
192 94
191 107
199 92
187 104
193 115
182 107
185 97
193 111
193 112
198 93
191 101
187 99
200 92
191 102
185 109
197 113
193 110
183 106
194 116
183 105
189 97
196 116
190 95
186 98
193 92
195 117
198 116
192 92
198 117
193 113
190 109
195 118
192 115
192 111
185 111
183 109
184 105
200 98
185 112
198 91
191 99
189 112
192 91
192 116
183 104
196 115
182 109
184 102
191 116
197 93
187 113
190 112
191 112
191 115
181 107
196 117
191 114
196 106
184 100
185 113
195 119
192 112
196 104
189 95
191 113
196 119
185 108
199 91
184 98
196 91
186 100
188 112
182 105
188 113
189 94
198 118
197 117
198 119
191 111
194 119
195 120
196 120
198 120
186 97
196 121
181 108
190 94
187 98
193 106
195 121
194 118
198 90
186 113
197 95
192 113
182 108
190 100
188 97
184 113
199 117
199 118
183 113
192 90
193 91
196 90
197 116
197 91
193 92
187 114
199 116
184 112
184 99
198 102
189 93
191 93
200 117
197 115
192 117
198 115
198 94
182 101
183 102
184 97
184 96
195 99
200 118
189 113
186 96
198 101
194 121
182 106
189 114
180 108
200 91
195 90
185 96
184 111
196 118
192 118
194 122
191 117
193 118
183 110
187 115
186 109
188 114
195 112
197 118
181 105
185 107
182 113
195 122
181 106
188 95
194 113
192 89
180 106
196 105
199 119
188 96
200 115
199 90
184 109
193 89
191 91
193 90
198 89
190 114
196 104
189 96
183 98
182 100
185 104
182 110
190 91
183 97
190 115
187 97
186 95
193 122
182 97
182 103
188 115
198 95
181 110
182 102
180 110
182 114
190 117
199 89
192 95
197 89
193 88
181 104
193 117
184 104
181 100
189 91
196 96
189 90
189 115
199 93
181 114
182 111
194 120
179 110
190 90
181 115
183 99
188 116
197 96
184 114
185 114
190 111
180 114
193 114
186 94
181 103
193 121
197 90
194 91
192 114
184 110
179 111
190 93
182 96
191 115
191 92
188 91
183 100
189 92
180 100
191 89
180 109
185 94
185 93
192 121
199 94
178 110
184 94
180 104
197 121
180 101
187 91
193 120
194 123
186 114
180 103
191 88
184 95
194 88
191 121
183 105
185 110
181 113
193 87
182 99
200 119
181 101
179 106
192 122
189 109
181 97
191 118
179 101
178 101
191 122
181 111
195 111
199 120
186 111
181 102
189 89
189 108
183 106
184 106
185 115
179 104
186 91
199 101
179 105
180 99
188 94
185 92
194 87
188 90
178 111
193 86
190 122
187 94
188 93
200 93
184 92
183 95
188 92
200 90
180 98
191 94
192 120
192 87
183 94
182 112
192 88
179 103
194 89
183 114
200 120
197 91
199 118
183 111
186 115
186 92
198 96
197 120
183 96
190 88
179 100
188 117
182 98
194 90
198 109
192 119
198 108
197 122
179 109
185 95
193 123
191 87
186 116
187 90
200 89
197 88
182 104
198 122
195 96
193 116
194 86
190 116
185 91
190 87
197 87
178 109
190 86
191 123
179 112
181 109
180 111
178 106
183 93
194 124
188 111
191 119
195 124
195 88
191 120
182 109
192 123
184 108
179 99
189 122
195 123
192 124
185 90
180 112
184 99
179 107
200 88
194 91
190 119
195 87
196 88
181 112
189 87
178 108
178 107
177 107
189 86
187 89
195 89
180 107
189 123
178 104
188 118
200 87
189 117
191 124
189 118
188 110
187 117
190 89
196 122
177 110
184 91
179 111
196 123
190 121
197 123
200 116
187 88
200 121
176 107
181 116
190 92
177 101
198 123
193 94
187 116
198 121
191 125
181 96
182 95
186 89
200 96
188 122
197 86
192 118
183 115
179 102
181 98
184 115
179 110
187 92
180 105
196 87
198 86
191 86
190 120
198 124
186 117
178 107
195 86
199 119
199 88
183 112
197 124
200 86
185 116
196 86
196 89
192 125
182 94
183 97
187 95
200 110
179 108
188 123
200 122
187 87
187 118
184 116
177 111
179 114
190 125
184 93
184 90
186 118
190 123
189 120
200 94
180 113
198 88
200 85
195 125
180 97
176 101
190 118
176 111
192 126
199 95
190 124
193 126
197 119
189 85
177 108
177 100
185 113
180 96
200 123
200 95
199 122
185 106
183 91
187 93
181 94
179 113
192 109
179 96
187 119
181 93
185 118
179 115
189 93
178 100
187 120
179 111
189 121
193 127
196 125
188 124
199 85
175 101
183 90
178 112
175 111
182 115
181 92
187 86
175 100
192 86
193 125
185 117
194 126
193 124
189 88
178 115
187 85
194 85
182 90
186 88
184 117
200 84
187 115
187 94
187 122
182 91
189 119
187 84
188 121
180 102
185 119
174 100
180 95
193 119
186 119
178 96
178 97
179 95
178 95
178 116
199 123
196 126
198 120
189 84
193 128
182 89
200 124
183 92
183 89
199 86
177 104
197 125
178 94
196 124
186 93
185 107
178 105
199 84
191 119
191 118
196 125
188 120
188 119
199 87
194 119
199 83
194 117
183 88
181 91
194 128
184 118
180 93
188 125
182 116
186 87
178 93
175 99
181 99
192 128
195 128
198 85
183 118
178 102
193 116
200 125
180 116
189 124
181 95
192 117
183 96
182 117
184 89
197 92
192 127
188 89
173 100
190 118
175 107
188 88
181 90
193 129
195 127
179 116
188 120
188 126
192 116
199 124
176 108
187 110
182 93
182 92
173 99
189 83
175 110
189 116
177 96
191 128
196 85
195 87
189 82
177 97
186 122
185 120
188 85
179 97
179 94
180 90
183 97
180 100
194 127
199 125
178 117
177 93
194 84
199 121
188 86
177 105
188 84
190 82
199 82
176 100
198 82
190 113
180 92
180 94
177 112
180 91
174 107
182 96
172 99
178 92
194 125
180 115
180 117
181 89
183 89
199 118
193 85
191 126
178 98
177 106
188 83
175 109
187 126
175 108
193 118
198 81
174 110
193 122
186 90
196 127
186 123
194 83
195 122
175 112
198 125
174 112
191 82
194 122
185 121
174 99
178 113
184 119
180 89
194 124
191 85
189 113
198 126
196 128
174 98
181 117
197 128
177 95
173 112
195 85
195 121
180 99
181 88
198 128
178 118
195 83
199 81
187 125
191 81
179 93
186 84
181 114
172 112
176 109
187 123
179 118
194 82
200 82
197 126
190 85
191 80
