1000 3
29 64
30 64
30 65
29 65
31 64
29 66
32 64
30 63
30 66
29 67
28 64
31 66
28 65
32 65
28 63
32 63
30 67
28 66
27 63
31 65
27 66
26 63
32 62
30 68
27 64
26 66
28 67
33 65
26 65
31 67
26 62
33 66
32 61
30 62
30 66
29 68
30 67
33 62
31 63
26 61
27 67
27 68
27 65
31 62
28 62
32 66
25 63
25 66
32 60
27 69
32 67
27 61
31 68
34 65
24 66
26 64
33 60
25 62
33 64
30 61
28 68
27 70
26 68
27 71
27 72
28 61
32 59
34 64
34 66
29 61
26 71
26 70
30 69
28 60
30 65
23 66
25 70
23 67
28 70
33 59
33 58
34 67
25 69
24 62
35 66
35 65
23 65
25 61
33 67
26 69
32 58
25 71
36 65
25 65
34 59
34 60
30 70
33 61
34 68
35 60
30 71
27 73
31 60
22 65
36 64
24 65
29 69
35 68
29 67
25 72
27 62
32 68
23 64
29 70
25 60
24 69
35 69
23 68
33 57
28 66
21 65
24 68
26 60
24 71
31 58
25 64
21 66
31 69
22 64
34 62
31 59
36 63
22 67
24 60
36 66
24 70
35 63
35 61
33 56
27 74
29 66
23 62
34 56
23 69
22 69
22 66
36 62
34 58
29 71
23 63
26 73
28 72
37 65
31 71
29 70
30 59
23 60
33 55
33 68
21 69
32 57
34 61
35 58
20 65
33 59
23 71
37 64
23 70
30 60
27 60
22 60
29 63
26 67
22 70
22 62
22 59
34 63
33 54
20 64
25 59
24 64
25 73
32 55
35 57
27 59
37 66
36 67
23 72
27 58
22 68
33 63
32 69
22 72
37 62
20 66
20 63
26 58
32 71
19 66
19 64
35 59
21 60
31 72
36 58
24 61
38 66
31 55
19 63
35 64
18 64
38 62
31 67
35 62
21 64
17 64
30 55
20 69
31 56
22 69
28 74
22 73
29 72
36 59
17 63
21 68
21 67
31 66
32 66
34 57
31 67
28 71
38 65
31 54
20 70
35 67
28 69
34 69
29 74
35 56
29 59
32 54
28 73
25 67
29 75
32 53
26 59
31 70
34 64
27 57
17 65
37 59
36 56
36 68
26 64
34 54
18 65
28 59
25 64
37 56
28 75
23 61
35 54
31 53
21 59
31 73
33 69
30 68
39 66
33 66
34 67
18 63
29 76
37 57
25 58
33 65
33 71
22 58
36 57
35 68
40 66
21 70
37 58
35 53
21 72
36 61
26 60
37 68
36 60
16 65
35 70
28 58
32 65
40 65
41 65
21 61
30 72
34 70
30 74
30 76
41 64
37 60
34 65
31 76
42 64
26 74
38 60
43 64
37 69
34 58
25 57
28 76
35 65
20 67
33 53
40 67
25 65
29 77
33 62
34 53
29 55
19 70
36 70
27 76
25 74
18 70
22 57
21 63
33 52
34 52
16 66
38 68
24 63
28 77
37 63
25 68
23 73
24 65
17 62
19 65
23 59
26 75
19 69
25 75
20 72
30 77
17 66
32 63
35 71
28 66
29 73
36 60
42 63
22 67
16 62
33 61
21 67
36 71
42 62
27 75
24 57
25 60
28 55
31 74
26 57
16 61
29 78
38 69
20 59
39 68
38 64
39 60
23 58
21 71
24 72
19 62
36 72
37 71
24 75
24 73
19 59
15 65
41 62
19 61
32 52
31 52
42 61
34 71
29 79
22 63
22 56
41 61
24 59
15 62
29 68
33 70
26 66
22 74
38 58
32 56
43 65
21 69
44 64
14 65
25 76
20 64
20 68
29 54
38 59
30 52
19 67
39 64
41 60
24 67
24 56
33 72
35 52
38 70
29 53
21 56
44 63
14 64
36 73
39 61
44 62
28 79
40 61
28 53
27 79
30 58
21 73
15 66
44 61
18 67
42 60
16 64
26 63
41 67
20 60
39 59
15 67
14 66
30 75
19 68
28 80
43 60
39 63
24 55
33 51
13 65
25 55
31 57
37 73
39 62
28 56
19 60
14 63
28 52
30 73
29 80
36 69
32 51
36 74
16 63
20 61
41 66
25 54
34 72
30 53
27 53
43 62
45 62
19 67
17 67
42 66
37 67
40 63
41 59
27 77
25 63
32 74
39 67
30 57
34 62
22 55
38 73
33 62
29 58
21 57
39 73
27 80
42 65
20 71
23 57
25 66
38 74
26 79
27 56
15 61
37 74
35 55
35 74
22 54
36 75
25 77
38 67
31 65
39 74
30 80
24 74
24 58
40 59
29 62
34 73
23 56
36 53
13 63
29 60
26 53
20 65
34 60
22 67
17 68
38 63
35 61
32 75
29 59
30 78
14 62
26 54
34 55
39 75
30 54
22 53
20 57
31 75
20 62
30 81
18 68
43 66
31 61
17 61
19 58
32 76
44 65
16 67
21 54
45 63
41 68
19 57
38 57
26 77
43 61
29 56
18 59
41 61
17 69
37 70
25 79
28 75
15 64
32 70
30 73
29 65
44 60
31 80
32 50
24 77
21 58
29 76
18 58
29 52
44 59
21 62
39 69
37 72
25 56
17 58
37 75
17 57
19 71
23 55
27 81
23 75
36 54
40 75
29 72
18 61
13 62
43 63
24 79
13 66
12 66
27 73
39 57
19 72
33 75
40 57
30 51
36 76
12 65
40 60
40 68
40 62
23 53
27 74
36 52
31 77
40 69
23 52
12 63
33 69
19 73
30 82
20 58
43 67
45 59
31 82
30 72
22 75
27 54
14 61
34 51
34 74
22 58
30 75
15 63
19 56
18 72
31 78
30 74
39 72
40 64
19 72
22 71
21 53
34 50
39 65
26 81
15 68
28 73
34 75
14 68
38 64
23 54
39 56
33 74
40 66
39 66
28 72
20 56
24 52
25 52
29 81
16 68
16 58
28 74
31 69
38 65
38 71
29 74
35 50
12 67
41 63
37 54
46 63
23 74
45 60
25 78
30 50
31 51
38 72
23 76
11 67
24 76
32 78
36 51
40 74
13 67
24 73
21 55
40 56
32 77
20 54
22 61
45 64
35 60
11 68
32 51
41 74
21 74
46 59
26 55
21 64
18 57
47 63
21 56
40 55
26 80
17 60
28 81
33 76
29 57
44 67
20 73
44 66
24 54
26 82
32 79
41 75
46 64
40 58
15 60
16 59
38 75
38 61
37 61
35 51
18 71
33 50
18 60
24 51
33 79
42 67
17 70
35 76
32 72
45 65
40 61
30 56
35 77
37 51
34 61
31 56
24 53
20 55
16 57
15 57
30 59
23 77
18 62
42 66
29 82
26 78
28 51
14 60
18 63
45 61
19 55
19 74
23 51
35 75
39 70
25 51
40 73
40 72
23 61
17 56
37 52
32 68
11 69
45 67
33 73
19 75
16 60
24 50
24 55
40 70
28 78
14 59
38 76
31 83
15 62
26 76
21 52
29 73
28 82
41 70
14 57
24 74
37 55
17 72
38 51
15 59
17 55
19 76
18 56
11 66
39 51
12 69
25 50
41 57
17 73
23 78
26 56
42 59
24 78
38 55
19 56
37 50
36 55
16 73
27 52
18 55
41 56
34 77
25 81
28 50
14 58
45 66
22 78
10 66
42 74
30 83
23 50
21 51
10 69
28 57
47 59
11 70
39 76
45 68
35 78
42 58
38 52
23 79
27 78
42 56
45 69
26 50
26 52
48 59
20 68
12 68
43 74
15 56
27 51
29 83
46 60
40 51
14 67
40 76
31 79
26 54
28 49
18 74
40 77
22 52
15 55
11 71
10 68
21 78
38 50
40 50
16 55
27 55
12 70
16 74
13 70
39 77
16 70
19 54
46 65
24 81
28 79
14 70
38 66
13 69
32 82
45 70
19 68
23 55
32 69
35 72
23 80
24 82
19 53
18 75
20 51
13 58
46 68
37 76
9 69
46 67
49 59
13 60
20 78
16 71
9 68
18 73
32 80
12 58
22 80
10 65
29 57
32 73
43 73
15 74
29 84
50 59
40 52
15 73
18 66
41 55
24 80
34 76
25 49
18 54
24 49
9 67
29 49
41 61
19 78
32 72
25 82
9 66
15 71
50 60
17 54
16 67
8 66
22 76
20 74
33 78
33 80
41 71
47 58
45 58
23 60
39 55
38 54
28 83
46 58
12 62
23 81
33 73
31 81
14 56
37 53
45 71
26 72
33 77
29 51
46 57
35 53
38 53
31 71
41 50
11 63
8 65
49 60
14 74
32 77
25 83
37 77
13 64
46 59
17 67
46 56
8 69
25 80
43 56
45 72
28 48
15 69
34 54
47 67
12 64
20 77
27 48
19 77
13 74
50 61
15 58
7 65
40 61
47 68
41 49
10 67
41 76
13 59
7 64
29 75
51 61
8 64
17 53
46 69
37 66
43 58
48 63
47 64
43 75
22 79
42 75
44 68
11 72
39 58
49 61
48 68
31 50
46 72
