1000 7
129 145
128 145
128 146
127 145
130 145
128 144
128 143
129 143
129 142
126 145
130 143
130 146
131 143
130 147
132 143
129 147
132 144
126 146
129 148
130 144
133 143
127 143
127 142
129 144
132 145
127 144
128 148
131 145
127 141
132 146
126 147
128 141
131 147
132 147
127 148
131 142
128 149
129 146
127 147
131 144
131 148
126 144
130 148
127 146
133 147
126 142
127 149
125 146
128 150
134 147
129 141
135 147
134 143
133 144
134 146
133 142
130 145
129 140
125 144
128 147
135 148
126 148
126 143
135 149
126 149
128 151
132 142
129 149
129 150
127 151
125 149
126 141
133 145
124 144
136 147
126 150
128 140
133 146
136 146
130 150
126 140
126 151
132 148
125 151
131 149
125 147
127 152
125 152
130 151
128 146
131 146
125 143
128 139
134 145
135 150
125 148
136 145
129 139
133 148
124 143
134 149
137 147
130 152
127 153
125 141
133 146
129 152
124 147
124 145
128 153
125 140
125 142
130 142
128 154
134 148
129 138
131 152
137 146
136 149
137 148
126 139
127 150
138 146
131 153
130 149
130 140
135 151
138 147
134 150
132 147
137 145
132 153
129 137
126 153
133 153
136 151
135 149
128 155
138 145
132 141
134 153
133 152
129 145
127 154
125 150
134 152
124 148
139 147
130 138
139 148
140 148
131 141
132 146
127 140
126 152
137 144
135 153
130 137
128 152
138 144
129 155
133 151
136 144
124 142
125 145
133 154
133 155
134 151
128 137
135 143
136 143
124 151
130 141
128 136
131 137
135 144
126 154
132 154
127 155
139 149
129 153
123 151
133 149
126 138
129 136
128 138
139 146
133 150
134 154
126 155
137 143
133 146
123 147
132 140
124 140
138 148
135 146
132 152
139 150
123 143
135 142
123 152
138 149
124 146
129 151
124 149
132 139
131 151
123 144
126 156
134 155
122 152
122 143
122 147
123 148
128 142
135 155
136 148
136 142
140 146
121 152
126 143
127 138
130 139
131 136
134 142
132 136
127 139
124 139
129 154
122 142
125 138
122 141
136 150
131 138
134 147
125 153
139 144
138 150
125 155
137 151
132 151
135 154
139 151
124 138
140 149
133 140
137 152
136 153
127 136
123 138
125 156
123 142
135 156
127 137
124 141
122 146
131 154
135 152
123 146
127 156
127 157
134 144
131 135
130 153
128 143
126 157
121 143
136 156
124 156
136 154
133 136
135 157
127 141
121 141
122 145
121 140
137 142
123 153
121 139
121 147
134 140
133 135
122 139
125 157
139 143
136 141
131 134
123 141
136 157
140 145
125 137
123 150
134 156
120 140
131 155
136 155
134 139
137 155
141 145
135 141
121 151
123 145
120 139
122 153
130 135
120 147
141 149
137 153
120 146
126 158
135 158
132 147
135 159
132 134
121 146
135 145
129 149
132 149
121 148
120 152
128 157
121 142
126 159
132 135
135 144
135 160
139 152
120 138
139 142
124 137
134 158
122 146
139 141
127 135
137 150
140 152
130 154
140 144
137 154
127 142
133 137
137 141
134 145
139 140
123 140
119 138
128 156
131 140
122 138
122 151
133 156
142 145
121 138
130 136
121 150
141 144
137 140
129 157
133 139
140 151
127 155
134 157
118 138
133 141
120 142
133 144
134 141
134 159
119 142
131 133
132 133
132 132
140 141
132 156
142 144
133 159
130 133
135 147
119 140
127 156
137 156
140 143
143 145
140 147
141 143
128 135
133 132
132 159
139 139
126 137
124 136
136 159
120 150
133 160
134 138
124 150
125 158
135 140
138 139
131 159
125 154
119 137
124 135
143 144
138 151
137 157
119 139
134 160
125 135
123 137
131 139
121 137
130 137
132 150
120 145
142 149
124 152
128 139
137 158
129 158
130 132
131 141
134 137
140 140
134 147
123 156
142 143
137 159
124 154
138 159
120 153
130 134
138 157
138 140
144 144
122 148
143 146
141 142
122 149
141 150
127 134
122 150
119 145
120 154
122 156
131 142
138 142
128 134
120 155
124 158
134 132
117 138
145 144
119 152
119 146
139 145
126 134
120 137
118 137
131 160
127 133
127 132
140 153
123 158
133 157
123 155
122 144
120 136
117 139
135 137
144 145
143 147
144 146
126 133
135 136
137 151
136 136
139 159
135 143
141 151
140 159
126 135
145 146
142 147
133 133
138 160
137 139
119 153
120 143
132 141
142 151
127 158
132 155
120 148
120 149
118 152
123 136
122 158
138 158
143 149
131 132
136 160
133 158
119 149
138 155
141 147
127 131
134 161
121 144
132 158
121 158
140 142
140 154
121 153
132 137
132 157
139 160
141 140
131 158
124 134
118 140
144 147
120 144
122 136
127 130
131 133
122 159
118 141
118 136
120 153
136 158
129 134
125 136
143 143
123 135
125 144
133 131
118 145
133 134
134 131
141 153
146 144
134 136
143 151
119 147
128 132
122 160
131 157
135 139
117 136
131 161
128 140
147 144
137 157
138 161
137 149
140 155
131 131
123 134
129 133
129 140
138 154
128 138
128 158
136 140
132 161
124 159
120 151
147 145
132 131
128 133
132 138
134 130
119 151
119 154
139 138
121 159
134 157
126 132
129 156
120 141
125 145
119 144
138 141
130 155
120 156
123 139
131 150
117 152
117 153
119 148
123 133
125 134
121 149
132 130
120 135
130 139
122 133
136 152
140 150
122 140
119 150
138 143
128 159
121 160
117 137
130 140
126 136
129 138
124 155
122 143
139 154
143 150
117 145
134 129
137 136
117 140
131 130
141 139
121 154
118 149
139 155
122 147
136 161
145 143
145 147
118 150
122 146
141 138
134 128
135 128
138 138
140 139
141 154
118 139
116 136
142 148
144 150
115 136
145 142
119 135
135 161
118 148
132 140
138 153
121 141
130 156
126 131
137 161
130 161
122 142
138 137
146 143
116 152
128 130
135 162
127 159
135 157
135 135
124 133
140 158
138 136
120 157
127 136
125 139
133 130
139 158
115 135
129 159
119 155
118 155
143 152
121 161
121 150
144 142
139 161
142 153
129 132
117 154
135 132
140 161
144 148
122 161
124 153
129 160
137 137
137 160
118 153
139 157
116 145
140 162
125 152
139 162
139 163
130 162
114 135
126 160
118 135
118 154
121 140
126 154
125 151
139 156
121 133
125 159
119 143
127 151
142 138
136 135
141 141
132 129
117 148
126 150
143 148
121 156
117 147
118 147
123 144
141 161
145 150
114 136
139 137
121 151
142 142
131 139
120 150
124 157
121 135
130 163
133 138
135 127
141 160
117 141
126 151
130 131
116 141
113 135
128 160
124 152
133 129
144 151
115 152
142 152
145 149
118 146
125 160
127 129
130 150
119 134
123 151
123 154
134 134
125 133
129 130
137 135
123 160
132 162
120 160
122 147
123 142
140 138
134 127
113 136
121 134
119 136
133 127
118 151
136 132
123 157
130 157
120 149
142 139
138 163
129 162
119 141
140 157
124 151
137 132
116 138
130 130
126 130
122 146
146 150
142 144
137 162
128 151
141 162
123 145
115 134
137 133
138 142
135 129
119 133
127 150
115 141
118 156
117 142
114 152
142 140
130 158
138 152
136 139
119 160
143 142
131 129
114 141
117 150
114 137
141 159
122 134
119 157
142 159
121 157
122 147
142 137
118 134
116 134
145 151
119 156
136 162
115 133
121 162
143 140
121 148
121 155
116 139
120 158
117 143
113 152
143 138
136 163
116 147
119 159
119 161
132 128
113 134
122 162
125 131
116 148
141 158
132 163
139 141
141 137
116 149
122 137
134 126
145 152
123 152
143 139
122 152
115 132
135 134
123 149
135 130
124 132
138 162
144 149
114 142
129 161
128 131
130 129
116 150
116 154
145 148
140 156
123 132
114 132
137 144
137 142
141 163
139 142
116 146
115 150
145 145
136 133
142 162
116 144
143 137
114 153
119 158
114 138
140 160
116 142
127 128
119 132
141 148
120 161
117 146
123 137
132 164
114 131
118 132
141 152
113 131
122 157
146 146
142 150
126 140
114 134
124 152
126 139
128 129
125 132
139 143
131 164
140 141
146 145
125 130
124 139
144 138
137 163
140 137
118 142
144 137
142 141
132 127
136 137
132 160
128 161
120 156
118 158
148 144
126 133
132 165
114 154
113 153
125 140
133 163
135 163
144 141
129 129
138 132
144 152
115 147
138 131
142 154
138 164
125 129
127 161
115 139
121 142
141 157
137 147
115 151
117 158
133 165
129 135
120 132
115 144
114 147
134 129
147 150
120 140
143 154
116 143
117 132
121 136
112 134
126 150
148 145
115 149
122 163
141 136
115 153
136 138
117 134
122 154
134 162
142 136
117 149
131 158
117 159
124 131
113 132
145 137
121 163
147 149
114 143
122 141
133 128
136 128
116 159
124 129
122 155
136 130
134 163
135 131
117 135
136 139
115 154
136 134
116 140
132 166
119 162
137 154
114 148
136 164
116 137
116 135
