1000 3
109 164
110 164
109 165
111 164
110 165
109 163
108 165
108 164
110 166
111 165
111 166
107 165
111 163
112 166
107 164
112 165
107 163
106 163
108 166
112 167
113 166
105 163
106 165
112 164
109 162
113 167
108 162
111 167
114 166
115 166
114 165
107 162
113 164
106 164
116 166
106 162
107 166
104 163
105 165
115 165
104 164
113 163
112 163
115 167
103 163
103 162
102 163
116 165
109 161
111 162
103 164
109 166
107 165
107 161
117 165
104 162
107 160
118 165
115 168
106 166
116 167
114 167
111 168
110 167
108 167
114 164
116 168
108 161
113 165
105 164
117 164
113 168
119 165
113 169
105 162
112 169
105 166
113 162
111 169
114 162
112 170
106 161
106 160
119 164
108 168
112 162
119 166
114 168
101 163
110 168
120 166
119 167
117 167
101 162
105 160
104 165
105 167
109 167
110 163
119 168
110 161
105 161
104 160
110 162
108 160
103 160
117 168
103 159
114 169
114 163
120 164
110 160
104 161
103 165
109 160
104 159
118 164
106 159
118 166
120 168
120 169
104 167
113 161
116 169
103 167
115 164
109 159
107 167
121 166
105 168
106 168
113 160
121 167
120 167
109 168
105 159
103 161
100 163
111 163
102 167
103 166
115 169
114 160
114 170
115 162
108 159
115 161
106 169
119 163
118 165
118 167
102 166
103 158
114 171
112 163
101 167
118 163
122 167
120 163
116 161
102 162
117 169
104 166
117 166
102 161
121 168
104 168
122 168
108 163
106 158
123 168
110 163
122 169
117 170
111 160
121 169
103 168
102 164
118 170
117 171
117 163
118 162
116 164
112 168
115 163
104 169
112 161
110 159
122 166
102 165
118 161
108 158
108 164
117 172
118 171
115 160
114 161
120 162
119 164
123 167
103 169
120 161
110 169
111 163
110 158
119 170
116 160
119 161
101 168
123 169
123 166
100 168
121 165
116 162
119 169
120 170
113 159
102 159
111 159
124 168
119 171
101 166
106 167
114 172
122 170
118 168
113 158
105 169
101 161
106 157
105 170
106 156
112 158
101 160
116 159
102 158
101 169
115 159
100 162
114 158
112 171
124 167
117 161
110 160
120 160
100 161
102 160
105 171
106 171
112 163
120 165
113 170
119 160
112 160
99 161
112 157
121 161
113 172
119 172
104 171
107 171
106 166
115 158
110 157
117 173
121 164
104 158
107 159
121 170
122 165
105 172
120 172
107 156
115 157
116 170
105 162
105 157
104 157
118 169
115 171
123 165
101 170
108 157
107 170
102 168
122 171
124 166
122 172
106 155
115 172
101 171
107 169
111 161
116 158
115 158
108 156
110 170
120 173
114 159
120 174
105 156
115 156
116 157
116 156
109 170
109 157
118 172
110 159
122 164
108 170
123 171
123 170
98 161
105 173
107 172
104 172
122 165
120 175
117 174
99 160
124 169
100 169
100 164
108 169
116 172
115 155
117 157
118 174
113 173
103 170
101 158
102 170
125 167
108 172
99 169
107 158
123 168
105 155
121 173
110 171
117 160
101 162
117 162
105 174
107 155
121 175
111 171
107 157
118 157
120 176
119 159
98 162
118 173
109 171
114 173
119 175
118 160
125 168
121 162
100 171
98 163
116 174
126 168
116 175
100 170
123 172
116 155
104 155
116 171
116 173
100 160
115 159
106 173
109 156
118 159
114 157
97 162
111 157
98 169
100 161
99 163
106 170
101 157
121 172
114 156
104 173
124 170
104 170
111 172
98 160
114 155
109 169
121 171
108 157
102 169
127 168
118 175
113 155
128 168
123 169
125 169
113 171
106 174
116 154
122 175
115 174
98 164
107 174
112 155
127 169
99 159
99 158
113 154
111 156
129 168
105 158
108 173
112 172
119 162
111 158
103 155
101 159
113 153
119 173
125 170
99 171
117 155
112 156
108 155
123 164
115 154
108 171
118 156
113 152
97 160
108 174
120 171
119 156
120 156
97 169
126 170
101 165
112 159
98 168
100 163
110 172
120 162
98 165
106 154
98 159
118 162
119 155
110 173
117 175
114 154
97 159
100 165
122 173
109 158
117 154
117 159
119 176
128 169
96 162
100 167
99 167
99 170
120 161
118 158
107 173
98 170
120 170
99 168
99 166
119 177
96 163
105 170
122 176
119 174
106 175
121 160
102 157
122 160
121 156
96 164
120 155
122 163
100 158
99 157
122 177
115 160
104 167
107 168
120 157
123 176
96 160
122 178
96 165
119 161
114 169
98 157
110 156
112 153
97 168
107 167
123 168
105 154
103 157
99 165
126 169
104 158
128 170
95 163
97 157
129 167
121 177
124 172
113 157
128 167
103 158
123 160
124 164
97 164
102 156
100 169
96 161
107 154
111 153
104 154
116 163
121 174
112 152
120 154
121 154
108 154
121 153
115 173
118 154
122 162
111 155
95 160
110 174
101 156
123 170
116 153
122 179
100 157
98 171
115 153
121 152
95 161
97 167
124 165
124 171
105 175
120 159
97 156
108 175
109 173
121 163
100 168
103 172
123 163
123 171
111 154
113 174
122 156
123 177
109 174
102 171
123 179
106 153
124 173
129 166
109 175
98 158
123 162
120 158
109 172
99 172
111 170
125 172
113 160
125 165
94 161
119 178
104 174
100 166
96 168
111 174
95 168
107 153
110 175
99 173
122 159
103 156
112 160
120 161
121 179
129 169
110 155
98 167
122 158
111 152
122 161
93 161
123 175
118 153
116 176
96 156
122 154
126 171
97 170
114 152
108 176
101 172
124 179
98 172
98 156
103 154
100 159
126 172
125 164
113 156
93 162
111 173
115 176
101 155
117 156
120 178
122 157
111 151
120 156
98 155
96 170
123 154
95 170
111 168
124 177
125 179
97 171
111 175
104 156
121 180
114 176
97 161
110 176
124 174
124 160
124 154
125 178
125 177
125 174
110 169
97 155
100 172
123 158
103 173
104 153
126 174
123 156
96 157
118 177
127 171
96 166
124 180
109 170
95 171
104 158
105 155
126 175
114 174
98 154
118 176
114 153
95 157
126 179
120 177
114 175
96 167
109 176
117 158
124 181
115 175
112 170
95 156
110 177
113 151
118 178
116 152
99 156
92 161
113 176
92 160
117 177
101 171
113 175
104 175
96 171
121 178
123 180
94 163
130 166
123 155
108 177
110 152
97 172
106 176
114 177
123 159
115 170
123 173
121 159
126 176
119 153
97 158
121 181
124 155
108 178
99 154
99 164
107 178
106 172
118 174
120 179
108 179
123 178
127 167
111 172
122 181
117 176
121 158
106 177
112 154
127 176
125 163
109 178
109 154
96 155
127 166
129 165
117 153
125 173
93 163
114 178
128 171
114 179
97 154
126 167
105 153
108 153
103 171
125 181
106 152
124 156
101 173
100 173
123 153
119 152
124 158
115 179
119 157
93 160
113 179
97 160
109 179
91 160
111 169
122 180
114 151
94 160
115 151
124 162
123 157
99 162
115 178
95 162
103 175
125 154
125 155
110 153
119 170
110 178
104 152
111 176
120 181
131 166
95 159
106 178
106 179
95 158
98 166
109 177
116 177
96 172
124 159
112 174
117 174
126 166
128 172
129 170
115 152
94 168
132 166
123 181
94 167
118 179
112 151
127 174
133 166
127 165
107 179
116 178
98 162
103 153
95 172
125 166
92 159
123 161
133 167
113 178
122 153
113 180
121 157
122 169
124 175
120 153
112 150
107 175
95 155
127 170
126 173
125 160
110 179
113 153
118 172
107 174
127 173
119 174
103 152
114 156
107 180
124 161
99 174
115 153
120 169
124 176
93 159
121 151
134 166
93 167
121 176
97 166
119 179
120 171
94 155
114 150
105 152
94 170
114 180
99 153
130 165
111 150
134 167
102 173
125 171
91 161
134 165
109 152
94 157
125 175
121 182
133 168
107 177
101 164
126 170
124 178
132 167
129 172
126 163
91 159
116 151
99 155
127 172
96 154
102 153
97 163
119 158
119 172
125 153
133 165
125 161
112 176
123 174
93 168
121 183
115 158
94 162
95 165
135 165
102 174
114 181
90 160
95 167
91 162
130 167
94 171
126 180
103 176
102 154
115 181
93 155
99 175
118 169
92 167
108 180
102 176
128 173
113 150
112 173
119 154
97 153
99 176
115 154
121 150
116 150
91 167
97 165
114 182
105 177
105 178
123 182
124 169
124 170
125 156
104 176
121 181
121 170
93 166
114 154
111 178
120 152
115 177
93 156
96 159
118 170
125 170
96 153
122 152
113 181
95 173
128 174
120 182
105 179
126 165
110 180
122 174
90 161
93 171
125 159
127 180
110 170
109 155
120 183
126 162
114 173
125 162
112 149
104 177
100 153
104 155
119 183
121 149
115 178
93 172
96 163
114 183
92 155
122 182
120 150
118 173
104 178
128 175
130 169
113 182
100 174
134 164
120 184
124 153
96 173
110 181
122 170
93 164
122 181
90 162
102 177
111 171
125 152
95 164
128 165
