1000 9
29 25
29 26
30 26
29 24
29 23
28 23
30 25
28 22
28 24
28 21
28 25
29 22
29 27
30 22
30 21
28 27
30 20
31 20
29 28
30 28
30 24
31 24
31 23
27 25
32 24
30 23
26 25
31 22
29 29
27 23
26 23
25 23
28 26
26 22
29 20
24 23
23 23
29 26
25 25
33 24
24 24
30 29
25 26
28 20
31 19
30 30
27 20
30 27
26 26
23 24
28 29
26 20
33 23
24 25
31 27
26 24
27 19
31 29
25 27
32 19
29 19
23 22
32 29
25 20
28 30
34 23
32 23
32 27
29 21
26 27
33 25
24 20
26 23
31 26
32 30
27 18
31 18
34 25
32 22
22 23
33 22
21 23
23 20
25 28
25 21
28 18
20 23
24 28
31 30
23 28
34 24
33 21
24 19
21 22
28 31
34 21
28 28
30 19
29 24
32 28
27 26
24 21
33 19
28 17
24 22
33 27
26 19
24 27
31 17
31 28
24 29
32 26
35 25
30 18
33 18
22 20
23 19
26 28
33 17
32 20
20 22
36 25
31 21
26 21
34 18
24 18
22 24
31 31
19 23
35 18
31 25
25 18
36 18
21 24
27 31
27 27
20 24
29 30
26 18
33 20
19 24
21 21
22 21
33 26
19 25
33 29
32 25
23 21
25 17
33 28
34 26
35 23
21 25
32 31
30 17
34 29
18 24
27 28
29 31
34 28
25 22
24 30
28 32
22 22
35 22
34 30
24 17
18 23
27 22
33 31
23 27
36 26
27 29
37 26
29 17
34 19
36 17
34 31
23 29
33 30
23 25
23 23
33 16
35 17
34 27
17 23
22 21
37 27
31 30
34 22
32 29
38 26
33 15
37 25
31 32
35 16
17 22
29 32
32 32
34 25
32 17
17 21
19 26
31 33
37 28
19 22
36 27
35 26
26 17
31 24
31 34
22 29
36 19
36 20
22 28
29 18
18 21
25 24
25 19
34 15
36 24
35 21
27 21
25 30
21 26
25 31
34 20
29 16
32 16
25 16
36 21
33 24
26 30
37 29
34 17
35 15
39 26
27 24
36 23
34 32
23 17
19 21
30 34
28 33
22 19
21 19
30 33
32 34
35 24
27 30
21 20
18 26
22 26
35 31
21 29
28 19
25 15
16 23
23 18
38 29
22 18
35 29
39 25
30 16
37 17
22 25
19 27
37 19
32 15
19 20
20 21
32 35
24 26
37 30
22 24
20 29
40 25
29 34
32 18
34 33
24 15
33 14
38 19
20 19
36 30
36 28
22 17
20 18
39 27
21 30
38 17
26 31
19 28
38 27
22 16
41 25
31 27
37 24
19 18
24 16
22 25
21 18
24 31
35 28
23 31
16 22
42 25
37 16
33 13
29 33
23 26
38 18
18 18
26 16
39 18
19 19
33 12
18 22
39 29
32 36
17 18
35 33
30 15
17 19
17 20
25 18
22 30
31 16
36 22
28 16
20 25
37 23
16 24
21 31
25 32
20 17
34 12
19 29
18 25
39 17
36 31
33 33
21 16
23 32
32 14
35 19
27 17
27 16
31 35
17 22
28 34
21 27
35 14
36 32
35 32
28 35
32 37
20 26
33 36
36 14
32 21
25 29
37 15
37 22
21 17
37 21
38 30
22 32
38 21
33 37
16 18
32 30
27 35
20 28
23 15
20 27
17 26
19 30
34 36
18 20
38 20
27 33
31 36
43 25
38 28
35 36
20 20
25 33
30 14
18 27
33 32
22 27
28 15
15 23
18 17
16 19
24 33
16 25
22 31
23 16
26 33
26 32
34 11
22 20
31 14
42 24
37 32
39 30
15 25
34 24
26 29
26 35
34 14
39 21
18 28
40 29
28 14
37 20
17 24
19 31
40 26
34 10
23 14
24 24
17 28
24 32
33 11
27 15
15 18
39 31
19 17
26 15
27 14
24 34
34 34
15 26
35 34
42 26
36 22
30 32
17 25
34 37
35 12
27 32
40 30
36 15
29 14
15 22
20 30
23 13
21 15
27 36
14 23
30 36
31 15
28 13
39 22
35 22
22 15
25 34
39 19
40 28
14 18
25 14
35 27
37 31
15 21
24 14
20 31
35 10
22 33
19 32
35 9
15 24
23 34
36 29
23 35
28 36
16 20
22 29
31 30
26 36
31 37
22 21
24 18
17 17
41 28
18 30
40 18
15 20
21 33
36 13
33 35
29 15
39 16
41 30
21 34
41 24
15 19
25 18
14 21
29 13
37 18
22 13
31 38
40 21
34 38
42 30
22 12
28 12
17 30
21 14
39 28
16 26
34 9
42 25
43 30
41 27
16 27
36 21
19 33
19 16
17 27
15 17
42 28
17 16
37 13
40 27
21 35
18 19
42 29
30 31
16 21
42 27
35 37
27 29
38 32
38 18
38 23
35 38
38 33
30 38
43 26
44 30
37 14
22 11
28 29
13 18
33 14
23 11
33 10
22 14
28 11
30 37
29 31
16 30
15 16
18 21
39 20
34 39
22 10
14 22
28 28
14 20
28 32
44 31
17 15
40 19
22 35
26 37
35 8
41 18
16 28
22 34
25 35
38 31
25 13
38 15
35 39
40 16
35 40
33 39
15 30
16 29
30 35
20 16
23 10
44 32
40 15
26 38
39 23
23 12
19 34
36 36
13 23
23 36
18 34
35 11
19 35
35 13
29 36
15 31
40 24
36 11
17 34
32 11
18 31
35 35
24 36
21 13
32 33
13 17
15 27
25 38
27 38
21 12
26 29
36 8
44 26
24 13
24 11
37 8
25 37
32 39
43 32
39 15
31 13
25 11
42 32
20 14
41 32
36 33
29 12
24 10
28 10
32 40
14 27
24 9
42 18
20 32
36 34
41 15
39 14
25 36
19 15
43 29
21 28
31 11
25 12
39 33
33 40
39 24
37 7
40 23
41 29
23 33
30 13
34 16
41 31
43 27
15 29
40 22
38 24
22 36
34 35
14 30
37 34
38 14
28 37
25 9
13 27
43 28
32 38
26 11
43 18
41 16
30 39
43 33
15 32
17 14
29 29
18 35
28 30
37 11
25 10
39 32
27 13
12 17
44 28
18 27
36 39
28 9
38 11
22 37
28 38
27 10
44 33
36 37
37 36
37 10
28 39
44 25
16 34
32 10
36 16
37 33
16 32
19 36
14 28
27 39
36 38
38 13
14 25
36 9
32 29
37 37
29 38
26 34
36 7
30 11
12 27
38 16
26 14
20 36
30 18
38 37
35 30
41 17
21 24
31 16
39 24
21 21
35 41
26 15
33 9
29 37
45 28
28 20
24 20
41 33
19 37
18 32
23 30
31 33
12 16
27 23
36 24
16 15
26 21
26 16
18 36
23 9
23 22
29 27
13 25
27 34
34 41
36 10
43 31
29 16
24 35
13 28
21 32
27 9
20 35
28 21
39 34
45 32
30 23
27 16
45 29
29 39
39 37
27 11
43 17
20 33
15 33
26 9
24 21
28 22
16 16
35 37
38 25
38 12
29 11
12 23
26 33
32 41
27 15
44 29
41 29
20 30
34 40
12 25
14 19
38 8
25 32
22 23
18 14
26 22
42 31
25 23
29 35
42 28
26 13
17 31
12 28
13 19
39 13
15 15
43 34
40 33
42 17
42 29
17 32
27 24
32 32
37 12
30 40
31 40
27 18
13 16
12 29
16 17
23 21
31 12
21 22
29 9
15 14
25 16
46 32
12 19
27 12
44 34
30 22
21 36
31 39
25 39
37 15
35 24
21 37
14 32
16 33
33 38
16 31
41 21
12 18
41 34
31 22
15 28
26 12
24 37
20 12
43 35
27 8
37 14
43 24
18 16
18 29
30 10
42 35
44 18
38 9
39 38
22 9
27 37
20 13
12 20
14 15
39 12
42 34
39 39
13 20
13 30
35 7
43 36
22 8
11 18
28 8
35 42
11 20
10 20
33 8
21 8
46 31
23 24
23 8
40 37
16 14
29 13
25 20
24 25
38 17
41 22
40 34
29 28
14 29
28 16
24 39
19 14
40 14
11 19
45 34
21 10
14 24
18 33
19 38
31 32
18 13
14 16
35 43
12 21
23 39
36 19
26 20
41 23
37 15
30 41
11 27
28 12
11 29
37 39
46 34
43 19
33 32
43 16
12 24
45 26
44 24
13 29
23 23
38 34
24 23
27 25
17 36
17 37
44 35
40 17
45 27
16 15
41 28
42 36
16 35
46 28
35 44
42 37
29 41
13 15
32 33
32 13
11 26
38 33
22 12
36 44
31 41
47 32
29 15
37 44
33 41
40 35
34 13
21 7
20 8
44 23
23 16
41 20
42 33
22 21
42 16
37 18
19 13
32 42
28 40
18 15
30 42
39 35
38 39
13 14
30 16
39 40
37 9
38 22
40 31
19 39
36 6
45 35
27 40
44 19
42 38
13 21
40 40
41 19
14 31
46 30
17 35
21 23
10 19
43 15
13 31
16 36
