1000 6
38 108
37 108
39 108
38 109
37 109
38 110
36 109
37 110
37 107
39 109
38 107
38 106
40 108
41 108
40 107
36 110
38 111
38 105
37 111
37 106
38 112
42 108
39 111
41 109
35 110
40 111
36 107
40 110
41 111
39 110
40 106
40 109
37 105
36 105
41 112
41 107
35 107
42 107
35 106
42 109
42 106
42 105
35 111
39 106
34 106
39 107
41 110
36 106
43 107
42 110
39 105
38 113
34 107
33 107
32 107
42 104
34 105
32 106
32 108
41 106
44 107
34 110
41 113
43 108
35 112
44 106
33 105
33 106
34 104
40 112
36 104
43 109
38 104
34 103
41 104
43 110
44 108
40 105
36 111
31 107
34 102
45 108
43 104
33 103
35 109
46 108
43 103
33 104
45 109
45 106
46 106
43 111
43 102
37 113
37 114
34 108
39 112
32 105
35 108
33 110
36 112
35 103
42 103
44 109
35 105
40 113
33 109
41 105
40 104
39 107
41 114
36 113
36 105
36 103
41 115
38 106
42 113
36 108
42 115
42 102
45 105
46 109
42 101
37 106
33 102
34 101
45 104
42 111
41 101
32 109
42 114
32 103
34 112
43 112
46 110
31 106
41 103
47 109
31 109
37 104
43 115
36 102
38 105
34 100
45 110
39 104
39 103
47 110
31 103
30 107
42 100
40 101
43 101
35 104
43 113
44 105
42 116
44 104
42 117
46 107
40 115
44 101
44 110
43 105
31 108
41 102
40 114
43 106
36 114
33 101
37 112
39 106
34 111
47 108
39 113
43 116
33 112
44 103
43 114
35 101
38 103
35 114
30 109
39 102
45 111
40 100
31 104
44 113
43 100
32 101
34 113
35 100
45 107
46 111
48 109
31 110
39 104
48 108
44 100
40 103
39 115
42 118
30 104
47 107
31 105
36 101
36 115
49 109
30 110
38 114
42 112
39 116
40 102
44 116
34 99
30 111
45 101
33 113
38 115
39 100
44 99
34 109
30 105
42 119
41 117
48 110
45 112
30 108
39 99
44 112
31 101
32 110
29 109
40 103
37 103
38 99
48 109
49 108
47 111
47 112
46 105
32 104
35 99
29 107
31 102
35 98
44 111
45 102
46 101
40 116
46 102
43 119
33 111
45 116
45 100
38 98
29 110
34 98
36 100
37 104
28 110
29 105
34 97
39 117
49 107
33 99
42 99
49 110
38 116
35 115
30 103
44 98
35 113
34 115
32 100
38 102
46 104
29 108
48 111
37 98
37 102
33 114
44 115
30 106
32 114
45 103
29 104
32 112
31 111
28 109
36 99
46 100
43 117
41 99
45 113
50 107
27 110
33 97
49 106
27 111
30 102
29 102
36 116
49 105
39 114
41 116
34 116
46 99
40 117
36 106
32 113
42 106
42 98
41 119
33 98
44 102
47 106
50 106
28 108
29 111
37 115
33 108
31 100
45 114
26 111
37 99
38 114
41 120
31 112
26 112
37 113
32 102
42 120
41 118
44 119
34 117
47 102
41 100
40 120
38 101
43 120
51 107
25 111
27 108
30 112
39 101
40 119
38 113
28 107
37 101
40 99
45 99
36 98
37 97
52 107
46 112
50 109
26 110
35 97
44 117
31 114
38 100
42 97
30 100
50 110
28 102
37 100
32 111
29 100
24 111
39 120
24 112
35 116
51 109
24 110
52 109
31 113
45 119
50 108
39 119
23 110
32 115
35 117
38 119
31 99
52 106
29 103
52 110
35 96
48 105
28 101
39 98
40 98
28 106
52 111
45 98
29 106
48 107
28 105
30 114
42 121
49 111
38 118
43 99
43 97
34 96
43 98
27 101
37 96
51 106
30 99
28 103
36 113
52 105
47 113
40 118
42 102
27 105
43 99
27 112
33 96
51 105
40 121
28 100
27 113
32 96
34 118
30 113
35 102
29 101
52 108
28 111
32 97
33 118
32 116
33 109
23 109
30 98
33 116
53 111
49 112
48 102
32 118
47 101
33 95
46 98
48 113
44 97
28 112
48 104
43 118
48 106
23 111
39 97
49 102
31 115
24 109
40 97
26 113
43 121
53 105
47 103
51 111
48 112
41 97
45 117
53 107
41 121
29 105
33 117
51 110
36 97
30 97
37 119
46 117
51 112
38 97
32 117
29 98
45 118
49 106
44 120
45 115
37 95
47 99
22 110
54 111
32 95
51 104
31 97
44 121
40 96
45 120
30 96
50 112
35 98
45 121
40 95
32 98
32 99
27 104
46 103
47 111
38 120
41 102
45 122
47 114
36 117
41 96
37 116
40 122
31 116
47 100
55 111
21 110
24 108
51 113
53 104
44 114
28 101
27 103
52 112
28 98
48 111
46 113
53 112
53 113
31 98
38 121
44 96
28 104
53 106
36 95
54 105
49 104
48 100
45 97
36 96
51 108
50 104
22 109
50 105
22 108
47 104
29 113
44 118
54 106
54 104
36 118
50 111
51 114
38 96
47 105
27 106
30 101
56 111
37 120
26 109
37 117
38 95
52 104
44 95
37 94
33 97
30 95
42 96
54 110
38 122
48 114
25 113
25 112
39 122
50 114
54 113
54 112
26 105
55 105
44 94
48 101
47 117
55 104
38 117
55 113
32 119
46 115
50 102
43 122
46 97
33 94
48 115
43 121
26 103
49 113
33 93
55 103
46 120
30 115
46 96
27 98
21 108
22 107
54 107
34 95
20 110
31 118
31 96
38 123
49 103
28 99
38 94
46 118
55 107
32 94
29 115
31 119
48 116
30 119
38 93
35 118
36 119
30 94
30 100
52 114
37 116
20 109
52 113
22 111
37 96
49 101
39 123
56 110
22 112
50 103
46 119
49 107
45 96
34 114
56 104
31 94
20 111
34 98
25 114
47 119
20 112
21 107
38 92
31 95
44 120
34 94
28 97
22 106
34 96
51 102
20 113
42 122
24 113
21 109
46 116
39 121
25 108
43 94
45 97
54 103
39 96
56 113
52 115
55 110
31 93
21 106
33 119
47 96
29 97
35 119
55 106
36 94
26 106
34 119
23 108
19 111
18 111
49 100
49 115
35 98
29 94
47 111
45 95
25 106
53 109
23 112
20 106
45 94
48 99
21 113
19 106
47 120
51 103
30 116
49 116
25 110
54 109
28 96
34 93
19 105
49 117
23 107
42 94
41 98
47 97
29 93
51 101
48 117
20 114
39 93
29 114
44 93
50 103
28 115
45 123
33 120
50 101
47 118
29 92
50 117
49 99
43 95
35 95
35 97
26 98
21 105
27 100
35 98
32 120
21 114
43 93
28 92
54 106
35 99
22 113
31 120
49 114
25 109
17 111
54 102
35 93
45 93
23 106
25 107
50 118
48 119
56 107
53 115
36 99
47 116
46 121
56 105
27 107
32 121
50 116
26 97
42 95
28 94
41 94
39 124
33 115
56 103
46 94
54 114
27 96
27 94
44 119
19 113
27 115
28 93
31 117
39 125
41 122
20 105
50 113
27 114
54 108
26 115
57 111
53 103
45 124
19 112
55 109
39 94
47 121
38 91
48 118
37 93
51 100
19 114
34 98
49 98
19 115
24 114
18 106
28 108
44 92
55 108
52 116
48 121
18 112
26 100
52 117
50 99
26 108
25 115
25 97
44 124
27 95
26 104
25 116
29 95
25 103
47 115
40 93
19 109
48 96
23 105
27 116
53 105
48 122
37 118
53 117
33 98
48 103
43 124
19 104
34 120
44 91
55 102
51 115
18 104
49 119
38 97
49 104
26 116
48 98
41 95
56 112
26 117
48 97
30 93
51 116
39 91
25 104
30 117
33 121
20 104
37 121
43 96
27 99
37 123
35 114
36 120
30 92
39 90
47 94
16 111
47 122
42 123
24 104
22 114
31 117
47 93
24 116
43 92
24 117
31 92
47 117
57 107
57 108
18 109
32 115
41 123
57 112
51 117
16 112
31 121
20 103
15 111
44 90
48 120
29 91
28 107
28 113
50 100
18 114
37 92
50 98
40 92
39 89
52 101
44 122
26 94
17 114
19 103
17 115
34 121
25 117
31 122
29 117
52 118
31 115
46 123
38 124
26 114
36 92
58 112
24 105
59 112
49 97
16 110
15 112
33 115
17 104
29 99
43 125
36 93
16 113
28 116
17 116
27 117
21 104
22 115
29 96
23 104
29 94
17 117
40 90
32 98
16 104
26 93
23 116
16 103
46 95
20 107
59 113
31 91
28 95
20 115
57 104
15 110
29 112
27 116
19 110
17 112
19 102
36 98
41 92
27 92
40 124
34 115
41 91
33 122
27 118
18 110
53 118
33 118
44 89
54 101
24 103
27 93
41 124
21 103
58 107
55 112
37 100
37 122
26 102
50 115
29 118
24 115
22 116
49 122
45 125
19 107
35 121
57 103
59 107
47 95
29 116
22 103
44 123
18 108
14 110
56 106
58 108
24 118
42 124
24 119
17 105
33 121
25 119
53 119
27 119
39 126
17 106
