1000 7
72 166
72 167
71 166
72 165
73 166
73 167
72 168
73 168
71 168
70 166
74 167
71 165
70 167
70 168
71 164
70 169
71 169
71 163
74 168
69 166
73 165
71 162
75 167
69 168
72 163
68 166
68 168
67 168
68 165
71 161
74 166
76 167
72 161
75 168
69 165
71 160
67 167
72 160
70 163
69 167
67 165
69 163
66 168
72 164
73 164
71 167
66 165
74 165
70 165
76 166
73 169
65 168
71 170
75 169
66 169
75 166
77 166
76 168
76 165
74 164
69 162
66 164
72 170
71 165
69 169
73 161
74 161
75 170
66 167
72 164
70 167
73 162
73 168
68 167
69 170
72 165
75 171
66 170
70 162
67 169
77 167
76 171
76 169
77 165
72 162
76 170
70 160
74 163
67 170
74 160
71 159
68 162
75 164
66 171
69 160
72 169
71 167
75 165
77 171
74 171
75 163
76 163
76 172
66 166
69 159
68 160
65 169
69 164
77 172
67 171
74 169
73 160
67 164
76 164
76 165
68 169
67 166
73 167
67 160
76 162
68 163
77 173
73 171
65 167
78 173
67 162
75 162
78 172
68 171
71 171
74 159
66 172
78 171
79 171
71 158
67 161
68 159
64 167
73 172
76 161
70 171
72 167
77 170
71 172
69 171
75 161
64 169
76 173
68 172
70 172
78 166
65 172
73 170
77 163
69 158
70 161
69 161
67 172
65 173
78 165
77 174
70 170
65 165
66 162
73 173
70 164
75 159
77 168
72 158
66 173
68 161
78 170
65 174
67 173
72 172
68 168
74 162
72 157
66 161
63 167
64 172
63 169
66 163
74 170
75 160
68 158
62 167
64 168
70 173
65 162
74 173
78 164
79 164
77 175
78 174
68 160
64 174
64 170
65 171
69 157
61 167
64 171
77 161
63 171
78 163
77 164
68 173
65 161
78 162
77 169
72 171
68 170
71 173
70 157
72 173
75 173
69 156
64 173
68 156
76 175
75 174
79 163
64 175
68 164
69 172
74 172
63 174
79 170
63 175
66 174
73 158
76 160
60 167
78 168
68 174
70 158
78 167
75 175
71 171
64 166
73 157
75 176
79 174
69 155
74 175
76 169
71 164
71 174
70 172
65 175
60 166
72 174
72 164
62 174
79 166
61 174
69 154
64 162
69 153
68 155
79 162
68 153
64 176
71 165
64 163
74 176
62 169
74 158
60 165
64 177
67 158
67 153
63 177
75 172
61 168
76 176
72 156
68 157
59 166
70 154
71 154
62 168
70 153
74 174
62 166
71 175
79 172
69 164
67 155
65 177
67 159
77 162
62 165
64 164
76 159
79 165
62 175
60 174
63 164
80 162
60 173
68 154
67 163
59 165
63 163
77 172
67 157
61 173
78 171
79 168
59 174
70 159
63 170
79 175
73 163
80 164
62 173
70 164
71 172
66 177
67 156
66 158
73 159
63 178
65 166
71 157
63 168
62 170
63 173
67 154
71 176
64 165
65 176
66 154
70 155
71 153
62 172
79 164
73 156
68 175
69 174
77 160
60 172
80 174
59 164
66 175
70 175
80 172
75 158
66 160
62 177
59 172
62 164
61 172
81 162
80 166
81 161
58 166
67 175
71 156
58 172
62 171
58 167
58 164
80 163
81 172
76 177
63 172
81 174
64 178
59 171
75 177
66 161
81 160
63 165
60 168
66 156
70 154
63 162
64 161
61 164
60 169
64 173
77 177
76 158
81 171
59 173
82 162
60 171
76 157
69 173
78 161
61 177
64 179
72 153
61 166
72 165
82 174
62 176
81 163
69 163
58 168
59 167
67 176
62 178
74 156
67 170
63 161
64 160
61 165
77 170
61 163
72 176
68 167
65 179
70 166
71 177
60 175
79 173
81 175
67 168
81 166
78 169
78 160
81 164
62 168
71 178
62 162
79 169
72 178
70 177
60 176
57 168
62 163
72 175
61 178
61 179
59 172
74 157
58 173
73 174
82 166
60 179
60 177
58 163
82 165
68 166
80 167
65 170
61 162
83 162
64 180
73 175
67 152
66 153
58 165
70 178
63 180
77 161
69 168
67 151
61 180
73 153
78 175
73 155
75 171
78 177
63 176
76 172
70 179
59 169
63 181
67 174
60 180
72 154
82 164
63 166
61 176
80 171
71 179
57 172
65 163
65 153
57 173
66 157
59 175
79 160
73 178
82 167
82 163
56 172
58 169
65 152
78 159
73 152
60 164
69 166
82 168
66 152
74 177
61 170
83 174
74 174
77 159
80 173
82 173
64 153
62 181
66 151
59 176
83 167
80 163
57 163
83 164
57 166
70 170
59 179
58 162
59 168
71 152
77 158
61 169
82 160
73 179
63 179
65 154
59 180
57 164
72 179
68 168
74 152
63 169
82 161
81 176
80 169
83 165
75 152
70 168
79 161
64 159
75 153
61 171
62 169
60 163
56 166
60 181
57 174
55 172
70 156
83 160
56 171
82 175
77 157
57 167
76 156
81 173
82 171
63 168
80 160
58 171
76 174
66 179
54 172
74 151
72 152
77 156
80 170
56 170
76 153
70 152
82 176
80 161
58 180
54 173
54 174
66 159
84 167
63 160
68 151
69 178
53 172
75 178
73 180
53 171
54 175
81 168
82 159
65 155
69 175
56 169
62 180
78 156
79 159
70 169
66 150
55 175
77 155
53 170
79 176
59 181
57 175
77 176
59 162
62 179
64 181
54 171
58 181
56 174
81 165
68 150
54 176
84 160
59 163
67 150
79 177
59 170
61 161
63 159
63 153
84 162
75 151
76 151
70 166
66 149
64 182
56 175
54 177
58 179
62 166
65 156
75 157
69 177
63 179
76 178
56 167
66 180
63 163
62 180
65 159
61 175
67 180
80 176
75 150
60 170
72 180
76 179
60 161
72 181
65 182
62 153
84 159
57 179
85 159
53 177
84 174
62 182
69 150
60 165
58 170
65 150
86 159
60 182
83 173
74 155
72 151
61 170
74 153
62 152
64 150
84 164
65 160
55 171
83 166
82 177
62 161
65 158
64 151
74 150
65 181
67 177
59 168
59 177
60 166
63 150
74 179
74 149
62 164
84 166
64 183
61 182
76 155
72 150
68 152
64 160
67 179
57 180
81 174
85 174
81 159
85 162
84 161
62 167
86 160
73 151
71 151
61 164
75 155
79 178
58 177
61 183
60 167
67 181
69 179
76 152
55 173
87 159
80 165
84 173
61 181
52 171
81 170
63 158
53 176
66 155
76 180
58 161
55 167
55 169
61 184
74 180
63 183
65 159
63 165
57 162
56 163
86 158
72 159
58 176
56 165
85 167
63 152
57 177
62 150
82 169
83 177
63 157
54 170
84 177
74 158
87 160
85 168
67 178
66 178
53 175
61 160
75 154
63 151
78 155
52 177
75 156
75 180
61 168
81 169
63 182
75 179
58 160
68 170
85 161
85 173
88 159
80 178
57 160
57 169
59 160
53 169
81 158
80 177
64 158
52 169
68 177
55 170
86 157
71 180
61 153
70 176
56 162
88 158
57 171
66 166
56 164
77 153
59 178
60 178
83 169
67 149
86 174
58 159
84 176
63 166
56 161
57 181
76 157
77 180
65 149
73 154
76 154
68 169
88 160
66 181
61 154
61 155
74 178
64 184
82 172
67 169
85 164
64 149
89 160
87 158
77 154
86 156
55 164
73 161
84 168
86 155
60 160
68 179
64 152
58 178
83 172
81 157
58 167
84 175
59 169
71 165
65 178
51 177
58 175
87 156
74 181
54 167
82 158
56 176
76 156
61 156
77 171
79 170
84 163
65 184
83 175
78 154
65 183
52 176
71 161
51 171
60 153
59 166
62 184
64 156
53 168
69 167
64 163
56 160
72 182
88 156
60 183
85 175
85 169
81 160
62 183
57 161
60 155
53 167
61 159
73 160
66 178
54 164
56 181
68 167
82 157
68 181
70 170
78 180
85 156
68 176
76 177
85 157
62 157
70 180
73 182
62 185
52 178
55 181
58 158
85 165
55 162
61 167
57 165
85 170
78 176
54 178
66 176
68 175
79 171
87 174
71 179
78 178
58 157
80 175
54 162
85 171
66 183
64 185
53 162
68 178
77 151
73 150
85 177
71 162
51 170
67 148
52 162
73 181
60 154
84 178
54 181
56 177
62 158
57 176
51 162
89 161
55 163
55 176
87 157
68 182
56 182
82 156
55 161
84 165
79 167
68 148
69 148
52 163
51 161
65 180
87 155
84 170
80 168
51 178
62 155
59 154
77 178
63 155
55 178
76 155
79 166
56 173
66 182
79 156
51 169
54 168
83 159
59 182
89 158
86 169
62 154
82 178
71 163
69 149
72 160
60 159
63 156
84 169
54 166
72 183
69 168
52 168
53 161
65 185
86 161
83 158
83 161
82 155
77 167
52 167
57 182
79 157
69 152
74 182
61 185
59 153
55 180
88 161
56 159
72 155
52 179
81 177
83 170
51 167
79 179
