1000 8
123 37
124 37
124 36
122 37
125 37
121 37
121 36
121 38
122 36
120 38
122 35
122 38
120 37
125 38
125 36
126 38
124 38
121 39
123 38
123 35
124 39
124 35
125 35
120 36
119 37
123 34
124 34
119 36
118 36
122 39
119 35
119 34
126 35
126 37
118 34
123 36
120 35
120 39
118 37
119 39
122 34
127 38
120 40
119 36
121 34
126 36
117 36
123 33
123 39
124 40
119 38
119 33
126 34
127 39
124 41
117 34
121 40
117 33
122 33
127 36
125 34
120 33
125 33
118 39
120 41
128 36
121 33
123 40
122 32
125 39
120 32
120 42
124 37
120 43
117 37
128 39
126 39
118 33
122 40
129 39
127 40
129 36
120 34
129 37
120 44
121 43
116 37
121 32
119 40
119 43
130 39
120 31
129 40
117 39
128 38
118 43
130 36
124 33
121 44
118 38
120 36
125 32
120 45
118 44
119 42
130 37
124 42
123 41
116 34
127 41
128 41
119 44
123 42
124 32
124 43
125 42
127 34
118 35
116 38
118 42
118 41
125 40
119 36
124 31
122 44
128 37
120 46
117 41
123 43
116 41
116 40
129 38
126 42
122 31
127 33
128 35
117 38
121 46
131 36
118 45
120 47
119 47
127 42
121 45
127 35
129 35
123 32
127 43
126 41
118 32
119 41
131 39
118 40
124 44
118 46
128 33
123 31
118 31
131 35
124 30
127 32
127 44
116 36
125 41
119 46
117 43
132 35
115 41
122 46
119 45
127 41
132 36
115 42
126 33
129 33
117 35
114 42
132 39
116 42
113 42
126 40
117 31
128 32
120 30
112 42
115 43
122 42
129 41
128 38
120 48
123 44
116 39
120 49
126 32
111 42
118 47
128 42
123 46
130 38
114 43
118 34
121 42
112 41
128 31
116 33
131 34
119 30
117 46
115 37
129 32
117 47
123 47
116 32
112 43
131 37
113 41
114 37
126 43
119 29
116 47
121 41
128 30
125 44
122 41
121 49
115 34
115 36
131 40
121 47
115 39
131 33
119 32
125 31
117 32
112 40
128 43
126 44
115 38
116 35
127 45
117 45
128 29
122 49
132 38
117 30
120 32
132 33
114 44
128 45
130 34
133 33
119 48
111 43
129 43
115 44
113 37
129 44
116 30
133 34
112 44
129 30
134 33
115 35
116 45
134 34
110 43
127 37
130 32
117 44
125 43
118 29
122 47
127 46
124 47
119 31
126 45
117 42
130 40
118 30
110 42
119 49
135 33
125 30
113 38
121 50
134 32
111 41
126 31
123 48
130 44
118 48
117 29
126 46
129 31
114 41
115 40
109 43
115 30
115 29
130 43
115 45
114 29
125 45
133 39
130 31
119 28
114 34
116 43
131 32
115 46
114 30
124 48
120 29
135 34
133 35
114 33
113 36
122 45
112 38
127 30
122 48
129 29
113 43
130 42
133 38
116 31
129 28
111 38
133 32
115 33
121 31
115 32
128 44
122 46
116 46
121 35
114 38
124 29
125 48
114 31
109 44
113 30
135 32
111 37
117 40
114 45
114 40
130 28
130 33
114 35
122 30
134 38
112 37
132 40
109 45
109 42
124 46
110 45
131 31
110 37
116 44
117 48
131 44
134 39
108 43
125 49
126 30
134 31
132 41
129 45
112 30
112 39
113 44
124 45
121 51
110 38
125 47
116 48
111 44
110 36
129 27
134 30
117 28
131 28
133 37
130 45
128 46
113 39
120 51
123 30
110 41
135 35
121 30
125 46
116 49
123 45
110 40
112 29
114 32
124 49
134 37
135 38
124 46
128 40
111 29
131 42
126 29
119 51
130 46
120 50
128 27
134 35
119 50
131 29
136 32
132 29
123 49
124 50
133 40
132 32
131 43
120 50
112 28
118 51
113 28
110 46
125 45
116 50
111 28
132 37
130 27
122 43
129 34
113 27
114 30
115 49
113 26
132 31
132 30
118 49
115 50
134 40
113 45
133 41
111 30
134 41
132 28
114 46
116 28
112 45
130 35
122 50
121 52
117 50
109 37
114 50
129 46
124 51
116 45
131 46
109 36
116 29
134 36
129 42
117 27
107 43
122 29
112 26
109 41
122 28
111 46
131 30
126 47
110 29
111 39
117 51
114 26
116 27
135 41
118 52
122 27
128 42
107 42
117 49
114 51
114 36
126 49
107 44
109 46
133 30
111 40
113 32
113 31
113 29
108 45
129 40
122 31
124 28
135 40
121 53
113 50
121 29
118 50
111 31
127 31
136 34
137 32
136 35
121 48
118 28
111 26
110 39
127 49
114 39
132 42
109 47
111 25
114 28
131 41
125 28
122 51
126 50
118 53
114 52
127 42
113 40
123 29
114 25
126 41
132 44
123 27
136 41
109 39
114 42
110 26
123 50
110 44
133 40
112 27
133 42
115 47
115 28
130 26
113 33
115 48
133 44
126 48
113 49
110 31
135 30
125 46
124 27
113 35
128 34
117 53
134 42
108 47
109 48
116 26
130 41
110 30
136 38
113 46
112 35
131 27
111 32
124 38
136 42
124 26
122 53
131 47
131 26
112 34
124 36
114 49
118 54
113 25
128 49
137 41
124 39
125 37
123 53
123 51
108 46
114 48
109 49
130 30
125 27
116 49
127 40
131 38
106 43
128 28
126 40
114 41
116 42
112 36
110 28
111 33
123 54
123 26
129 49
120 52
115 49
108 49
128 50
108 37
114 50
136 39
118 27
127 34
112 33
109 40
126 35
116 25
138 41
125 26
139 41
114 32
119 53
127 28
116 24
133 31
115 25
129 50
122 54
110 48
112 32
121 27
121 26
110 33
127 41
131 48
134 44
127 27
137 39
111 24
136 31
114 35
135 42
114 47
111 45
139 40
108 38
128 26
106 42
110 34
113 34
135 37
132 43
131 49
131 25
138 42
137 35
113 24
110 27
126 26
108 41
117 46
108 39
123 55
111 36
110 35
126 28
110 49
122 26
118 48
111 35
106 44
125 25
126 44
107 45
132 27
124 37
124 55
137 42
129 47
128 47
118 47
126 27
115 52
109 34
115 42
110 50
125 36
109 35
125 50
115 24
110 47
127 35
121 28
132 46
121 29
137 38
119 48
115 31
120 26
109 38
138 43
128 48
125 55
125 29
118 26
132 34
133 46
112 49
124 52
127 31
137 36
120 48
126 42
134 46
113 23
135 31
135 44
136 30
133 45
118 55
138 40
113 52
126 55
106 41
105 44
109 29
125 56
123 38
120 27
107 37
134 29
109 30
138 44
124 34
108 48
110 32
114 23
132 47
138 36
127 48
133 43
132 30
117 55
138 37
135 46
128 25
138 38
129 51
121 25
130 50
127 55
127 29
137 34
136 29
112 52
132 48
125 57
135 36
106 45
116 55
117 56
130 25
127 25
112 46
137 37
124 53
134 45
115 26
131 41
127 54
113 47
125 35
114 40
108 34
109 26
116 54
138 45
132 45
113 48
109 27
132 42
132 41
139 43
113 53
121 54
107 39
132 49
120 25
138 39
119 27
139 37
140 37
127 24
107 34
137 31
117 25
139 38
106 37
123 52
141 37
110 51
128 32
120 28
112 51
125 30
133 27
109 28
104 44
119 52
126 29
114 22
115 29
114 36
108 29
108 40
138 46
135 39
106 38
129 26
131 45
136 46
129 25
106 40
136 36
125 33
104 43
103 43
107 36
114 24
127 47
118 56
133 48
124 57
133 36
139 45
105 37
119 26
128 54
119 28
137 29
138 32
109 50
111 52
131 24
107 48
135 47
109 32
108 35
126 24
117 57
136 44
128 51
127 33
115 27
111 51
131 44
105 41
131 43
116 49
131 41
138 29
116 53
131 23
107 49
106 36
134 48
139 42
140 36
109 31
107 35
118 28
116 52
138 31
111 47
105 43
111 53
130 23
133 29
125 31
130 47
139 29
111 27
102 43
105 42
122 55
139 31
136 37
111 50
121 55
129 24
140 38
107 38
122 56
139 46
137 44
122 25
125 51
139 36
125 34
127 56
140 46
125 24
123 25
140 39
106 39
105 40
120 24
106 49
136 47
110 53
129 48
126 56
139 39
108 44
110 24
120 55
124 56
113 51
140 31
127 57
108 26
137 30
140 32
133 28
138 30
107 41
130 24
126 34
126 57
135 48
111 23
117 26
138 28
108 30
113 54
109 51
111 34
108 31
134 43
133 26
112 54
127 23
133 47
132 24
128 55
115 54
119 54
130 51
122 52
123 28
111 22
109 33
111 48
104 45
128 52
118 25
103 45
139 30
122 57
128 24
116 26
130 52
102 44
141 32
128 56
117 58
106 48
136 28
123 39
126 30
140 43
125 52
134 49
125 34
140 35
111 49
124 58
134 50
131 50
138 35
112 47
104 46
113 22
141 43
126 25
119 27
123 57
137 33
138 47
107 46
116 56
141 42
124 38
119 24
135 43
117 54
111 34
111 54
142 42
137 40
129 55
104 40
