1000 7
159 176
158 176
158 177
158 178
159 178
159 177
157 178
157 179
156 178
160 176
158 179
160 175
159 175
159 179
160 179
159 174
158 178
160 177
160 178
155 178
155 179
159 180
154 178
160 174
161 176
161 174
157 176
161 179
157 175
162 176
161 177
159 181
158 181
162 177
157 174
162 179
159 173
158 173
161 175
156 175
155 177
155 175
156 176
155 174
158 174
157 177
159 172
159 182
161 178
155 173
161 173
156 177
161 180
157 181
160 173
160 172
159 171
153 178
162 178
156 173
160 180
152 178
159 183
163 176
154 179
160 183
160 184
155 176
158 180
154 174
157 180
159 170
153 177
160 181
154 175
161 172
161 171
158 171
160 171
162 175
152 179
157 182
159 169
155 180
154 180
161 183
153 175
162 173
154 177
162 171
163 173
163 172
160 182
153 179
162 180
156 181
156 180
161 181
163 175
163 180
158 170
156 179
157 170
162 172
155 172
152 180
160 169
163 178
160 168
161 182
163 177
160 185
164 178
156 174
162 183
153 176
164 177
160 167
163 181
151 178
162 182
157 183
161 185
155 178
158 183
161 186
158 175
154 181
151 180
152 177
162 181
154 182
164 173
159 167
157 173
162 174
156 172
152 176
160 170
157 184
157 171
164 176
164 180
163 182
164 172
165 173
165 177
154 173
151 181
160 166
162 186
151 177
155 171
153 182
165 180
158 184
161 187
159 166
161 169
159 170
158 185
158 172
154 183
158 167
164 182
158 166
160 165
150 178
165 182
159 185
163 186
155 181
149 178
164 183
162 187
162 169
156 184
153 173
157 169
162 170
160 182
156 183
149 177
164 181
165 172
164 175
148 177
158 182
154 176
161 167
156 182
159 184
153 174
150 179
163 187
163 174
161 168
150 180
166 173
149 179
164 171
163 175
157 185
150 181
152 175
152 181
158 165
158 186
157 186
164 170
163 169
155 184
164 179
157 168
157 187
152 174
165 171
151 182
163 183
165 183
163 170
158 168
153 181
166 172
158 187
157 166
157 172
155 182
152 182
162 184
163 185
159 187
157 188
156 169
159 186
151 183
148 176
165 184
157 167
149 176
151 175
158 186
148 178
165 176
156 187
158 164
166 180
156 186
150 176
154 172
163 171
159 168
164 184
160 164
166 176
166 177
163 179
165 181
163 182
153 183
159 188
165 178
167 176
159 183
167 173
159 189
156 185
162 179
161 170
156 167
161 164
156 182
157 167
161 179
161 184
165 185
153 172
154 184
158 173
163 180
165 175
155 167
164 185
165 174
147 177
157 165
155 169
157 189
167 174
168 173
161 166
160 189
162 168
163 168
168 176
157 190
162 167
155 168
162 188
166 184
158 171
156 190
166 185
157 191
148 179
166 181
160 163
158 190
157 192
155 170
146 177
156 165
162 185
162 164
156 192
164 169
158 183
164 174
165 186
158 169
167 172
164 186
169 173
152 172
166 178
161 188
160 187
169 176
167 184
168 177
149 180
157 164
166 182
167 180
159 164
146 176
165 187
151 176
158 176
169 177
169 175
163 167
145 177
156 171
150 183
150 177
162 163
154 170
169 172
156 170
170 172
156 188
158 189
169 171
155 185
153 180
162 162
155 186
153 181
152 173
167 181
158 163
153 171
168 184
168 185
166 186
168 175
150 175
146 175
154 167
163 164
164 167
154 185
158 191
159 190
164 164
164 168
147 175
154 169
164 163
156 168
155 183
168 181
164 181
165 188
163 163
164 187
161 165
160 164
145 178
161 162
153 185
148 175
163 162
159 191
164 162
152 171
145 176
162 165
163 166
154 183
158 188
166 179
167 183
158 189
166 181
159 165
169 181
165 167
152 170
166 174
158 172
153 167
168 186
165 169
162 175
163 175
148 174
162 177
164 186
158 162
161 165
169 180
145 175
153 170
170 180
165 181
160 186
168 174
162 161
166 169
163 172
169 185
167 177
149 181
168 172
167 169
164 161
160 190
162 169
157 163
158 192
164 176
162 171
165 168
161 174
156 189
168 169
150 184
168 180
167 171
162 174
153 169
169 179
155 189
153 166
163 188
160 191
160 176
150 174
158 161
158 188
156 166
160 162
151 171
165 179
165 173
153 184
167 186
147 176
149 184
162 173
159 174
148 180
167 182
158 160
162 172
151 172
163 172
144 176
161 191
168 170
152 167
150 173
152 183
170 177
166 181
160 161
159 160
163 174
159 177
162 160
157 160
158 193
157 159
155 190
157 158
153 186
165 161
169 174
165 176
161 163
165 189
164 166
169 184
170 176
165 174
169 180
166 187
171 180
151 167
158 159
153 165
145 179
144 178
167 179
156 193
171 176
152 184
163 184
160 177
153 187
146 179
164 174
146 178
163 178
164 175
154 168
166 161
156 158
152 169
165 170
158 194
166 167
164 165
170 173
156 163
156 162
153 188
151 170
172 176
159 163
159 162
156 157
165 160
157 194
155 157
159 161
167 168
161 189
144 175
163 189
170 174
155 191
162 166
168 182
152 187
147 179
166 168
159 193
170 171
155 188
165 159
157 157
160 193
154 190
154 166
160 192
160 160
156 164
154 186
151 179
155 158
154 171
163 160
166 175
152 179
168 171
166 160
161 161
154 157
150 171
163 159
165 164
171 172
161 160
149 173
149 182
172 177
155 192
157 193
166 166
171 174
161 190
162 189
165 163
170 170
171 175
164 160
167 175
150 185
159 194
157 195
146 180
161 172
154 165
163 161
151 174
154 188
143 178
148 173
168 168
167 166
165 165
157 161
171 177
152 186
163 165
144 174
154 175
154 176
160 159
166 171
154 164
159 159
149 175
150 167
173 177
167 160
164 188
153 177
154 163
172 175
154 191
153 163
155 177
168 178
169 174
155 163
167 178
148 182
149 167
156 156
166 189
171 173
173 178
152 166
148 184
147 178
167 187
143 175
167 167
159 158
158 189
166 183
169 186
166 162
153 190
156 155
159 187
154 187
156 191
150 186
171 170
150 182
162 176
154 162
169 178
148 181
162 159
150 166
166 164
151 185
151 184
156 154
161 192
153 175
142 175
143 177
149 166
148 185
174 177
143 176
149 171
154 161
170 173
173 175
167 161
165 185
167 188
157 154
149 186
152 163
150 187
172 174
154 160
166 186
148 172
173 179
142 178
151 166
152 165
157 153
142 179
154 158
171 169
155 154
169 170
152 164
171 181
165 183
142 174
166 163
164 183
167 162
146 181
151 164
170 184
151 180
152 188
155 153
169 168
170 185
153 191
172 180
153 189
147 174
170 179
151 169
172 170
153 158
168 183
149 168
144 179
144 177
175 177
156 159
148 186
155 152
147 184
148 167
153 159
154 189
142 180
149 183
160 175
150 169
159 192
171 178
174 176
172 172
167 185
173 174
174 175
153 162
149 185
173 180
147 182
152 185
154 178
155 179
166 159
162 191
152 162
157 156
164 165
155 164
155 159
156 153
147 180
151 165
162 164
168 166
165 190
158 154
174 180
161 164
154 179
150 188
170 186
173 170
168 188
174 181
155 193
175 175
153 157
169 183
158 195
156 152
142 177
153 156
171 179
143 180
148 171
169 169
155 166
162 158
150 165
170 187
166 158
151 162
147 167
153 168
158 196
148 166
175 181
141 177
152 191
155 187
158 165
157 155
152 165
157 152
143 181
151 168
156 195
152 192
162 163
154 177
161 193
159 190
168 179
171 184
154 154
152 189
153 155
151 188
144 180
157 151
156 179
156 188
172 178
158 153
174 170
174 174
149 188
169 167
159 196
155 179
152 155
165 166
175 170
154 156
170 168
165 184
146 174
150 189
155 161
172 179
149 189
152 159
163 164
148 168
160 165
161 162
176 170
152 160
162 162
158 151
174 178
154 193
148 187
155 195
146 184
149 182
146 185
173 171
159 165
148 183
155 196
150 170
155 162
152 158
164 159
169 188
167 189
158 194
175 180
176 171
168 178
151 186
146 175
157 196
153 154
151 175
162 157
172 171
156 151
166 188
145 174
155 155
174 171
171 185
159 153
175 182
169 189
158 197
163 190
172 185
148 169
147 172
160 172
149 190
156 194
141 179
146 182
151 160
174 182
167 163
176 180
167 165
172 184
177 170
147 186
172 173
175 183
157 150
171 186
149 169
151 173
159 197
143 174
167 158
164 190
153 161
177 180
147 173
147 185
156 192
150 172
171 187
176 182
156 166
175 179
176 169
160 158
168 165
148 188
145 182
144 182
168 161
163 191
169 166
152 154
176 177
148 165
156 193
166 190
149 187
142 181
176 175
153 193
176 178
148 185
169 190
153 160
143 173
178 180
168 164
162 170
161 194
150 176
151 158
171 188
149 174
145 180
167 164
160 188
145 181
158 157
148 164
173 172
147 169
159 191
151 189
161 158
149 170
170 189
172 181
174 179
167 161
153 153
171 171
157 179
159 164
156 196
175 184
175 176
147 164
160 197
167 157
151 190
170 178
170 169
152 188
160 164
162 190
153 152
147 181
177 171
