1000 10
152 71
151 71
150 71
149 71
149 72
148 72
150 70
152 70
152 72
152 73
153 71
152 74
147 72
150 69
151 70
149 69
150 72
153 72
146 72
146 73
151 73
148 69
153 74
145 72
151 72
145 73
154 74
148 68
147 71
151 71
149 70
152 75
149 68
145 74
151 69
152 76
152 69
148 71
144 73
153 76
153 75
154 76
147 68
151 74
153 70
154 71
149 73
147 69
155 74
155 71
156 74
150 74
151 75
147 67
154 77
145 71
155 73
154 72
155 75
152 77
155 72
156 75
156 73
144 74
155 76
154 78
155 77
144 75
147 73
153 78
144 72
157 75
153 73
146 71
152 78
143 74
150 73
142 74
148 73
151 76
155 78
151 78
150 76
152 68
148 67
156 71
154 79
146 69
154 70
149 67
150 78
154 69
150 75
154 80
152 79
158 75
156 77
157 71
158 76
152 70
153 77
159 75
148 74
145 75
147 70
153 69
155 69
143 75
145 76
145 69
143 76
151 68
152 80
157 74
146 76
148 66
143 72
149 76
148 70
141 74
158 77
151 77
145 68
150 79
149 79
145 67
153 80
155 79
155 70
142 72
149 75
143 73
148 72
141 73
155 68
156 68
143 77
149 71
144 68
157 76
148 67
144 67
149 80
146 67
150 67
140 74
156 70
146 70
143 71
151 67
154 68
145 66
156 69
144 66
142 71
140 75
160 75
150 77
157 70
148 65
158 70
159 76
144 77
148 75
149 66
160 74
152 67
143 70
154 75
140 76
155 80
144 69
143 68
141 76
148 80
144 65
142 70
143 67
151 80
140 77
148 81
148 71
141 75
153 79
149 77
158 74
147 75
142 77
143 65
148 82
157 69
142 73
139 76
154 79
142 76
149 67
146 77
151 79
150 66
158 71
158 72
149 82
150 65
156 76
157 77
158 69
147 81
159 77
161 75
146 75
150 80
162 75
155 81
140 78
148 67
146 66
158 68
145 77
154 67
139 78
144 78
139 75
153 67
162 76
159 72
149 65
138 75
153 81
147 82
146 74
142 65
160 72
160 71
159 69
144 71
160 77
152 66
140 79
141 78
156 78
142 67
147 74
149 74
151 79
160 78
163 75
141 71
144 79
149 78
153 82
154 73
149 81
146 65
152 74
161 78
162 74
138 76
138 78
149 83
138 77
161 74
147 83
153 68
156 79
146 81
151 78
154 81
139 79
145 81
159 78
152 73
146 78
161 77
139 77
161 76
160 76
146 80
147 77
159 79
160 73
147 66
147 65
151 81
141 79
156 67
146 82
148 79
151 76
160 79
144 70
160 80
145 82
148 77
148 78
159 68
141 77
146 64
154 66
158 67
148 76
145 79
150 79
151 82
146 68
161 79
149 67
147 79
152 75
147 64
146 79
151 74
162 77
163 77
145 78
140 73
142 69
147 76
161 72
142 64
158 73
150 77
162 79
149 64
158 66
148 76
141 70
153 83
160 70
141 69
155 67
144 64
161 73
160 69
159 80
142 63
139 73
138 79
150 81
142 62
158 79
158 80
152 76
150 82
151 66
156 72
137 77
138 73
144 63
137 79
162 80
152 81
143 63
146 83
141 72
157 68
141 63
154 65
157 78
158 65
152 82
153 66
155 82
145 64
151 83
152 65
159 65
142 68
145 63
140 71
149 84
159 71
140 63
162 73
142 78
152 83
153 84
158 78
153 76
143 79
142 79
136 77
145 65
154 76
147 66
159 66
157 72
141 62
141 65
160 66
137 73
153 65
159 70
136 73
143 62
145 83
153 85
154 84
154 83
148 83
136 76
135 77
148 67
140 72
158 64
158 81
140 64
137 78
137 72
157 81
150 64
137 80
163 80
159 73
150 68
145 70
157 64
149 82
162 81
136 79
145 80
141 68
160 65
161 71
151 84
143 66
144 62
135 73
157 65
155 83
144 61
149 76
145 62
147 80
145 84
142 80
147 84
148 84
160 64
157 63
151 85
141 61
163 76
144 84
140 68
143 69
141 60
138 72
135 74
144 83
161 66
160 68
136 78
159 81
150 84
142 66
142 60
161 70
139 64
159 70
151 77
139 80
149 63
135 75
137 75
141 78
160 67
139 65
162 71
146 63
142 61
156 64
158 63
142 75
160 81
153 64
147 63
149 81
137 71
144 85
156 81
139 66
141 66
143 61
136 74
141 64
161 69
147 78
159 80
138 71
153 63
139 71
140 67
155 66
155 67
157 67
142 59
151 86
150 81
157 80
143 80
158 62
153 69
140 66
134 77
146 84
136 71
163 81
151 64
156 82
150 83
161 68
163 79
140 65
140 62
143 84
143 85
138 64
152 84
151 87
154 63
153 86
147 85
145 85
145 84
143 59
157 66
147 68
160 63
143 81
140 69
149 85
136 72
135 71
158 65
154 64
154 86
154 87
139 72
148 63
136 70
144 59
155 65
143 58
139 74
156 63
164 80
152 83
140 80
164 79
154 69
159 67
150 85
149 62
160 82
161 82
150 87
136 80
164 75
143 60
139 68
160 83
144 76
164 74
164 73
155 87
154 82
149 86
144 58
154 85
164 72
138 74
156 68
134 73
137 64
142 81
155 64
155 88
162 69
140 60
153 62
143 57
159 83
159 62
134 72
155 89
138 63
145 59
145 58
164 71
161 67
146 58
161 64
159 69
156 80
140 59
139 81
144 82
155 63
159 63
150 74
158 69
147 86
148 82
148 62
164 81
144 60
146 85
163 74
135 72
161 80
152 87
151 63
160 84
161 84
141 67
155 84
157 82
143 83
159 84
144 80
136 81
164 77
151 62
164 76
158 61
143 64
142 84
165 80
140 81
166 80
142 57
162 78
152 77
154 66
152 88
161 74
156 62
137 74
153 88
159 79
139 62
134 71
136 75
165 81
140 70
156 65
134 74
165 79
142 82
148 86
142 56
165 73
149 68
152 89
151 89
161 81
158 84
134 78
165 77
137 65
161 79
146 86
137 76
148 85
139 61
144 86
163 82
139 70
133 78
165 71
154 81
158 82
137 81
156 66
139 67
152 75
153 61
141 59
165 70
165 74
156 84
141 65
152 63
160 62
141 84
160 79
165 75
133 79
152 74
166 70
165 72
166 72
153 76
145 61
160 70
142 69
142 85
144 87
152 86
139 69
141 70
139 82
146 82
133 72
156 89
166 73
160 75
152 90
143 86
141 85
161 75
151 90
162 66
161 85
166 81
166 74
138 66
136 82
140 84
142 86
132 72
140 58
167 74
140 82
166 82
132 79
166 75
147 77
141 57
133 73
161 62
135 70
141 86
149 61
140 83
159 85
133 80
152 85
157 84
153 90
151 76
161 78
156 90
150 90
151 77
167 73
162 64
145 60
160 80
162 85
139 63
163 85
165 76
141 58
155 86
134 70
161 79
150 88
153 87
164 85
159 86
163 72
133 81
138 62
161 61
143 78
148 75
155 81
142 58
166 76
138 65
149 60
137 62
158 85
153 89
166 71
132 80
138 69
167 71
150 91
144 77
156 86
155 85
162 82
154 61
140 86
163 83
167 81
131 72
136 69
165 72
163 86
152 62
154 90
135 78
137 66
132 78
139 59
165 82
154 62
148 61
141 83
154 89
136 83
141 75
165 69
153 91
133 77
156 88
154 81
161 76
163 78
154 88
135 69
139 58
168 74
138 67
159 87
147 87
166 79
150 86
155 84
155 61
132 81
146 59
169 74
148 64
145 79
165 83
144 78
131 79
164 83
162 65
159 74
139 60
161 60
162 84
162 83
136 64
163 87
163 69
144 88
151 79
156 87
151 61
150 61
155 80
150 63
150 89
157 83
133 74
165 85
142 75
163 71
140 87
146 87
142 55
159 88
167 76
153 92
137 69
160 61
164 74
167 77
160 85
152 61
160 86
162 70
162 87
138 59
157 61
134 76
165 78
165 86
137 63
157 62
139 57
150 62
166 78
153 83
138 58
137 70
152 60
146 62
131 81
166 85
136 62
132 74
146 57
149 90
167 75
148 63
130 81
155 90
164 78
131 82
154 86
150 92
152 76
130 80
168 73
148 78
165 87
152 83
141 87
137 58
164 84
140 88
135 81
166 77
161 86
165 88
137 82
163 66
134 80
158 86
162 88
161 59
145 87
145 57
145 88
162 89
169 73
163 73
135 64
139 83
169 72
167 80
155 62
132 73
133 71
139 56
139 84
157 79
134 81
157 88
142 83
164 88
158 87
132 82
162 67
138 81
156 61
153 93
163 89
133 76
139 55
154 91
154 92
160 78
165 89
163 88
145 56
142 54
166 88
144 64
151 78
163 67
132 75
149 64
154 60
139 87
143 54
165 84
166 83
167 72
169 71
133 82
134 75
161 88
157 86
143 87
138 57
136 84
159 61
135 62
152 92
147 61
156 85
158 83
163 70
138 60
151 60
135 82
152 61
137 57
164 87
161 58
145 86
135 63
148 64
154 93
137 84
141 82
136 58
135 79
161 77
165 90
162 68
162 59
