1000 6
196 65
196 66
195 65
197 65
196 64
196 63
195 63
195 66
197 63
197 66
198 65
195 62
198 63
194 62
198 62
199 62
197 67
194 65
195 67
195 68
198 67
196 62
198 66
194 64
193 64
193 62
192 62
199 63
195 61
194 67
199 61
195 60
199 60
194 66
193 65
197 62
197 61
192 64
192 61
199 64
195 64
194 63
198 61
191 61
200 63
193 66
199 59
195 59
190 61
191 60
193 61
198 68
192 60
197 60
195 58
197 59
198 60
199 65
199 67
193 60
192 65
200 64
193 67
190 62
189 62
195 57
193 63
197 64
199 68
192 67
193 68
200 61
192 68
196 65
198 59
192 59
192 69
195 69
190 63
196 67
194 59
188 62
195 63
195 70
194 61
200 59
199 69
200 65
192 63
191 64
192 66
200 69
196 59
198 69
191 62
193 59
196 68
194 70
198 58
194 60
191 68
194 68
189 63
190 64
190 60
191 63
191 59
188 63
200 62
194 58
193 58
195 64
196 58
188 64
194 71
196 64
191 65
200 60
200 68
196 60
194 69
194 72
199 66
193 69
189 61
191 61
192 58
193 71
193 72
200 67
193 70
190 62
192 71
196 69
200 58
200 57
196 70
187 62
195 67
191 58
190 68
193 57
199 57
191 71
197 70
191 60
191 67
197 69
196 61
190 59
198 70
194 59
195 63
189 60
199 56
194 69
189 59
196 57
192 57
193 71
195 71
188 61
189 58
190 65
195 65
191 70
187 61
190 67
193 73
190 66
198 57
198 64
190 70
200 66
190 58
188 58
189 57
189 68
190 69
192 56
192 72
187 63
189 70
189 56
189 65
193 56
193 74
194 74
189 64
188 70
194 57
193 55
191 66
194 55
199 58
200 70
187 58
192 67
192 55
188 56
188 55
186 61
186 62
191 57
195 72
195 56
188 60
190 56
189 71
200 71
197 57
193 54
189 55
188 68
188 59
187 60
186 60
188 54
187 59
194 73
187 70
188 67
200 72
195 73
200 56
186 70
191 69
196 71
188 69
200 55
195 74
190 55
196 74
198 56
200 73
189 72
185 61
191 72
187 55
190 57
189 66
191 59
184 61
197 56
197 68
195 55
200 54
196 55
198 55
195 54
194 54
195 53
196 75
195 75
189 54
189 53
192 73
199 72
187 64
197 74
195 76
194 76
198 74
186 64
192 58
193 75
190 72
199 55
190 73
186 65
187 67
191 55
196 54
192 74
197 54
187 66
189 73
188 73
192 54
199 73
192 70
187 57
188 57
188 65
197 53
189 74
197 73
194 75
190 54
199 71
197 58
194 56
185 70
188 66
188 74
199 70
186 67
196 73
191 54
199 54
186 66
200 53
198 72
197 75
191 73
190 74
197 52
198 53
185 60
185 67
186 59
192 75
187 69
194 77
190 53
197 76
194 57
188 58
186 68
189 60
186 69
198 52
190 52
190 75
194 53
191 53
197 77
187 54
198 77
192 53
183 61
198 75
185 69
186 71
196 77
199 74
189 52
186 54
187 56
184 62
187 71
187 73
189 67
192 52
185 65
191 56
185 64
188 52
185 62
190 64
188 72
192 57
197 51
187 74
186 72
190 67
196 76
186 55
190 76
192 76
185 68
186 74
195 77
193 53
191 63
188 75
197 71
187 65
186 63
196 72
193 77
193 58
198 73
189 51
199 52
188 74
190 71
186 73
195 52
199 53
184 69
197 72
187 72
199 51
185 72
183 62
188 71
198 71
183 69
193 52
195 71
194 52
197 70
195 72
186 56
200 52
186 75
192 77
199 75
186 53
193 51
191 64
182 69
186 52
182 62
198 74
196 56
185 66
190 66
191 71
193 50
190 67
192 51
188 70
186 58
185 58
197 73
185 54
191 76
200 51
196 51
188 51
183 60
195 78
194 71
184 65
192 58
197 50
184 58
187 75
198 54
181 69
198 70
185 71
189 72
186 57
199 52
186 51
185 74
182 61
185 57
198 76
181 70
200 74
186 57
184 64
184 68
191 72
182 60
184 63
188 53
190 51
189 53
199 76
193 71
199 77
184 67
184 60
194 78
181 62
183 59
198 50
196 50
196 53
192 50
184 71
196 49
194 51
190 65
181 61
187 51
200 50
191 75
181 71
185 53
200 77
184 72
192 49
185 52
182 71
180 69
195 50
186 50
184 57
194 50
189 76
187 68
195 79
192 64
185 50
193 76
191 70
196 78
198 49
185 59
191 50
184 74
198 78
195 51
190 77
184 52
184 70
180 68
188 50
191 49
184 53
190 64
180 62
198 73
182 63
182 70
185 56
187 76
183 64
191 52
197 49
183 70
187 53
200 78
181 68
183 57
181 67
185 75
187 52
182 57
189 75
181 63
191 48
188 49
187 57
183 63
198 51
182 68
198 72
179 62
181 72
196 70
187 49
183 65
198 48
200 76
182 65
183 72
183 52
190 78
183 67
187 77
184 75
183 71
185 58
194 49
182 62
187 48
196 52
195 80
182 64
196 80
186 76
185 63
195 81
189 77
190 79
189 50
180 70
184 50
182 52
182 59
184 59
196 79
184 76
183 75
183 58
183 74
185 55
197 80
197 79
197 48
188 76
197 55
189 69
200 79
194 48
188 77
189 49
181 64
196 81
180 67
199 79
193 78
200 75
179 67
183 56
195 48
191 51
179 70
182 53
198 79
197 81
185 51
180 63
196 48
182 67
182 75
197 73
183 73
180 72
194 80
194 54
184 77
196 47
186 70
190 50
180 66
191 64
194 79
180 64
191 78
198 81
196 82
186 48
181 60
191 74
183 77
179 68
195 79
193 48
185 71
179 72
198 47
189 48
185 73
183 55
181 57
182 74
182 77
197 56
178 72
178 71
199 48
193 80
189 50
180 60
185 77
180 61
179 73
199 78
188 78
193 79
190 49
184 54
178 62
180 65
178 68
181 56
192 79
197 82
199 80
182 51
184 58
183 54
182 50
182 76
181 73
200 49
184 78
184 55
191 79
185 76
182 56
187 64
190 80
178 69
193 81
181 65
198 80
177 71
180 56
197 47
181 77
178 61
179 69
178 73
184 60
183 50
191 80
186 49
178 67
180 55
199 50
180 59
199 47
177 61
181 64
179 65
179 59
187 47
200 47
177 62
179 56
177 60
176 60
179 63
181 53
182 49
198 56
186 47
177 68
177 73
181 52
181 54
185 48
179 60
179 61
180 71
179 74
194 53
178 59
178 74
199 75
181 63
176 61
193 47
181 75
175 61
196 56
180 77
185 49
180 75
190 59
180 78
193 60
192 78
182 73
196 55
178 70
177 74
182 72
181 58
180 54
179 75
182 48
192 47
182 58
196 53
179 78
194 56
175 60
179 57
175 62
193 59
178 57
184 70
180 52
199 46
199 49
178 56
184 56
194 51
175 63
180 76
188 48
183 58
195 57
191 77
184 73
183 68
179 55
183 53
189 80
180 79
192 56
177 69
197 46
178 75
182 54
193 46
189 81
174 62
177 72
190 48
186 46
192 53
183 76
179 66
192 81
183 78
192 57
184 79
196 46
182 55
179 52
183 51
177 70
182 54
195 56
179 71
195 82
181 76
191 59
191 47
179 54
181 64
191 76
181 66
178 78
181 49
192 59
196 83
192 46
193 58
178 52
193 45
178 77
199 45
194 45
193 54
194 60
178 60
185 47
174 60
191 81
187 50
182 78
176 62
189 79
184 71
176 71
178 65
194 82
192 52
192 48
183 49
189 78
177 78
177 75
191 57
195 60
180 51
174 63
194 59
191 75
184 66
194 46
200 80
194 55
179 77
180 53
190 55
188 80
197 60
185 78
188 81
178 64
181 79
177 59
183 48
186 77
194 54
180 50
188 47
192 82
195 46
191 46
184 80
174 61
196 60
180 58
177 65
185 46
193 55
194 53
196 45
178 63
179 50
191 45
174 59
194 83
176 69
192 83
183 47
178 76
178 66
177 63
194 84
186 76
178 55
191 44
194 81
186 78
181 59
185 79
190 81
189 82
179 68
177 66
188 56
180 57
181 55
178 54
184 48
182 79
176 63
200 46
175 59
196 84
200 45
184 51
185 58
176 66
192 84
185 45
177 67
194 47
200 81
183 66
190 82
193 44
194 58
173 62
179 58
182 80
176 75
179 76
190 56
197 83
191 84
176 78
175 64
199 81
175 75
175 66
188 46
176 65
197 84
189 46
196 57
177 77
190 46
193 56
185 50
196 85
198 73
193 43
186 71
193 84
176 77
179 53
178 51
178 58
191 53
176 68
174 66
196 44
198 84
190 47
190 84
187 61
195 55
178 79
186 45
175 68
189 83
186 61
191 56
187 46
188 79
184 49
192 80
187 81
195 85
181 51
174 64
182 47
190 45
176 67
189 56
188 48
187 51
195 54
179 64
188 66
177 64
191 85
184 75
181 80
190 79
176 70
191 83
194 43
195 49
188 63
181 81
193 83
178 63
174 68
198 46
195 78
191 60
184 45
197 56
