1000 6
175 11
176 11
175 12
174 12
175 10
175 9
173 12
176 12
174 11
177 12
174 13
173 11
176 10
174 10
176 9
173 10
174 9
173 9
173 8
177 13
178 12
172 10
176 13
173 13
172 13
174 14
173 14
174 8
177 9
178 11
174 7
174 15
173 7
174 16
172 7
172 6
179 12
177 14
171 6
177 15
180 12
177 11
172 11
177 16
177 8
175 7
175 15
177 17
175 6
178 9
178 14
174 17
175 13
178 8
172 5
174 6
171 7
174 9
174 12
176 8
172 12
172 14
176 16
177 10
175 5
176 14
171 10
177 7
170 6
175 4
176 5
173 15
179 8
171 12
178 15
172 9
170 12
171 14
179 15
170 14
175 16
177 6
169 6
178 17
173 5
171 9
178 16
181 12
174 5
177 5
170 13
170 9
171 11
169 12
180 13
176 6
173 6
179 16
180 15
178 10
173 16
172 16
171 15
171 13
174 4
174 18
182 12
178 18
169 13
176 15
178 13
170 15
181 15
179 7
179 10
178 5
182 15
182 14
169 14
178 6
172 15
173 13
180 16
170 11
181 16
181 13
180 17
170 10
178 7
183 12
181 17
181 11
183 11
179 13
183 14
169 9
169 10
176 17
169 8
176 18
176 19
181 14
176 4
173 17
170 5
180 10
182 17
177 19
176 20
172 8
179 9
180 14
170 16
179 14
183 15
180 8
170 8
178 4
168 12
172 4
169 16
179 6
168 6
168 9
175 8
168 8
182 13
173 14
180 7
179 11
179 18
177 20
184 12
175 20
184 13
175 18
173 4
185 12
184 14
168 5
170 17
178 19
183 13
168 7
179 19
179 4
175 17
186 12
173 3
175 19
175 14
171 4
182 11
168 14
184 11
174 20
175 21
187 12
183 17
177 21
169 5
169 4
177 22
169 17
179 17
183 16
170 7
168 13
180 9
184 16
179 5
173 16
173 20
185 13
172 17
180 19
174 21
176 3
176 2
171 8
168 10
167 9
172 3
180 4
169 3
167 13
169 18
172 20
179 20
169 15
168 17
180 20
181 8
171 17
171 5
181 7
174 19
172 21
169 11
177 2
180 8
184 10
171 18
167 12
169 14
181 6
180 18
176 7
175 22
167 11
167 17
180 6
167 14
178 3
178 22
169 2
188 12
166 17
181 10
176 1
167 15
174 22
171 21
166 16
170 12
173 19
172 2
180 21
171 20
165 17
180 3
189 12
168 16
172 6
179 22
180 22
166 14
185 11
175 23
173 21
182 16
174 6
185 10
171 19
182 8
170 20
169 20
171 3
173 18
167 6
173 22
176 22
183 8
172 19
183 10
165 18
177 1
183 18
169 1
169 7
186 11
183 19
179 16
178 23
178 1
170 1
186 10
178 21
178 20
168 20
183 12
176 21
164 18
185 16
179 21
167 7
171 22
168 3
168 2
167 16
175 3
170 18
176 20
167 10
176 23
180 11
189 13
167 2
175 4
183 7
183 9
185 14
181 21
188 13
186 13
182 9
182 6
175 2
184 7
186 14
184 15
186 9
184 6
182 7
164 19
173 20
182 10
183 20
176 19
167 1
163 19
181 22
164 20
178 24
187 11
175 1
182 21
190 12
172 22
168 11
167 8
185 15
167 18
172 23
180 23
166 15
166 11
182 20
164 21
181 4
187 9
181 9
165 20
191 12
171 16
166 12
177 18
169 17
165 14
177 24
166 18
168 12
165 16
180 2
185 6
170 2
165 12
174 2
183 21
184 20
168 21
169 13
170 21
189 14
178 2
171 2
186 6
171 17
184 8
176 24
187 10
168 19
166 20
174 1
188 9
167 20
166 19
169 10
165 13
180 1
181 5
190 13
177 4
190 14
170 19
181 3
189 9
179 3
167 5
162 19
171 23
166 2
170 20
163 21
177 25
179 2
168 22
185 20
165 2
180 24
166 7
188 14
189 15
173 1
162 20
189 8
166 21
187 14
182 22
185 5
166 10
175 24
187 13
184 17
181 2
173 23
168 15
164 12
184 21
165 11
185 17
182 19
170 23
191 13
168 4
180 3
185 19
169 11
170 13
163 20
174 3
185 21
186 19
167 21
164 11
179 23
163 11
173 24
186 18
168 18
181 1
166 1
165 10
182 23
166 8
182 18
167 4
164 13
181 23
181 18
182 1
174 19
172 1
168 5
164 16
165 8
164 10
166 22
163 16
186 8
166 6
168 23
175 25
163 15
182 24
166 5
174 25
188 8
169 14
184 9
183 1
165 19
167 19
174 24
189 13
165 9
177 23
164 8
170 3
163 13
166 4
170 24
169 19
185 8
161 20
170 18
174 23
184 18
182 4
173 2
181 20
174 26
164 17
162 18
182 25
190 8
161 18
192 12
163 18
189 7
165 22
183 4
164 7
164 14
186 21
169 22
182 2
184 1
183 6
170 25
180 5
191 14
164 22
163 7
187 6
165 11
186 20
186 17
186 22
187 22
187 7
188 6
188 22
165 4
161 21
162 16
162 17
166 9
187 21
191 15
165 1
181 25
164 23
192 15
183 23
189 6
165 7
162 7
183 25
166 13
187 20
187 8
182 5
185 22
165 21
170 4
189 11
183 24
188 23
179 1
161 16
182 3
187 5
187 19
184 2
185 18
173 25
179 24
184 5
177 26
164 15
166 3
185 9
164 9
193 15
185 23
184 25
167 22
190 9
160 16
186 23
188 21
177 27
164 1
184 3
178 25
176 25
178 27
171 1
169 23
169 24
169 21
172 25
170 3
191 16
188 20
185 24
187 15
189 16
165 23
179 27
189 5
160 18
190 5
189 22
184 23
164 2
187 17
159 18
169 25
165 5
160 19
189 20
189 17
159 16
185 2
168 25
181 26
188 11
160 21
161 19
184 9
162 21
173 26
163 1
160 17
190 15
190 17
172 18
170 14
158 18
190 20
177 17
184 22
187 16
192 16
171 12
186 5
176 12
161 17
174 20
170 22
162 11
190 22
180 10
164 4
178 28
159 15
160 22
171 24
176 14
184 24
178 8
187 18
161 7
188 19
173 17
180 11
180 25
177 20
163 8
180 14
161 8
176 11
189 4
191 9
177 14
183 22
170 15
192 9
193 9
190 21
178 11
189 10
168 24
158 15
188 18
159 21
172 20
181 14
159 14
190 4
187 23
165 3
169 3
178 26
193 14
172 16
162 1
174 18
164 24
190 18
174 17
191 4
191 21
159 19
193 16
174 19
176 21
192 8
161 22
165 15
181 19
180 19
168 21
165 6
180 22
177 28
173 16
180 20
178 21
190 7
164 6
158 19
163 22
160 8
192 14
177 16
192 17
160 23
191 20
167 23
179 25
163 14
177 29
189 23
188 24
192 11
173 20
182 14
165 6
192 21
176 15
178 29
191 19
193 21
174 22
190 23
169 15
162 8
162 9
163 24
184 26
177 11
160 24
173 27
188 10
172 19
162 13
166 23
164 3
160 25
161 15
159 25
184 27
177 15
160 20
171 13
192 7
160 7
193 7
191 11
163 21
167 3
166 24
187 24
163 6
192 6
172 24
191 18
162 12
187 25
164 25
176 2
193 20
191 6
163 2
183 2
175 19
176 17
186 4
163 20
176 18
194 21
167 25
170 26
168 1
183 27
159 13
189 19
163 5
191 22
192 22
193 22
192 23
182 27
172 26
188 7
174 16
161 9
194 14
190 24
185 3
181 24
168 26
186 16
158 20
178 17
157 20
176 27
190 3
161 23
160 14
193 19
163 4
193 6
184 19
178 10
175 18
185 4
158 14
157 14
163 10
156 20
173 28
194 7
191 23
178 19
191 17
159 7
188 16
192 19
159 22
188 17
194 6
176 22
181 11
162 22
179 11
173 19
164 26
195 6
183 26
158 25
165 26
195 14
168 27
165 24
193 10
189 18
196 6
173 13
159 24
163 23
179 13
178 9
194 20
177 27
185 27
185 1
162 18
194 8
196 14
160 26
194 16
158 24
192 24
171 19
162 15
161 12
163 9
164 27
190 2
180 21
162 19
168 28
170 27
193 12
158 13
181 13
180 26
193 5
172 28
178 18
181 27
172 16
163 12
189 3
190 6
158 12
182 28
177 21
177 19
197 14
171 25
161 10
194 19
174 14
194 9
193 8
194 18
161 13
195 7
190 1
159 23
163 17
160 9
185 7
177 13
157 15
159 26
195 9
194 12
186 27
182 23
183 5
177 12
162 6
163 3
165 25
169 27
195 8
188 5
167 24
171 14
157 16
158 17
184 10
191 1
186 3
174 15
185 17
157 12
191 7
193 13
161 14
191 2
188 25
162 4
180 27
191 10
158 21
180 28
197 13
156 19
168 22
160 12
160 10
157 25
177 20
188 4
159 8
177 3
179 28
162 23
190 25
193 24
157 19
178 30
156 15
180 27
187 4
172 29
177 10
192 1
191 25
186 4
185 25
192 10
195 12
158 16
160 6
179 26
161 6
165 27
159 17
176 28
167 27
186 24
183 28
