10 10 5462
3714 2713 7095 2247 679 2645 7189 6025 1448 8303 
7763 2644 5738 3552 5938 2728 6648 1986 1749 9338 
9680 3845 1012 1108 7347 1515 3932 5106 4937 0 
1804 1036 6039 9691 4771 1545 6822 759 1327 6619 
3561 0 4512 4259 7278 9310 9740 2310 386 8500 
8580 4388 9292 9299 2678 3035 1971 2257 3270 2894 
6739 9710 6777 2966 957 5753 8425 6860 4837 0 
4408 1829 3456 7074 4740 6174 5494 2434 5531 7930 
9987 6788 5964 6308 4484 844 5582 2138 2840 5970 
1626 622 4481 6467 1340 1622 8471 735 6886 4669 
