10 10 4164
3756 3583 731 7944 1477 1793 1909 1807 8543 3919 
4694 6882 1660 7445 2571 8295 3652 5285 982 3160 
7186 8385 9677 6867 0 7493 2514 1591 2699 7280 
2116 1010 197 7402 5655 8480 5228 6047 7616 8805 
3678 8445 1589 7099 1117 1847 3317 6062 0 2063 
6310 9566 7905 2030 3587 3205 7383 1592 6942 4977 
8122 9504 6203 1168 6727 283 7087 9249 9664 9013 
2103 7432 585 0 858 7714 1565 5196 7485 9362 
2541 8517 6772 3199 6456 3366 249 4435 5857 8244 
2699 3647 434 744 6683 9509 757 8271 7215 4188 
