10 10 945
5921 8003 6918 6358 8865 5886 4329 7183 6153 6796 
6196 3800 4822 2683 5117 3159 5736 188 2382 8872 
5619 9619 2166 7659 8878 6379 5830 0 4721 5862 
4176 2741 3667 5724 3155 9308 1675 8451 8457 9163 
6120 6131 0 2700 6850 7038 9641 2249 3272 5668 
2212 7313 8616 4660 7113 5432 5022 1951 7104 7705 
5487 9863 0 6181 4432 3423 8419 2744 2782 4392 
6574 8718 4360 7129 2456 5646 6792 3877 6676 5732 
3899 4880 1256 1761 3041 8486 5568 5593 7617 7812 
3227 6836 2930 5852 7612 7421 3107 7509 7946 5014 
