10 10 3153
71 6644 3972 8368 3496 3720 4124 3113 50 2940 
8981 105 8916 4359 2832 1687 9108 9395 613 3152 
5001 3163 2205 9364 4961 7332 8263 8884 6045 9585 
9255 1851 4000 4413 4530 8066 5876 8597 4787 6873 
5989 2507 4298 9397 9011 8100 6840 0 1069 3908 
7979 5012 1356 7520 8333 6121 626 6900 1706 6085 
1923 7920 6730 5003 9830 4216 0 9542 162 8631 
998 9978 7812 0 2934 1590 1802 9233 8309 201 
5514 3049 7422 9555 9796 9157 7403 5326 3734 8511 
8924 1444 9201 437 8213 1992 2700 5178 5949 3150 
