10 10 5867
4325 1214 3795 1343 1681 9009 1264 3135 4755 297 
3510 5309 4096 3490 3147 9351 964 7596 4014 1967 
7756 2122 3359 5914 6492 2195 882 547 9018 821 
960 9478 1169 1661 2293 4966 1519 8496 8467 8296 
792 37 3869 9173 0 7777 8040 8589 8236 7541 
2952 1568 9486 2867 5546 9172 320 3502 5381 3697 
5260 7324 8196 7469 2496 6487 5463 9718 797 5119 
0 3650 8284 1785 7878 3100 1811 9454 8003 9425 
9094 2713 6144 3537 7935 573 9196 7599 7168 4429 
2474 7651 7054 1717 7791 520 3088 8145 3496 5966 
