10 100 100 88 34
25 8
12 13
73 49
28 80
42 61
96 94
38 78
10 64
57 95
1 21
10 100 100 56 23
77 74
53 100
30 10
62 74
23 26
80 89
2 80
53 96
74 88
83 97
10 100 100 3 25
47 84
69 64
10 59
6 1
84 70
54 44
40 65
16 5
28 41
94 59
10 100 100 30 79
12 79
83 35
73 63
14 5
8 74
52 36
99 52
35 99
35 95
42 97
10 100 100 50 30
59 18
34 32
89 81
33 30
16 33
64 48
60 24
23 93
63 36
32 69
10 100 100 83 46
43 57
32 57
63 95
9 98
68 43
79 75
23 1
62 22
100 57
63 11
10 100 100 6 17
92 24
64 100
81 94
77 12
79 13
11 63
56 66
89 36
80 24
2 54
10 100 100 78 53
73 82
89 52
69 22
94 3
53 91
55 88
49 2
48 89
78 63
88 17
10 100 100 84 26
58 63
1 85
73 93
62 82
58 6
83 88
8 61
3 11
81 44
56 55
10 100 100 83 4
50 4
94 69
11 40
47 37
17 55
29 1
69 70
21 5
21 17
91 21
