10 100 100 34 78
44 61
71 49
91 33
49 87
11 55
41 13
59 76
53 73
91 75
95 40
10 100 100 55 67
5 49
98 41
77 99
74 87
83 14
68 31
95 50
53 15
98 78
80 56
10 100 100 6 64
68 47
58 49
69 43
41 61
5 45
82 7
37 82
98 43
7 4
86 40
10 100 100 8 66
26 52
5 22
94 71
49 95
53 23
72 49
36 31
31 61
76 16
98 10
10 100 100 90 61
68 94
61 47
94 64
44 100
43 100
98 78
83 94
71 42
60 36
21 24
10 100 100 66 48
2 89
14 46
4 16
98 95
9 24
45 39
14 41
87 45
82 40
70 52
10 100 100 98 16
26 38
2 76
32 66
28 65
74 32
44 48
98 82
77 94
65 45
17 94
10 100 100 78 2
31 70
76 52
14 33
93 47
73 4
9 91
91 61
3 98
50 9
58 28
10 100 100 4 12
87 78
81 70
30 44
71 70
99 89
70 68
35 84
11 69
29 96
5 95
10 100 100 16 7
60 60
85 76
28 68
66 9
84 93
95 8
31 64
23 68
23 11
61 46
