10 100 100 40 7
27 39
64 81
98 54
2 33
38 87
63 93
2 57
80 69
25 78
20 48
10 100 100 88 44
34 66
46 80
44 20
50 35
86 47
76 49
93 70
54 35
77 44
69 79
10 100 100 39 13
80 96
73 9
20 5
95 97
96 15
38 71
28 83
63 23
75 27
3 46
10 100 100 4 20
1 97
34 4
88 29
13 43
22 71
31 16
47 17
64 36
55 40
49 94
10 100 100 37 19
90 74
60 88
32 18
43 55
24 17
90 86
79 27
2 66
61 63
55 23
10 100 100 58 3
74 39
47 92
63 60
27 69
24 23
19 39
45 89
7 97
51 36
86 34
10 100 100 35 88
82 70
24 34
32 13
48 72
26 97
58 27
2 97
92 94
79 100
50 82
10 100 100 22 96
18 30
68 63
18 45
16 3
95 30
99 6
87 71
78 96
81 54
66 72
10 100 100 52 54
50 43
56 46
74 34
1 65
11 34
17 100
19 56
1 68
6 9
17 10
10 100 100 37 19
27 42
56 24
77 69
66 95
34 78
85 55
8 9
26 79
72 77
12 56
