10 100 100 76 95
75 39
40 45
55 9
37 90
5 7
27 27
95 24
11 48
73 8
76 83
10 100 100 38 86
58 84
26 5
71 59
36 16
31 24
14 56
69 97
69 74
19 15
18 82
10 100 100 5 92
69 48
64 70
86 85
29 68
1 23
68 1
59 59
65 100
93 77
76 40
10 100 100 71 89
88 51
87 31
42 46
86 80
92 38
67 75
64 89
86 56
40 51
78 94
10 100 100 3 4
64 84
43 71
64 10
49 96
28 44
85 51
22 46
52 33
82 46
25 48
10 100 100 89 82
43 61
81 46
39 94
30 70
60 25
50 10
26 16
15 31
14 10
50 14
10 100 100 72 92
57 49
3 82
99 72
45 100
72 26
54 15
96 55
54 82
3 83
83 24
10 100 100 96 59
58 31
79 89
71 98
58 83
42 32
13 62
37 35
38 23
71 53
75 77
10 100 100 49 81
77 37
72 74
78 23
48 11
77 19
68 37
52 92
32 16
7 33
40 27
10 100 100 2 26
4 39
4 36
49 17
32 58
16 89
58 8
31 23
64 75
87 73
48 17
