10 100 100 36 47
51 36
54 78
97 84
26 70
93 6
12 24
99 15
13 1
69 21
75 54
10 100 100 95 83
53 9
32 34
54 10
65 8
66 46
62 14
47 29
78 17
77 67
56 16
10 100 100 36 80
59 65
8 10
96 33
8 91
18 15
40 17
75 97
30 10
46 86
79 56
10 100 100 42 2
15 38
3 38
18 1
23 47
7 11
82 58
62 81
97 23
19 13
43 20
10 100 100 42 22
80 51
27 97
81 35
33 96
51 44
99 13
63 59
9 1
93 79
96 80
10 100 100 7 54
48 23
47 77
1 99
3 6
13 74
53 66
8 38
35 12
14 62
12 10
10 100 100 4 11
9 87
31 16
25 7
25 19
70 55
15 31
75 17
11 71
17 93
30 11
10 100 100 97 26
77 43
83 17
32 100
78 60
71 64
90 90
40 74
5 13
16 29
83 85
10 100 100 38 64
74 2
11 64
11 57
23 58
41 73
21 91
65 94
17 20
77 29
65 27
10 100 100 92 50
13 32
100 83
91 53
77 80
89 80
18 38
29 87
39 86
15 35
7 11
