2 1 3 1 3
1 1
1 2
10 50 50 15 13
31 48
45 34
6 18
15 21
48 42
21 1
3 8
39 30
3 39
6 19
10 50 50 41 8
37 1
16 46
44 29
9 30
32 26
23 46
47 5
38 26
3 6
2 17
10 50 50 36 48
7 50
3 27
24 5
3 17
6 26
12 24
45 5
27 8
21 14
21 38
10 50 50 49 20
25 38
13 29
19 17
43 5
37 17
19 13
30 41
31 2
26 11
10 17
10 50 50 11 23
20 4
47 44
36 2
43 15
45 18
24 32
11 12
27 26
7 47
39 19
10 50 50 31 46
34 41
34 46
37 37
1 2
37 18
50 18
7 39
13 40
34 7
40 26
10 50 50 41 47
34 13
7 9
2 30
14 35
7 17
32 32
16 45
46 4
28 5
25 48
10 50 50 50 49
4 31
46 48
49 43
23 24
2 3
25 5
5 21
49 3
11 23
44 32
10 50 50 9 26
44 29
29 39
48 25
17 15
1 20
38 17
30 20
2 12
49 17
45 32
10 50 50 20 38
36 27
9 21
5 36
31 3
30 13
32 5
48 6
40 27
3 1
17 23
