2 1 3 1 2
1 1
1 3
10 20 20 8 12
9 7
19 10
15 7
12 9
12 4
14 7
5 13
4 8
17 12
11 19
10 20 20 15 20
1 13
1 16
14 2
1 10
19 13
1 4
15 17
14 3
3 17
3 11
10 20 20 14 11
11 8
11 20
11 17
8 19
8 9
20 2
11 2
20 8
20 3
10 18
10 20 20 9 1
7 6
1 8
7 12
13 12
10 1
1 10
4 17
7 7
10 8
16 9
10 20 20 15 11
12 11
5 2
6 11
10 14
1 7
15 20
10 20
11 14
9 20
6 8
10 20 20 10 9
9 15
3 19
3 16
13 2
5 14
5 2
20 8
6 5
12 19
12 4
10 20 20 4 20
10 11
10 15
1 9
18 2
19 13
1 11
1 5
7 14
16 16
10 4
10 20 20 18 12
17 17
14 2
1 19
4 19
7 19
3 3
2 14
16 18
17 20
19 10
10 20 20 15 18
4 7
19 4
2 3
7 11
6 7
15 1
19 5
2 11
2 1
2 19
10 20 20 6 6
2 2
19 3
12 9
19 13
16 20
6 12
20 18
9 7
3 8
3 20
