80
654 346 912 573 356 688 572 233 927 191 91 151 587 53 487 81 689 570 140 396 327 233 744 626 571 439 788 45 284 289 757 156 444 851 616 349 647 31 12 872 273 159 947 2 871 353 464 299 157 225 68 506 414 278 961 240 949 754 518 828 155 371 619 445 989 417 273 898 672 101 210 4 619 996 202 18 963 93 562 33 
48 7 619
35 41 887
2 9 935
13 37 839
33 36 631
7 53 988
5 1 758
17 35 767
17 63 811
26 39 594
23 70 997
59 37 959
12 13 789
35 11 872
46 64 913
74 31 1000
60 34 911
73 49 921
68 50 981
56 28 667
4 9 987
9 24 946
80 4 747
73 38 644
45 14 892
48 23 960
59 5 846
41 43 972
76 2 665
77 8 997
20 53 806
59 52 756
58 71 844
55 50 997
40 7 966
77 33 994
22 43 951
32 16 631
14 71 875
29 22 652
34 39 948
45 26 928
6 61 775
64 62 877
10 18 570
38 10 436
21 74 1000
71 53 846
41 60 924
4 62 638
26 65 1000
4 52 898
69 72 735
42 15 704
61 14 737
58 31 890
55 46 977
3 39 920
57 29 997
18 44 739
47 20 891
79 5 701
39 38 850
27 1 970
52 65 991
21 66 580
45 15 975
56 46 915
8 50 242
11 72 418
72 75 742
78 40 996
32 4 882
67 28 477
54 42 883
51 29 819
25 76 936
30 4 831
52 19 864