80 380
1 2 -4
2 1 40000
2 3 -26
3 2 40000
3 4 -89
4 3 40000
4 5 -68
5 4 40000
5 6 -2
6 5 40000
6 7 -90
7 6 40000
7 8 -79
8 7 40000
8 9 -80
9 8 40000
9 10 -60
10 9 40000
10 11 -24
11 10 40000
11 12 -100
12 11 40000
12 13 -40
13 12 40000
13 14 -42
14 13 40000
14 15 -46
15 14 40000
15 16 -69
16 15 40000
16 17 0
17 16 40000
17 18 -27
18 17 40000
18 19 -12
19 18 40000
19 20 -52
20 19 40000
20 21 -33
21 20 40000
21 22 -45
22 21 40000
22 23 -26
23 22 40000
23 24 -68
24 23 40000
24 25 -23
25 24 40000
25 26 -69
26 25 40000
26 27 -16
27 26 40000
27 28 -16
28 27 40000
28 29 -28
29 28 40000
29 30 -14
30 29 40000
30 31 -48
31 30 40000
31 32 -45
32 31 40000
32 33 -77
33 32 40000
33 34 -20
34 33 40000
34 35 -63
35 34 40000
35 36 -2
36 35 40000
36 37 -73
37 36 40000
37 38 -7
38 37 40000
38 39 -84
39 38 40000
39 40 -76
40 39 40000
40 41 -81
41 40 40000
41 42 -74
42 41 40000
42 43 -23
43 42 40000
43 44 -33
44 43 40000
44 45 -97
45 44 40000
45 46 -85
46 45 40000
46 47 -70
47 46 40000
47 48 -83
48 47 40000
48 49 -24
49 48 40000
49 50 -88
50 49 40000
50 51 -21
51 50 40000
51 52 -80
52 51 40000
52 53 -91
53 52 40000
53 54 -95
54 53 40000
54 55 -62
55 54 40000
55 56 -45
56 55 40000
56 57 -79
57 56 40000
57 58 -82
58 57 40000
58 59 -48
59 58 40000
59 60 -87
60 59 40000
60 61 -94
61 60 40000
61 62 -76
62 61 40000
62 63 -2
63 62 40000
63 64 -98
64 63 40000
64 65 -29
65 64 40000
65 66 -22
66 65 40000
66 67 -99
67 66 40000
67 68 -56
68 67 40000
68 69 -99
69 68 40000
69 70 -94
70 69 40000
70 71 -79
71 70 40000
71 72 -17
72 71 40000
72 73 -1
73 72 40000
73 74 -89
74 73 40000
74 75 -32
75 74 40000
75 76 -44
76 75 40000
76 77 -72
77 76 40000
77 78 -23
78 77 40000
78 79 -33
79 78 40000
79 80 -63
80 79 40000
80 68 -96
68 80 40000
40 14 90
14 40 40000
58 24 -69
24 58 40000
62 47 -91
47 62 40000
72 23 -88
23 72 40000
27 6 75
6 27 40000
44 14 -32
14 44 40000
57 6 -55
6 57 40000
50 36 17
36 50 40000
80 17 7
17 80 40000
65 38 -99
38 65 40000
72 35 77
35 72 40000
48 34 -70
34 48 40000
53 12 -71
12 53 40000
53 9 -74
9 53 40000
64 29 83
29 64 40000
80 67 92
67 80 40000
67 42 48
42 67 40000
72 16 12
16 72 40000
67 41 15
41 67 40000
70 5 -23
5 70 40000
70 53 17
53 70 40000
66 50 -51
50 66 40000
36 9 -48
9 36 40000
72 57 -21
57 72 40000
48 27 69
27 48 40000
79 48 -79
48 79 40000
24 8 47
8 24 40000
29 8 45
8 29 40000
60 17 -73
17 60 40000
31 5 67
5 31 40000
62 28 -33
28 62 40000
37 13 93
13 37 40000
65 41 -69
41 65 40000
80 70 -26
70 80 40000
41 30 18
30 41 40000
70 24 52
24 70 40000
75 59 -91
59 75 40000
80 61 71
61 80 40000
36 18 -69
18 36 40000
54 37 4
37 54 40000
40 15 100
15 40 40000
62 21 53
21 62 40000
49 3 -13
3 49 40000
75 7 80
7 75 40000
60 6 48
6 60 40000
57 45 33
45 57 40000
77 52 94
52 77 40000
34 1 58
1 34 40000
78 29 59
29 78 40000
62 32 -9
32 62 40000
63 19 -9
19 63 40000
46 5 -88
5 46 40000
65 19 99
19 65 40000
57 32 79
32 57 40000
54 42 -40
42 54 40000
56 45 82
45 56 40000
15 3 -4
3 15 40000
14 3 92
3 14 40000
24 6 42
6 24 40000
70 35 74
35 70 40000
47 34 -53
34 47 40000
53 3 -46
3 53 40000
71 20 -98
20 71 40000
63 36 -79
36 63 40000
53 13 -9
13 53 40000
77 22 26
22 77 40000
71 35 -29
35 71 40000
78 8 -53
8 78 40000
78 18 18
18 78 40000
74 23 -53
23 74 40000
48 1 -38
1 48 40000
54 20 87
20 54 40000
60 26 21
26 60 40000
28 3 -41
3 28 40000
74 12 -3
12 74 40000
59 14 21
14 59 40000
32 14 -35
14 32 40000
73 50 -45
50 73 40000
69 28 38
28 69 40000
66 29 -67
29 66 40000
41 4 100
4 41 40000
37 8 -81
8 37 40000
52 15 -71
15 52 40000
77 32 -82
32 77 40000
58 7 -34
7 58 40000
44 24 13
24 44 40000
79 25 6
25 79 40000
67 25 -20
25 67 40000
31 13 93
13 31 40000
75 33 72
33 75 40000
52 26 14
26 52 40000
68 18 100
18 68 40000
71 50 68
50 71 40000
68 24 -9
24 68 40000
26 4 85
4 26 40000
64 13 -34
13 64 40000
73 6 18
6 73 40000
35 7 58
7 35 40000
66 11 27
11 66 40000
69 38 69
38 69 40000
63 8 43
8 63 40000
64 21 77
21 64 40000
30 11 90
11 30 40000
30 7 -43
7 30 40000
34 8 57
8 34 40000
80 49 7
49 80 40000
51 16 30
16 51 40000
42 23 31
23 42 40000
72 10 71
10 72 40000
73 21 -22
21 73 40000
