500
587531001
54805527
434812455
1186034
80538060
27912450
21588490
297091080
151900865
410285270
333214284
189854840
909860
18116440
136299250
98832103
179142714
98952835
57123149
218092500
271872212
558867330
737084640
858503520
70327280
28173561
470624786
256424526
349475866
26777114
216817440
7594965
5128988
267148428
672338310
166302552
203727216
101831751
6758928
277724019
83399561
478648654
110970000
579842370
59559156
481462001
405513162
5435040
801579858
146834496
185202244
180910968
205863302
70184092
800435808
32785103
477000568
39502060
66471312
570121136
172864349
35300842
98075625
195160056
57023109
28525014
470995217
269153640
554949710
385714650
277163757
29697911
26511435
495982633
63703698
86297280
549942336
13596000
26113999
133386258
171206400
124469334
170381372
137282756
497806610
267319950
95511969
199334712
557697376
154900503
266728478
381287445
272008206
308225054
376085784
122223596
465102
705000904
286240720
41980363
3164016
78759990
87181424
286242957
138488414
432355536
5104605
524124804
227749775
766094280
144545080
33544622
226145841
447729020
90161374
160390640
230443083
337012029
93518568
436274202
263289849
38523850
5467392
57224076
3953364
11709600
789178704
140128620
4044997
436731884
445692450
529521342
529400082
98911354
411489416
30727050
311497480
254700936
177918960
291723660
445898544
50630046
4036193
43365504
43367994
648561872
274150836
133786170
199807650
17289909
13500032
215364124
295811795
637501700
8874294
460835893
47425248
52274248
462994845
35228056
14855568
26266032
595894950
75511080
230455560
92242372
24068209
277195360
4892850
196330259
10339263
281874159
427866164
1477060
359858499
4030392
20126130
53618760
73109760
49423374
361225040
376184106
135529317
95855190
144512550
134112240
430321619
308301001
164428495
138381528
397020720
24027186
55708521
74934398
332695238
268114920
274124041
317245536
190420450
12806119
513656496
13548996
247375830
548819712
104544726
43631680
43749850
9528951
98376744
200419205
64517250
486382002
201368184
81015207
53373
240954348
273116891
33309120
632198996
255429082
1079210
117424567
515698491
3788388
2584694
163000296
63222242
891754669
421455321
12988000
684354985
30793280
56805520
498334279
139721100
487596108
290672448
6457255
372110484
415057108
87795216
580388640
165713916
171759096
106861951
3783546
263550307
278794656
242047751
596775684
13045178
133667926
474865984
141532650
239726556
616911672
764779145
84095100
24133762
22748036
182773320
156602490
165582681
38577726
153002300
277550595
4788540
303670145
819404416
263655088
490265580
671968
322233282
2094498
58270919
53631750
304934214
142149020
58175016
30217392
16719950
328691945
236331700
260407952
58158734
147553468
37918716
31513694
205672658
63085952
76489536
244530000
13153308
581908668
10076580
13237000
342128540
250500393
500861592
51726016
154413604
587788369
163128448
37685040
5590236
48231612
523459648
108280256
21820656
298752443
24870636
40234350
2849280
99095260
689978674
51190278
484123698
545414961
13198584
79369290
93117672
210641574
298723779
543673767
14757407
15410920
375946530
5866428
211937640
228599982
194049390
15620176
25515744
288296378
190990950
296546481
14893089
598783808
160452708
2189934
104916521
64136925
180015673
644327808
53352180
59359675
34039628
225235044
207411
75186160
5273818
114903390
124053300
72068132
38166401
43184800
85960503
46534964
294720400
85795974
708687840
219785418
237521717
53116
301431336
489396928
130167180
66870804
34199340
176915448
333594250
22843468
503843299
13009647
78987281
49271950
913973758
487979228
53683649
379275600
339396920
320915738
203507940
737411090
76325200
83795550
236257208
549201780
330184140
388452270
110486651
196724820
68120
407143220
42744016
22062702
1277460
789775758
204444108
15822776
7282016
13657768
20149312
212541056
541464912
25028870
318954924
469213056
333818385
228699152
306678647
125467888
107586270
213412891
142977150
79597000
454152298
584599197
12799821
89632319
170331318
306811990
591684195
241161060
539405007
98032080
142048179
466002398
14918860
46895632
82482768
336745251
235915400
697766784
253409520
243497550
666490128
103230884
402797400
152613760
486753602
952226704
23731368
561605307
9403017
389007595
94064448
356095397
270217350
141149010
163000925
673340850
500019520
11555775
159208281
146444812
64003716
8862150
252586665
476804643
23888690
3245430
143829015
551879450
589291380
18438075
92156400
778900528
74046420
501593240
115066276
216444206
92083160
55299870
177332325
142081579
1460023
696549633
220612194
19028299
345600
121880452
92180810
272322000
52343676
848715
28812060
10355094
139596120
268152016
211349600
47199315
851583840
442260
23830767
16464032
62750006
173657448
25888616
251645340
