500
272218780
403311874
19775360
209825781
21154917
58885184
36490708
5196344
396785400
5516272
147981672
36703400
77093120
726997920
423450496
306865500
503459082
130438152
7881600
16894728
262505880
70083139
12043521
73021478
412125552
574257
6595686
2576596
154910652
536640312
591109176
89625340
595202380
598408776
74127995
34810394
700012980
872340521
22643240
443037400
600035814
29167911
38790352
433662924
338749376
339729726
141670618
133517558
3580868
23550048
255004862
451328180
175711379
319376304
388503168
159132600
140300004
158941216
506081034
384805410
147077920
156495825
356503850
335016331
93246292
481905530
141885806
183187944
14040726
827597646
70009740
474484824
69171686
154976149
275317042
56729685
663920
8522784
13150775
414116736
105668079
96589053
13037328
239813670
83500
702717327
296750804
46575391
899286094
142689333
779989660
632794624
20272619
87196193
51562725
132486
312281360
393830472
91888636
175518732
260820432
496984200
53310024
271742120
170802747
305405790
176217920
466817232
524792890
249651559
24356076
394952220
330466887
249707700
19110696
37299498
1577342
479393153
517054431
136753088
148674920
438048828
180910158
57940797
150148735
921156551
556202500
439613730
437449957
27423708
112930660
117831135
225582090
597044008
527132210
366359638
313414974
815322186
332975448
260466320
31420729
2654778
93834920
51836544
152694564
273303909
279903690
488801984
39805396
630653199
16563264
395424648
729102474
690040620
473001295
21108045
65179608
101148288
573102383
535719744
387150088
631812002
103862444
68545290
544845308
186171300
279962361
121118462
368847768
89647698
56958355
276165876
225218466
38788700
498435240
105807840
98537010
49452070
726628
142264704
28056630
60112936
94131020
222678162
68786025
32352040
200161
265561620
12035205
190110024
344441150
615387240
36327650
39356496
226026768
361097750
198722045
381036708
681735456
224434366
84847620
341323368
501501264
691602363
313795950
631972350
628652112
23061246
661032900
152568115
37127762
162067438
38131380
510773094
68343219
462024677
291164266
77944129
10397370
164068275
842048250
214369683
110756220
787704513
258643998
80282664
43567812
286443800
587844088
15654912
278878978
583595232
300124047
338033916
191456613
364890870
375633885
564717838
147291264
171561600
344378277
79361568
756886240
192560
2008710
143084326
303619028
712078354
381409290
538213248
6316136
208765456
102415648
481898430
419792604
336894976
108105001
558889824
58515188
209426382
691357488
296837760
386188600
5455890
519893242
355451985
493622920
68828480
150262992
31062042
874482804
435231963
265502301
58444052
121956714
51262722
86297673
48106656
7060370
21231738
87265955
58622000
364290344
241111290
120279654
7602766
2314800
34422099
260162392
10197450
2912358
444237339
644379547
367688610
6684750
828241920
210003486
1378500
32106870
48507396
1653792
43059438
537581864
73052284
17758591
13198720
5601950
535596768
715626436
485598800
515963226
1586915
69714260
25022619
277970952
201148434
103708
13789152
32187942
475537053
97322832
17429256
155247440
104750635
74235366
472801536
80838237
497946834
209096352
4442375
442481928
122625048
351117496
35209434
527379416
6225016
11547510
198654228
274240170
897139698
571758243
351679361
423202182
39603200
406125171
154765944
259169508
256688680
716153642
74469696
346185645
440813996
792168930
43088022
168407475
41771244
200236560
28200306
583685151
349351780
66459923
553630398
23240046
100969837
173279331
745601166
64425369
439209420
161240212
398416847
3750032
186986145
144109173
62662688
157841181
34435618
323998143
101407029
379601950
578613096
17727226
179429900
679435664
67093054
637170
97320104
340350572
432140625
32036015
2845654
386739468
58312044
84741940
368926100
249421896
694320
584076780
262520104
548685038
378982175
55190990
6419964
497726760
67720625
252334500
67655280
351665600
134751435
143689092
294459547
414624154
5367112
370526437
200936600
21576123
8558440
28045719
74292408
324510816
686337768
30459546
16487853
46654002
932472862
307831160
564359104
78480738
28671628
318448060
4565844
146510098
145389192
717882660
11840780
161240157
142155275
549197742
591757461
1070472
24801960
152846220
17562726
267324832
597545535
390053664
67631967
120000242
15767704
419379120
243200232
15401832
14707125
12962623
277375560
20511687
46025804
9221130
18183697
33852806
3590730
336984865
199266888
37073901
19909040
563465000
534264912
71820455
569222964
86614632
768567157
93199282
166178580
8946080
11122380
554442255
17735580
794141565
41159736
240912000
54422736
233576497
278896250
534567144
3182645
36944142
20130672
156844983
268422500
937839
553560020
253401830
490361146
327692750
504974610
23073071
267633436
7664875
166078265
140183360
141758100
