500
85977750
292704837
580007520
65723920
30535470
161981472
215265492
3754288
531849981
538490045
385601139
82026373
147661866
109123316
67913920
67488522
19976463
15098898
376527948
22614400
307913900
80616132
196866673
27889245
2828142
342164634
515900979
9878134
252778032
156416996
84734662
710059159
790191216
151345350
16232460
609137462
376813140
53582880
224665925
743135096
287041216
77241905
19754085
39884076
246902607
365433280
19882530
18449713
5482164
123090136
225981405
26753312
17094336
5386248
789894950
503321920
59655194
216172050
35941099
20091580
465991509
232607322
22866426
25565760
6864150
44292479
64437786
378084620
11201000
161993656
545639814
6196166
176032935
255186016
106567048
462556280
346976176
174008471
4479345
5472456
166330944
70662186
331855744
555323810
176944256
94992903
277533810
379143819
587810448
92442336
570375774
126907008
266985544
65979987
152081226
509571320
585902090
113278776
72125933
53622680
80069000
213605338
10063736
473362428
350746750
920106681
547321760
221277756
96807025
191275168
100621696
68659698
54217344
175254588
120152370
49040973
40329900
18163239
358265600
330972505
65554340
90534150
251022544
41168539
995294
241701642
146990352
546851844
6808207
99186327
315668254
336048222
156007188
32968173
392527739
859684800
280288554
688509636
130798403
726860705
440307846
343413491
304756023
344492742
46315602
53090240
210839944
120783306
131051745
89152326
271946517
10319598
216447654
307445950
206512696
103451500
27342532
28163565
158659699
61539516
222710076
36357376
218005872
57006126
10389416
86469796
29634814
289452625
6249863
256247758
1185756
3862434
126138640
25749664
158062634
274493716
135976785
18182451
255521480
18310285
126563606
45926500
345557870
124342890
240562941
453758900
30457984
859303968
435587096
1184826
9361407
151252131
364130808
63799244
802785148
534121227
115729215
178566979
184075472
168164472
184796608
3442640
247072866
510339054
8775312
461475630
175420128
115555320
652116498
365900772
55807587
6924825
202481770
4392720
375368832
44311826
134326010
114004205
114153520
408817164
137615714
306145112
29408561
231429714
60333645
135897821
244401833
441476766
50877304
20392722
811897070
140354856
351260407
105298014
625032828
506877114
220380160
134228024
116207058
315207057
117896282
3995549
222726582
409069040
668637011
411855486
579298200
164380237
224962367
3323605
70501509
50608740
575466590
167510840
155368510
7322180
38411811
3184876
39866850
13064640
644116264
394129500
402675669
430105637
15015132
10155167
155715750
2999621
8961774
261210508
341169429
161227065
139840092
424105512
3109765
118144416
670557010
37649872
320736705
717134836
83866860
2532255
95794025
406953272
43844715
646476860
224523900
342420684
137894464
24156738
19768170
756765009
275197230
9281864
410456800
70566363
231212501
698817000
150721496
26348350
217144275
516576240
537161974
249593463
373152824
126593016
35517382
185684904
28232350
179442015
353074449
348000952
36012960
156090474
6381169
149989268
295040896
346040875
18319472
268411440
853052760
347294376
129737500
51052568
197928785
231409386
558823090
643205680
337612464
768642420
51342100
208585472
146697848
282814945
291839952
22797608
503794368
13878375
522824734
116074776
218412480
10282144
97880156
39124800
150784760
7241724
280613718
87427431
478912104
351940638
61173000
190362789
335446560
29828540
303111693
752102532
158867670
812852670
474882075
32946624
522573200
384249436
889242228
107830086
110426841
269180687
459941020
186155255
387384960
219154272
4269960
126909519
324721575
257131028
11387623
3729258
484200080
386671908
356110500
6899928
1791926
521074836
261178436
338634320
479957588
789471072
3954372
294510074
200049863
241879906
812875600
60419626
154434033
184175937
66799692
317677121
547893234
179204610
641239840
150458364
79096563
62940744
157139892
623112628
69694187
192490754
548799048
13157760
10174164
48073200
14039683
230958289
88470037
569498706
379782578
273000501
7623
206725035
298870484
9734300
16885908
455561722
230093889
554678
89767944
111041210
3503456
300486472
17619744
537580944
295250480
300396525
70525728
679988874
304214295
510003200
48969360
543184901
36711936
599195970
471303162
473581278
162943514
37962847
532924755
8277695
340583638
93933938
63357989
470164880
7382594
79863496
136169206
184347690
317496075
858792792
751825320
8148512
23606588
21512454
339193125
118033800
28712880
559343507
221409628
1787727
74076960
382017951
283844556
196353224
151776560
42002768
103913820
322925790
11843925
239230910
8457372
529741944
820733648
410424649
194607010
120681822
25440681
358657767
3004000
8380254
22379388
405105987
6313320
371145008
200219625
31628312
106186356
283846758
10360000
58951616
510245342
49049012
46192800
143331230
