500
345998016
184438434
123898240
260475000
2241052
471738496
526268928
116272571
295700800
42997625
528814640
75164551
360097875
111111390
403424232
207888450
59165088
592163481
308847000
9469464
54868164
15174270
210444024
453449763
369605548
16333650
194465271
265232140
16704900
18707523
105534900
533893308
472979199
280793592
58558528
659364948
265410336
287671428
316492440
420732162
1298304
256182840
4332096
501901789
21362070
35596470
15500997
59934464
120263389
649771419
32633452
413805067
67224282
695849700
106522821
90686509
47737319
30439760
347563028
206835784
21556686
675396666
126512904
11863820
93394672
93628185
364332150
304470096
220887476
37848420
271379500
976888
137812072
393651601
39514300
31642248
68226438
18120990
404303016
732901750
23085335
55844322
289635170
155483958
28735414
49562614
510658150
243203220
427969467
58802486
83736586
285892949
115378916
230236974
50709702
459166730
402400778
409911850
36222768
151363050
296398050
135578898
306464144
113784106
66105793
472338853
159076780
9962469
671748922
213972855
23249632
46314018
386425850
50665320
6749712
289040324
11418627
84564117
15411180
568361768
189419982
51942456
376543674
8573871
704903000
169646085
256076849
11124568
112284690
18173082
49956368
3037518
346919616
3293669
1566786
341061744
43141618
148239741
203379998
134158772
658064590
73600083
132855410
196193472
345259788
232341156
103780820
355208525
217117290
12035114
279515110
396530915
2920293
19883786
464355395
39634812
229262423
596190151
8711120
23818683
462071268
235227968
484839816
443813922
145099550
167226640
803693048
15760480
262433250
293488755
529797246
92329958
269561864
783694368
28218234
84161760
165491592
12817371
263566450
19133565
221525767
158055585
165101040
139019820
825344
219662712
46173526
65331420
30877980
65120200
72793152
180494964
489176340
116884128
62984544
716689176
16071264
128371866
408976146
444508812
372115152
98975485
497261100
24285386
1866975
92704768
109235196
33127758
27182500
95085852
108304763
406535572
157720388
300621442
6135240
103093776
45208680
40128600
90592095
77452569
26035110
285190080
427668
171935044
97763925
158443128
95151744
306446
572986054
414947441
964320
722060944
26253576
31409536
16059555
527868374
102510966
106809345
369941418
454512840
16516410
340577151
584504375
27563688
209409306
60265938
4848863
479254699
105343497
649359180
85773692
24945948
309839622
134809792
214478691
94484202
53793376
305406250
18717402
553160256
96003852
461410944
52256028
16996056
10770624
467303985
163236051
95773146
567145725
200410500
208252300
10107180
64556394
342796824
215091657
348302087
215158421
818379300
37635840
38689146
380840292
20047284
543878031
7555072
29801215
406894843
280901928
51228945
81508518
58831740
260257555
180621630
66296970
450256524
191178810
34305024
149600400
57385500
14464625
324760656
5245758
175350918
36490592
26052675
94049760
1670690
152066512
289775120
378432880
532654493
44720198
4490112
119476520
623440280
358034622
812750840
387730640
37141035
187899888
17826822
440664978
21383235
184310434
492018732
60158592
391200384
143686440
249302096
31661280
180017992
143646250
98866064
560873833
17008818
505499925
781986879
319592052
5379036
5616036
60350364
187638210
466563501
492702662
287384176
85848624
675887114
207949759
392051530
32649462
192498774
898350
653301882
171253728
464496963
31640862
111759216
75718872
339372143
420089190
99171138
208363312
688521780
460238121
28337576
169583904
87585920
105886170
322539819
1210605
72709650
31909322
277818814
387646974
421146
5353244
245222550
44310733
255281163
95185324
177743172
472229365
122285925
19775612
521591319
716078950
12530317
102734310
272578830
156864640
578596950
304866333
170507960
279247900
113293685
32485752
338693355
55799523
21967800
356422066
1853013
631635820
50610728
258050264
286512372
63648475
241777432
62433882
296872896
113846112
277719309
135237739
88513875
55531504
421809102
5784478
515660860
56072848
5335370
89630004
361245920
104472540
389925038
429081125
482488776
529655865
196461600
559043774
51497435
606580650
56925486
611476444
58227823
468862215
110456580
18350802
97017040
782865720
49416064
448962300
68681940
177864
480875200
12320940
21186850
11613555
269137896
349004628
292681080
366134430
118457190
65149728
4989500
385001968
37439257
10325835
191416236
285148248
154848012
37296756
198860977
779566500
177301820
47468457
110360670
356367168
173059170
574245945
595609720
339912230
605877440
133168626
23648288
119607865
487492463
167757975
86366767
566684745
91809744
3242514
13212400
64678144
193830
689664130
966432
408406400
581655130
96109490
582759723
487723392
890926902
99323336
148514022
9232650
114579132
288724392
87379323
311992512
74265996
136500633
184075578
