500
176675950
227987187
118813340
15577380
191828286
49270185
44434114
3845934
11903788
130525004
137503830
390003680
9733935
479033667
92788597
568899928
546057340
5146272
160844412
28089996
233905720
592886025
9763200
114684672
228795396
603328572
18334980
22886370
851528562
300857280
35574942
16309008
3094272
643472451
446670680
581313348
389651736
122083704
88862535
464718730
253188078
9431834
4023600
64225815
223879710
94367217
6673509
94377504
465806700
342428472
31855169
63781460
50385292
25621353
163976626
139518948
923685675
15167088
581662974
158420386
203370588
66386313
113732574
2331255
551910117
10508928
369772699
61970510
435248276
22248456
558882816
354630888
211732770
383598784
704486475
444008705
118051740
188772426
193005450
786672088
140656032
29779342
285275760
314565597
24851420
31502108
497033026
546484506
14492230
335456128
8623045
66210408
30741760
525965336
23605083
278407420
16514880
65540272
199754080
516503664
109286562
31689000
22018815
147758492
92571336
67719918
450363186
36453800
113379575
132618664
269127327
454943790
416086790
20314109
853970
184046301
283631251
156692480
183972288
558855300
21073698
463664
64536720
14584115
424411810
199568862
303821760
92225280
123500938
399973959
257294800
95563008
923144460
50811684
70577430
380321312
16039506
830882278
73570112
329511896
81780520
187332582
373067424
81902238
6657088
125679411
8541820
82315035
575628246
38811234
346216752
75257910
244848465
23148455
306123972
490651040
262768448
402824541
755295965
595493470
343289064
707656122
313093650
749532420
52858278
681360
343836787
784930086
192914056
427328338
375866
621990786
55499591
411943180
509090460
530032118
587020658
410755338
37737822
564098544
761758619
423922148
234137144
31844188
227782439
32230889
373241232
712223470
96088038
818880829
1175511
201416397
342187510
501849374
874157780
8628784
207866088
351585525
597875850
522220425
249973337
93505858
127645412
515685600
127240168
83685147
638245659
65757552
9551360
85557875
559075712
410423955
144306968
233629704
194660006
219514610
784473120
231225186
235131737
420783645
97080768
109399983
52904768
32944470
831394242
295471866
349241138
142111264
308471250
2387814
12382479
27982668
239853684
206685953
199714940
466730220
648032238
74394840
127960301
818530946
90939282
93685995
350221522
576795582
170518410
333227235
204849519
19360726
137815104
250296593
65330265
501336990
3367594
11759502
223799912
299468246
382636172
588339264
632477
346632066
34590611
67611152
175160544
120319342
100549152
228143355
28429794
163077120
429318708
220036473
140715256
347360832
335076588
17071770
550968883
35698422
193971456
7144176
107376471
4335590
638110314
27068610
161848992
94300819
327261396
169566
182258280
658784403
144808037
350721042
456910827
1778850
3952146
5334795
51928095
622834405
60451760
3035780
60161128
107636144
33457536
21253159
304334584
263052090
144761862
139570068
804800808
558346317
42800100
23018193
187935944
9240558
535084160
254096235
523285155
471119550
162816430
173853120
289865499
1891000
71035300
68456960
64725453
4787262
400955040
617982923
314351770
672304746
14165424
147474068
410739680
373434200
169814489
449128180
435623483
2678100
750867040
227516240
3036257
86103396
221281200
260366400
322584228
24282
54733788
5717205
265303170
17155292
67698064
455643992
136669830
87582006
77169823
57415540
94595970
193293000
6417056
721630624
250708239
248351532
451365430
5990573
383139625
385113580
9159865
170652688
41601408
86975460
241524012
608036406
658467475
2789071
21699209
103376000
638273042
11841387
572569465
848008512
193887652
283700128
198424560
15779760
82262410
265600027
25216857
67542800
370849458
24077898
409461462
683076422
15156792
229070661
113778116
244058848
282397563
6280628
61678295
112125671
712551330
189787006
108484480
104585893
131258712
18951702
132251058
120898050
646095957
370578208
40437360
708989088
3459066
237283760
128981736
110283822
2417427
602053004
34022718
24622556
130511433
302153544
15178800
6910765
299458882
69772976
16090704
7805756
571525680
195273540
5514708
19121284
82117674
344480420
408758560
241541424
142867894
20770931
224506972
227164112
266718924
12599048
322757100
422803744
10351120
170423813
803232940
748305936
107786496
142740
39194316
169808716
389407536
119963025
860166168
387133338
357843000
39231570
219240480
219989577
164948000
35688900
221825934
251527440
216536370
9446580
20130448
2789568
15654150
212495220
203095405
557276571
73640034
572725216
35747278
45810492
67802
74969253
72217480
252970812
62241480
354431246
66686712
270279354
2940656
265441395
12647551
191513274
437603911
6721752
249418924
234020169
604486194
204685896
3529880
3253932
524438
33572860
21002409
3538849
258849063
36284345
