500
171283175
9404928
34499088
260664978
518691789
47717650
468076854
206685737
248748840
184220
37143504
284726480
8958600
81494280
433400136
764757056
7280280
744552305
294158256
359855500
419935635
270368472
38787372
791274095
227172284
611288856
103353250
389587300
680687739
160479678
9967700
194630352
100199263
577021700
113637411
180406863
328460080
117529448
83084925
521853370
3513636
54285777
459596936
90006735
979176447
161303137
129901616
255495090
61179066
403819360
16948404
499584590
191664018
511048928
894384520
482519154
7708363
319544888
696725064
94208158
173689108
569408016
704045594
397314392
287979984
29726825
408333371
410811478
296630984
308557260
469859630
770736148
1814976
200250880
452669336
182120480
111289632
576772905
546755916
476742656
636337600
177493256
72738928
639743700
32418265
289635432
22317549
234097647
5689815
6725430
40572000
695620012
68528271
265777740
542407695
162149904
580953
313742247
535157382
7414208
85613256
651299774
47348
30575748
197874144
238285155
212930685
35303759
150015285
169182144
3447955
487866015
106557404
4495755
32885968
98047203
434113962
291071550
152882037
58432332
12444605
1664630
137533873
2161321
351921078
193915634
284762190
485799032
408738267
42334852
10447056
235226957
24491643
49498150
27844110
308073030
49016928
176114069
202386192
17435718
14349500
611907051
360842888
560034852
14952648
52899936
375983325
72013188
504633416
521056274
228196528
165875472
500782990
402769220
417820770
49555968
113015970
555737616
22606144
111492094
519325416
602713344
34601375
50851053
73054142
5984370
283686744
97766500
131016873
347655308
104605200
179719175
83257704
528933092
176411334
169785264
203388974
74167600
146912508
253953700
169671024
752202
717203055
124740616
567643773
208656259
547831452
9635846
1680607
67375620
80581086
323907678
355386416
535479120
237839724
165013710
424419660
20599600
5667655
50209516
743384952
2361142
756313600
10714090
642873000
251780496
556232810
81472358
830413713
309467250
104859440
180678
182802412
373806909
763753001
491778450
204936876
83844145
110676328
463894100
248331910
21098350
41092650
70954246
210035952
50878950
81849894
436968816
87412689
235128597
127290112
194124728
24317740
38962400
111985408
849846632
363676
511278075
68452200
32460189
99930537
25780062
150117123
153461730
465419682
215454596
566820540
118783265
396297279
538996140
553626160
27483610
408148
529596928
252930500
404312400
845238
104846560
501033258
98206560
62773722
182395470
5946076
90040374
372597856
81504784
77152350
506538269
217514447
265070468
3463548
8090734
277254111
112700420
199710159
19060610
10675308
230920564
328220060
178234140
116446225
125785536
74685556
232774938
54102400
36151983
647891760
389399538
105268243
339265360
173535254
235054828
301302484
426312480
446178240
239334143
864882718
51339288
142893904
342894240
153363
377737560
87642720
77716254
235242660
388608897
527129440
657177868
16236684
68547633
353723552
306118871
155773388
407610784
12698075
336568960
251150
771965696
801129325
542351040
592521040
142808130
73601028
824355
27686496
299111914
217843281
255634362
1548456
120870500
24466594
483037639
256376432
252227160
671847150
216152787
122710354
14468844
296757605
691006140
197026632
117936972
5210509
359716925
273934398
34474125
212727884
33715920
10208880
526128680
723837205
52123114
35252401
290371590
183478308
198219456
59459678
746304
86385654
418594666
151631088
638150960
8424250
199202080
86951245
195626755
420386260
496280552
538850160
260898120
761040054
2005740
25698690
3646840
169700445
2647574
46912088
96898893
81147096
229083978
454002150
249911815
24940926
39716097
257406250
106900333
613166939
209459712
69887328
30839802
614499462
91658877
299478080
509812880
751288890
155600064
458895803
267996
541889392
82328238
444069358
158878708
1482660
31171723
22394333
58966744
37527056
1344440
11392533
602926740
398315730
62936480
490410270
433778
36814083
59092
60159720
11482884
11343770
530043795
50608575
276063
263806035
892989627
254788362
230039334
368052468
570309244
233773064
150430595
504451290
267867931
11041335
50404125
545881985
223412175
70992812
545769366
390321715
572683646
228991420
397684415
676742748
56593486
20873834
582093200
8427240
10381758
1397296
89635392
451545780
856627569
21183238
326442636
248779472
673397400
6789692
22826262
140189616
791865984
249359480
476136144
12582180
4544100
401317906
100158348
1297042
45331440
245086604
130674432
108353065
412331880
101116412
251913990
352376442
563560704
704578821
261180365
23659200
153498484
746478228
173049375
24445380
477882300
11964583
405405
312197622
675656384
258313640
428457980
126036722
30511325
9439556
87635520
109835880
509179188
730326400
37677985
173676129
294408705
