500
44355032
563534239
425652144
747816292
416214130
240216899
500096025
155582100
934370140
37125288
211068736
401055004
20435800
268323900
734885814
307126080
429436404
674280664
65412374
140675360
21744177
75629911
36484032
178662852
34353666
767985246
130360164
59699064
269705990
140504650
54420012
876835104
152099656
80231640
756020088
605875302
12849086
123810336
3678675
237608400
84888466
74449086
222014072
326003696
409980962
78073656
64722000
178802992
522301641
339420256
312897410
152508354
524464226
496456290
370835776
921351762
758127033
501548562
1528254
99774156
24167259
274961740
3787974
124055784
487890576
370472145
540807603
7200325
215648
130609280
376543580
89604729
138100032
240633166
215094268
469826971
55332301
21317831
77220800
856080
10815604
239538456
432312140
723690450
17145648
30982320
27607340
351482280
174414700
447192795
65840
239268000
479672512
161151984
12676614
109846520
611898795
2157335
493000512
332405366
766446624
9756692
541852166
251238468
434956608
144354210
543511896
8537890
561633720
881266148
142706250
123923154
378937850
113484643
43493527
49188690
40973636
286361109
90300216
8505874
508760384
1442727
99560024
14115618
386817210
492644199
642363708
91652814
476164050
143587560
291132058
346832325
207274382
19480090
147092696
80017280
197562767
646080925
196371238
3890640
9782016
137540720
30836592
292219191
152290724
28578564
45061458
106743931
291652488
121963800
14306376
969155387
639739320
605
4531500
898407726
45632488
102322584
40474546
2402430
165086508
680716424
14039042
225666210
111020256
7496748
468590675
240577388
550712355
13489092
8549200
346589796
5458536
227222743
123361299
391782792
10778523
531577714
19197542
693604170
4288764
212325438
99141675
493002976
785968788
19948064
163631721
13469738
341568240
27936406
10622368
3050289
253753561
355375620
749442650
149342508
519574208
44718732
82368390
77301
59926585
3268416
64830312
254952005
562475452
28844207
96574660
51875465
431450928
607383170
393486750
299852800
79207296
101849969
489754135
51993972
233641269
301169472
40450722
23997960
528831232
3379750
148246056
117249041
245620242
216913955
61065032
736322356
5214818
635133810
395354067
181689430
669715340
176247232
464389856
53010048
157223080
250723658
57764742
9973930
174325856
125433000
157474751
61847065
140077854
14985009
98389908
96995404
242223795
97714672
411029171
345836622
639617550
343290710
108558324
223152147
118000788
685370878
171515883
376899888
283212976
61740000
93600144
90545630
119443376
871821098
397183550
7597260
195766583
705189264
132396264
283012730
543301824
3397639
94945956
111423504
422256435
159756475
384179208
98131917
125767726
110741112
267547614
21875304
339700830
180799438
15216993
307781630
205664832
75899488
586851206
266242972
356806328
455017243
279792891
64609006
270575179
88743505
785884332
7097223
259469470
848668194
144252885
353154558
670594680
106118478
17011358
56407108
287687035
439294662
246422286
415232972
151051623
181944145
19456519
169295126
278955684
355056774
189389292
70609011
818589274
436758366
649366816
309101094
39926068
845775732
410824548
12687948
555496100
191375996
399001264
478127880
356959624
28023294
5680994
671319446
104932740
38259810
174901974
11133990
572020389
55672340
457245204
335111688
76590340
90868716
5376240
32242620
792180416
448755957
303305487
2118314
104618921
639059631
145391193
206623598
259000185
158105460
669207455
535788240
622249896
32216235
8712900
203568056
15303771
112085792
80879352
377042094
200988640
830449776
41567071
141166760
204559643
47589092
147202152
173629092
171987790
4187526
82077985
96737592
226397440
577727661
269475517
17520672
95362863
1618500
73596588
390326728
133471458
12262740
323009267
5222880
344981507
174033594
277525
518518207
126741153
333574469
212233152
117300848
3716466
284216629
26428932
915612
302721104
60286884
7630588
263041208
509362236
428645602
256899288
586186542
534607080
149651668
1965376
1940111
843170198
306037012
4512088
124617343
90345016
511072564
62798028
494561812
469854715
4878300
224084448
392983110
138825500
129296262
271004130
376245129
377273198
219456888
346539706
7942983
411664283
136002282
481590150
232370518
16566900
410895397
515217400
9009352
168972590
476032623
543462528
167307910
333483543
30681072
57091229
398953935
13091771
109153686
13935737
21000864
95900409
278396679
110152980
139008000
531003366
520299444
231611481
2161140
77886623
843684
142777980
593261580
1607607
289238510
593423352
225492000
221616752
193382200
705260766
2885260
179294700
518588856
14728864
432644634
62460447
105308811
163031288
597782745
100845708
339773185
166563000
212534014
1167360
684027064
307937370
309309068
364080625
71603994
9242302
141843289
264177810
322592
4301246
342005787
