1000
100000001 100000001 100000001 100000001 100000001 100000001 100000001 100000001 100000001 100000001 100000001 100000001 100000001 100000001 100000001 100000001 100000001 100000001 100000001 100000001 100000001 100000001 100000001 100000001 100000001 100000001 100000001 100000001 100000001 100000001 100000001 100000001 100000001 100000001 100000001 100000001 100000001 100000001 100000001 100000001 100000001 100000001 100000001 100000001 100000001 100000001 100000001 100000001 100000001 100000001 100000001 100000001 100000001 100000001 100000001 100000001 100000001 100000001 100000001 100000001 
100000001 100000001 100000001 100000001 100000001 100000001 100000001 100000001 100000001 100000001 100000001 100000001 100000001 100000001 100000001 100000001 100000001 100000001 100000001 100000001 100000001 100000001 100000001 100000001 100000001 100000001 100000001 100000001 100000001 100000001 
100000001 100000001 100000001 100000001 100000001 100000001 100000001 100000001 100000001 100000001 
100000001 100000001 100000001 100000001 100000001 100000001 100000001 100000001 100000001 100000001 100000001 100000001 100000001 100000001 100000001 100000001 100000001 100000001 100000001 100000001 100000001 100000001 100000001 100000001 100000001 100000001 100000001 100000001 100000001 100000001 100000001 100000001 100000001 100000001 100000001 100000001 100000001 100000001 100000001 100000001 100000001 100000001 100000001 100000001 100000001 100000001 100000001 100000001 100000001 100000001 100000001 100000001 100000001 100000001 100000001 100000001 100000001 100000001 100000001 100000001 
100000001 100000001 100000001 100000001 100000001 100000001 100000001 100000001 100000001 100000001 100000001 100000001 100000001 100000001 100000001 100000001 100000001 100000001 100000001 100000001 100000001 100000001 100000001 100000001 100000001 100000001 100000001 100000001 100000001 100000001 
100000001 100000001 100000001 100000001 100000001 100000001 100000001 100000001 100000001 100000001 
100000001 100000001 100000001 100000001 100000001 100000001 100000001 100000001 100000001 100000001 100000001 100000001 100000001 100000001 100000001 100000001 100000001 100000001 100000001 100000001 100000001 100000001 100000001 100000001 100000001 100000001 100000001 100000001 100000001 100000001 100000001 100000001 100000001 100000001 100000001 100000001 100000001 100000001 100000001 100000001 100000001 100000001 100000001 100000001 100000001 100000001 100000001 100000001 100000001 100000001 100000001 100000001 100000001 100000001 100000001 100000001 100000001 100000001 100000001 100000001 
100000001 100000001 100000001 100000001 100000001 100000001 100000001 100000001 100000001 100000001 100000001 100000001 100000001 100000001 100000001 100000001 100000001 100000001 100000001 100000001 100000001 100000001 100000001 100000001 100000001 100000001 100000001 100000001 100000001 100000001 
100000001 100000001 100000001 100000001 100000001 100000001 100000001 100000001 100000001 100000001 
100000001 100000001 100000001 100000001 100000001 100000001 100000001 100000001 100000001 100000001 100000001 100000001 100000001 100000001 100000001 100000001 100000001 100000001 100000001 100000001 100000001 100000001 100000001 100000001 100000001 100000001 100000001 100000001 100000001 100000001 100000001 100000001 100000001 100000001 100000001 100000001 100000001 100000001 100000001 100000001 100000001 100000001 100000001 100000001 100000001 100000001 100000001 100000001 100000001 100000001 100000001 100000001 100000001 100000001 100000001 100000001 100000001 100000001 100000001 100000001 
100000001 100000001 100000001 100000001 100000001 100000001 100000001 100000001 100000001 100000001 100000001 100000001 100000001 100000001 100000001 100000001 100000001 100000001 100000001 100000001 100000001 100000001 100000001 100000001 100000001 100000001 100000001 100000001 100000001 100000001 
100000001 100000001 100000001 100000001 100000001 100000001 100000001 100000001 100000001 100000001 
100000001 100000001 100000001 100000001 100000001 100000001 100000001 100000001 100000001 100000001 100000001 100000001 100000001 100000001 100000001 100000001 100000001 100000001 100000001 100000001 100000001 100000001 100000001 100000001 100000001 100000001 100000001 100000001 100000001 100000001 100000001 100000001 100000001 100000001 100000001 100000001 100000001 100000001 100000001 100000001 100000001 100000001 100000001 100000001 100000001 100000001 100000001 100000001 100000001 100000001 100000001 100000001 100000001 100000001 100000001 100000001 100000001 100000001 100000001 100000001 
100000001 100000001 100000001 100000001 100000001 100000001 100000001 100000001 100000001 100000001 100000001 100000001 100000001 100000001 100000001 100000001 100000001 100000001 100000001 100000001 100000001 100000001 100000001 100000001 100000001 100000001 100000001 100000001 100000001 100000001 
100000001 100000001 100000001 100000001 100000001 100000001 100000001 100000001 100000001 100000001 
100000001 100000001 100000001 100000001 100000001 100000001 100000001 100000001 100000001 100000001 100000001 100000001 100000001 100000001 100000001 100000001 100000001 100000001 100000001 100000001 100000001 100000001 100000001 100000001 100000001 100000001 100000001 100000001 100000001 100000001 100000001 100000001 100000001 100000001 100000001 100000001 100000001 100000001 100000001 100000001 100000001 100000001 100000001 100000001 100000001 100000001 100000001 100000001 100000001 100000001 100000001 100000001 100000001 100000001 100000001 100000001 100000001 100000001 100000001 100000001 
100000001 100000001 100000001 100000001 100000001 100000001 100000001 100000001 100000001 100000001 100000001 100000001 100000001 100000001 100000001 100000001 100000001 100000001 100000001 100000001 100000001 100000001 100000001 100000001 100000001 100000001 100000001 100000001 100000001 100000001 
100000001 100000001 100000001 100000001 100000001 100000001 100000001 100000001 100000001 100000001 
100000001 100000001 100000001 100000001 100000001 100000001 100000001 100000001 100000001 100000001 100000001 100000001 100000001 100000001 100000001 100000001 100000001 100000001 100000001 100000001 100000001 100000001 100000001 100000001 100000001 100000001 100000001 100000001 100000001 100000001 100000001 100000001 100000001 100000001 100000001 100000001 100000001 100000001 100000001 100000001 100000001 100000001 100000001 100000001 100000001 100000001 100000001 100000001 100000001 100000001 100000001 100000001 100000001 100000001 100000001 100000001 100000001 100000001 100000001 100000001 
100000001 100000001 100000001 100000001 100000001 100000001 100000001 100000001 100000001 100000001 100000001 100000001 100000001 100000001 100000001 100000001 100000001 100000001 100000001 100000001 100000001 100000001 100000001 100000001 100000001 100000001 100000001 100000001 100000001 100000001 
100000001 100000001 100000001 100000001 100000001 100000001 100000001 100000001 100000001 100000001 
100000001 100000001 100000001 100000001 100000001 100000001 100000001 100000001 100000001 100000001 100000001 100000001 100000001 100000001 100000001 100000001 100000001 100000001 100000001 100000001 100000001 100000001 100000001 100000001 100000001 100000001 100000001 100000001 100000001 100000001 100000001 100000001 100000001 100000001 100000001 100000001 100000001 100000001 100000001 100000001 100000001 100000001 100000001 100000001 100000001 100000001 100000001 100000001 100000001 100000001 100000001 100000001 100000001 100000001 100000001 100000001 100000001 100000001 100000001 100000001 
100000001 100000001 100000001 100000001 100000001 100000001 100000001 100000001 100000001 100000001 100000001 100000001 100000001 100000001 100000001 100000001 100000001 100000001 100000001 100000001 100000001 100000001 100000001 100000001 100000001 100000001 100000001 100000001 100000001 100000001 
100000001 100000001 100000001 100000001 100000001 100000001 100000001 100000001 100000001 100000001 
100000001 100000001 100000001 100000001 100000001 100000001 100000001 100000001 100000001 100000001 100000001 100000001 100000001 100000001 100000001 100000001 100000001 100000001 100000001 100000001 100000001 100000001 100000001 100000001 100000001 100000001 100000001 100000001 100000001 100000001 100000001 100000001 100000001 100000001 100000001 100000001 100000001 100000001 100000001 100000001 100000001 100000001 100000001 100000001 100000001 100000001 100000001 100000001 100000001 100000001 100000001 100000001 100000001 100000001 100000001 100000001 100000001 100000001 100000001 100000001 
100000001 100000001 100000001 100000001 100000001 100000001 100000001 100000001 100000001 100000001 100000001 100000001 100000001 100000001 100000001 100000001 100000001 100000001 100000001 100000001 100000001 100000001 100000001 100000001 100000001 100000001 100000001 100000001 100000001 100000001 
100000001 100000001 100000001 100000001 100000001 100000001 100000001 100000001 100000001 100000001 
100000001 100000001 100000001 100000001 100000001 100000001 100000001 100000001 100000001 100000001 100000001 100000001 100000001 100000001 100000001 100000001 100000001 100000001 100000001 100000001 100000001 100000001 100000001 100000001 100000001 100000001 100000001 100000001 100000001 100000001 100000001 100000001 100000001 100000001 100000001 100000001 100000001 100000001 100000001 100000001 100000001 100000001 100000001 100000001 100000001 100000001 100000001 100000001 100000001 100000001 100000001 100000001 100000001 100000001 100000001 100000001 100000001 100000001 100000001 100000001 
100000001 100000001 100000001 100000001 100000001 100000001 100000001 100000001 100000001 100000001 100000001 100000001 100000001 100000001 100000001 100000001 100000001 100000001 100000001 100000001 100000001 100000001 100000001 100000001 100000001 100000001 100000001 100000001 100000001 100000001 
100000001 100000001 100000001 100000001 100000001 100000001 100000001 100000001 100000001 100000001 