500
77880
93058
44275
168264
609390
27118
207713
2640
859185
32982
96330
201229
295119
543375
38976
295298
518256
293618
95928
22632
28770
342584
350
383235
141120
103353
73875
292530
367710
67925
619136
3984
192432
6188
14256
28188
233655
133380
16380
111650
198627
1504
101816
172855
74690
786840
161974
191180
584108
395577
263025
234585
327520
42445
180320
699625
464602
76212
22074
44427
101584
242055
9750
744369
10585
116034
275616
877908
323078
136822
293436
541662
232848
465500
54060
166980
265188
601554
271614
229680
95078
395746
150880
394134
327672
808320
460638
23264
27984
576396
482356
122980
484352
395250
59598
59080
79927
233856
237916
230153
854644
26884
99898
654327
689396
91154
396000
134640
145024
450468
218112
1248
15120
444000
288960
15408
315135
126090
270246
590700
578655
33040
295356
48360
317262
14981
422874
10439
138306
330844
238288
78336
169785
493582
337340
183872
179056
190568
290700
587160
45540
418574
556182
102960
72128
6042
336042
226460
27840
249560
160060
977000
404581
1496
149707
78729
580254
49105
922350
244150
334650
57564
455050
47680
7098
448056
216590
86632
17140
292974
484592
297702
717882
422448
93617
189805
166635
112887
5226
74725
471357
26535
30408
425445
18175
517345
68796
700188
56940
341134
419986
140892
20128
288522
457796
69460
178358
94864
347991
19090
63595
127986
15496
291489
130790
85715
71757
292392
260952
268345
318976
37338
515805
89813
387320
258672
956403
871200
69000
29359
319592
322784
589942
187920
487930
303314
390590
418907
298752
530816
216398
352310
311850
156736
377289
916800
715472
359534
717826
45188
22724
97028
245952
386400
203184
702214
108558
260442
80811
626572
79310
214720
332206
57879
193936
390060
188400
173148
5302
16530
138215
214428
107823
247328
142680
12342
369032
72216
212888
381006
384559
355388
6640
144434
777780
786654
13524
742720
27336
2684
149126
25200
171027
38367
147186
315684
247250
182557
84694
10024
151890
790508
187920
293280
323085
10101
698054
5868
333222
141432
42168
89063
52432
182080
17052
167328
336895
85169
97962
305942
146608
14736
60663
345356
450394
633250
607614
288672
456786
123840
10764
139440
449330
58149
45201
115607
251732
179103
668820
70912
487224
170660
475938
93685
123670
74390
289926
1202
120530
288880
256084
412538
949630
8148
38570
268780
10960
911625
110768
4898
36556
709560
22692
24680
140624
16988
898560
407540
370047
238337
116160
438228
77870
778305
132561
33390
369072
569664
568516
160721
647592
212824
311645
136576
625660
506331
788832
308328
354914
133164
204060
93720
64925
120012
134247
137634
238788
128304
256432
278185
26563
546940
529380
564000
1625
22607
62805
336226
717360
842886
561172
457412
208794
67971
309760
896495
61484
223110
519080
196800
648179
6630
85618
550352
39780
118342
42288
679320
142590
257754
29766
232880
72816
518346
849551
611314
251119
337237
61656
319554
268284
119880
926000
1624
127253
154525
202071
86625
643162
688459
51910
210267
503886
194832
288190
112725
39422
22687
228852
551004
59175
55527
783852
89112
34998
164268
480012
120939
50615
375990
183000
354970
655270
290474
456144
14720
27903
86460
555800
294283
233700
117024
390500
425645
564512
77390
368280
186608
625680
84929
392676
40098
32028
274134
130835
3068
65960
38184
241870
38760
603840
114144
522759
527877
78542
15428
493350
109560
195112
24864
