100 30 10 30
2856 3242 9674
-9524 7789 -6909
-3760 -9292 -4520
9332 772 9060
-2400 1120 -746
7720 7400 1359
-4652 6396 4467
6536 7420 -5000
6800 -56 -8784
783 4680 9071
-8212 -5222 -4193
3232 353 -6360
-3110 9384 -9962
7100 -5840 8098
1684 -3484 2876
6058 -1604 6148
8149 -6250 -9825
-9364 172 7852
-664 -227 -4496
-725 -4868 -7408
5650 1936 -4744
-1112 -8343 1501
-1228 4355 9892
953 -6728 965
8720 3211 3650
5980 -8428 -9396
-9200 530 1581
-9112 -2028 4072
2928 -5119 8324
610 -1699 -7698
-1040 3920 7212
1298 -3412 5596
9128 1666 9087
-7320 -100 5830
-6528 -9100 9071
8032 6133 -2278
-9194 5020 8960
6170 1742 -3238
-2490 -1468 8215
-988 5176 3084
-8452 -7216 1268
9102 3195 1856
8848 -9303 9360
-3908 -4426 6826
5040 -152 4323
7349 2994 8150
-4750 -390 3431
360 -2384 8297
6144 -8725 -380
6780 594 -449
3688 6486 8648
8932 -7356 297
-4906 8340 -7984
6488 4023 3250
5028 1720 4888
-7570 9791 -3700
3808 2184 -572
-4668 9624 -1150
-2600 5802 -2833
2150 7521 8650
965 -7170 -7920
-6432 6152 543
-7952 1472 -9921
7688 -7376 -585
6116 6236 -995
-5150 -8648 -380
-283 -1470 7941
1272 -6169 -5406
-9471 82 -7696
-8947 8474 4410
-3761 -6408 7930
1119 4370 -2556
-9826 6635 6235
-6060 7856 3668
4190 -6060 3120
-3815 3632 -5175
7215 3024 -1742
3220 -2235 1584
-5879 4075 9362
-858 -780 -2115
4694 5878 -3504
4723 7688 -352
-5920 -5792 3618
-3866 -7728 -9110
3796 4215 6872
-6400 171 -5679
5932 8344 6266
-6561 9645 -880
-1792 2183 4124
-4380 -7480 -2823
1578 4783 7922
-5364 7800 -6132
-560 6065 1386
3382 16 7393
9320 8600 2375
3521 -5768 -8278
9575 5296 -351
-6108 9764 -1605
-5063 -8350 5955
2515 144 -7607
