90 30 30 30
-3012 -7250 8432
7182 -1190 7300
9304 -9817 -388
-3134 -7730 4304
-2080 -9841 -343
-4263 -8248 -6528
5540 574 -2026
4410 8408 -9012
-2852 -8320 -9828
4450 -4613 -9928
80 -4153 -3360
-2225 -5840 5401
4475 9676 773
-8000 7840 -6920
-9988 -9264 7685
6500 -7554 -6808
7160 4592 752
-6800 -186 828
-6622 5300 430
3438 -4830 3036
-5885 5357 9246
8813 6760 9052
-5616 -4063 -4880
-9092 429 6740
-4824 7975 -9452
8705 -5166 3616
-5969 3760 9000
-4750 -144 -7105
5976 -638 -865
2068 2258 -504
9872 9696 2745
2807 7761 6004
-8040 7980 5303
-3077 3142 240
3600 120 -6318
-1659 9344 1850
990 2565 4597
2158 450 1556
3433 9472 5948
4363 8499 9251
9386 4520 2275
2615 1060 1645
-5064 8693 -7525
1033 -6762 7254
7872 2100 5376
-5132 -344 2740
-2528 5815 916
-8602 -656 -7546
199 4715 6864
2549 5281 9652
9920 -5101 4285
1120 -605 2408
-2440 -6306 -74
-8996 9408 -7368
2230 2006 1165
-2360 -7325 5140
-55 -834 5080
1960 -9783 -5342
-6160 3108 -736
-2872 -6500 -8830
-7172 5112 8133
9009 -7360 9200
-1665 -995 -4238
-7724 5376 -2445
8689 -5040 8132
-2920 -4712 -3705
4547 2700 -7070
2780 6672 -4505
9064 9950 -3150
-8656 3120 -5374
1284 -3084 -6650
-990 555 1862
2503 521 -2414
-1309 9190 -5700
-5048 -415 -8840
-275 3968 8960
-2720 -3480 -700
418 -4600 -7320
8833 6120 -4960
-404 -9042 -5239
-3640 5141 -7808
-368 8135 9330
5360 6696 5998
-10000 -8186 -1256
8063 9456 -6880
-6050 -1496 -9987
1472 -5720 -3210
-8056 -4662 -2170
-540 -5992 1500
510 1550 8528
