10
216429350728001180 226088308170528512 27926057800264624
50372591242348800 50717066258275800 1714810209651000
551611030122546576 553071244678772040 2961315787172328
136235544007208646 139045807827331446 6357008446133184
2511402263623168 5197032388945280 191211593880840
58297275785790800 62263183921684784 10267843332372192
71794804658182200 72750363142592256 5552132661426000
71605103044812876 120074304772145620 54430852392324792
4306766281625880 6527317679152944 3741961610646420
65563490830365360 78565785823252980 14883221842895070
