10
195795864880421344 217127301878735782 27132362349601392
103173573952644000 110679528370731132 19668570191283984
18668491605679000 21252114179552380 3650273101063680
24278360221655040 30733111377878784 10833052849361190
19515502199592672 27153438795477408 13290659285085000
662649678499087755 663158918876719755 9048481524668416
23668774369034130 24073005018763052 464309330070816
94475055591966000 110276545945117020 84359892716095827
238491531654713370 252020654196646170 114834810776217156
46121660607262240 47560347270950752 2106571794500250
