451
2550 9722
1259 1465
1859 9664
167 342
1485 7226
2514 6435
113 8755
3998 549
190 7
1413 2148
2803 5542
6944 7276
9690 8424
551 2631
3269 7600
8042 5704
4775 1812
3968 25
5239 6507
333 6935
4913 1368
265 9084
2061 5542
8687 4317
3940 965
4691 8533
3024 8084
9352 3234
3635 3759
3217 8223
2475 3499
9814 2226
7765 6735
5578 1446
1567 2661
9306 8204
4914 1666
9240 3053
2176 7570
4713 1923
3498 5080
8939 6121
4693 3365
8652 5232
1710 5093
535 9331
2908 9522
800 4733
725 6356
1506 7370
2131 5606
8630 5083
9448 607
231 9886
9056 8959
8628 8526
999 4728
2981 86
7451 2032
6290 2540
1186 3508
320 5723
8974 9342
5534 9265
2560 5258
6751 7579
4924 230
4120 2414
3404 8
6381 344
4615 5700
183 9349
1043 5006
6297 358
7016 445
6915 1727
7335 4945
1046 9152
92 6807
7289 7462
799 1818
4203 3843
5089 3291
330 4028
8597 6100
5955 9937
1308 3962
8939 9682
5159 2034
5182 3312
6886 1301
4982 7729
1286 5302
7999 7816
1755 404
5304 3797
2666 8203
4636 7145
10 4496
546 7660
6539 9980
9569 9554
2136 4552
2120 3180
1802 1259
6590 1771
3869 240
5381 2778
9398 9803
2660 1901
7237 493
3093 8340
615 2070
8411 4916
3152 2651
2329 1112
135 5464
2959 372
8946 2919
1222 6331
3588 850
7055 545
8084 7541
38 243
9423 6392
7789 2501
8657 379
5670 3996
5728 7635
1008 6574
4058 3972
903 7783
288 2927
2517 7246
8594 4687
2013 5687
5597 2766
3770 8121
195 8125
4083 3554
1578 2340
9569 8234
5911 2470
1252 966
6012 1833
5795 2446
4512 4852
6835 8369
990 1002
8683 1479
4017 4583
6229 632
4302 7224
3510 2203
4178 4319
4146 6209
238 407
6538 8627
2208 2117
2327 3352
1940 3696
8492 380
7914 787
8359 4702
7002 9344
8088 9129
8693 279
1573 1686
8638 999
941 8015
4554 324
1131 70
3939 4378
5118 727
8531 1009
119 2556
8143 4978
7170 1904
5441 216
7977 5910
8939 5866
1413 7163
9417 1320
22 6665
8934 9124
309 3389
1922 516
1912 9835
9218 1829
8550 6960
7480 9314
7356 41
8949 1220
558 7762
8812 3452
9698 9489
2649 2272
2762 7301
754 1890
2288 6217
7981 4887
2055 1981
4658 6678
2095 263
5698 1359
730 2805
6664 767
2733 8406
78 8993
6969 5146
8596 8214
3498 3000
8141 6825
3055 7711
1658 6348
587 3822
5499 5367
7899 55
4450 9699
6026 1713
8235 7057
3441 9118
9770 2048
6451 317
9715 351
2600 6001
367 4095
856 6833
9581 4973
6635 241
5016 3695
335 4096
5368 1437
217 1395
9067 3410
5087 147
1381 9570
2517 4275
5494 7246
7446 8501
203 2214
6006 413
5783 3631
4758 9749
3604 7029
4664 1491
3636 7570
9523 6184
8397 3920
6505 6234
1284 3516
1095 1588
8313 571
9980 3100
4148 2321
8926 6822
6350 3151
858 8759
7044 1229
4154 573
999 6025
8956 4509
2567 6254
8272 7596
5089 1273
2146 6786
2726 3128
137 4892
7438 7220
1903 4097
3821 7872
4531 3672
4357 2130
8715 9560
9660 5938
2269 8191
2256 8784
912 1559
7400 5435
2046 5910
5644 6367
6573 3413
2792 9999
7039 4515
1325 3236
550 7754
3144 4676
7708 5811
7351 2534
7954 3318
9689 6981
2759 9861
2022 3155
2588 1353
2575 976
6741 4300
8887 1403
5410 9529
6962 2056
8127 513
6700 3363
2233 6544
4062 8148
5106 5599
925 2612
3143 5291
9267 2686
1856 5669
4641 5241
2855 1819
3077 7846
2525 1544
8873 2373
3865 1160
1260 6332
8466 3006
2758 7834
1151 3849
4598 8345
4877 5460
4829 563
2898 8877
5536 7095
6223 8537
8618 4939
1243 7334
4433 1188
5533 3712
3818 756
9498 7384
9487 35
1856 7714
80 3441
4930 574
552 2731
6677 650
5745 8380
6490 2230
7258 3350
4030 4216
2152 401
9630 7024
2715 787
6174 8014
8867 9056
524 2659
1522 548
833 7654
4484 5231
2472 3000
1036 3409
8898 2026
7280 4614
5545 2717
8200 9235
7715 1289
371 9106
7785 931
76 1066
825 8953
6091 3571
4744 1728
6094 8824
2204 6976
3177 6509
3338 461
5707 9891
3131 506
9971 3306
6805 8617
8211 2711
151 3942
2564 5718
5060 1077
6442 3858
4595 6633
4490 8850
7846 247
1401 4294
5979 2665
7527 9907
2208 3207
300 3562
3546 5379
1281 2288
2135 5732
2146 6378
6786 6422
482 4231
8695 1472
592 8402
6871 6758
5529 3240
7870 5855
4493 5495
9204 9002
4134 776
1649 7933
8327 1518
1973 5998
1138 4879
1286 3541
9245 243
731 1345
2805 2426
1049 7034
6307 5811
3004 2328
9294 3339
744 9874
5730 8370
9360 8633
3759 5492
1047 6086
2149 4422
53 7313
8095 960
828 740
989 6186
9372 1391
6838 810
6835 7437
685 141
9849 4711
1108 9539
9212 8375
3246 6272
967 9808
8554 9760
3208 28
6365 8651
7090 7110
5934 1434
7984 5241
4936 3497
1595 4840
7884 9213
8653 6032
2437 1783
2999 875
4912 7721
2209 1110
4027 7193
48 5301
8669 2004
4989 6870
4423 9685
2195 467
9834 5462
2329 1404
9192 1637
