1000
10529007 306277193
247593049 439327736
619341163 1217670214
199717495 438764714
56138835 309367437
252439366 644550959
84104289 666399127
666733086 808889755
203820468 531331398
193931306 510126889
329356884 996096277
522282494 691935586
73037702 469319363
390717784 743094083
373236745 1032648260
308905236 321113714
534180122 902846343
359089117 647449242
11089006 325313702
12491150 279598929
256423734 353960731
161551532 774990332
481719478 735121734
297229916 728383020
403581442 538371731
367263573 1070881925
551995034 854797063
1375611 147912763
78936428 228272791
336189287 402829571
510880078 807441328
403208342 813641959
2785802 254488672
547897809 729708974
53125846 376534832
576827569 697251989
418443060 915291873
363091990 907446763
349547472 887170983
317666115 344956898
608655638 873559029
358990713 874222893
465548143 1032641124
443930388 1078688492
359370548 1068190634
577248721 1261460501
663066062 1295440128
574229680 945170074
388830462 418752026
669043172 935457144
548602936 692379260
399885400 961035542
599919644 974079385
289095490 928690439
429737604 477346476
186240328 449036886
539574315 1220964082
523989144 712897164
538423356 1197863198
281764504 784211279
10880185 159494245
292700768 962362183
413876233 414773093
613349183 879087090
429252560 524464460
445900785 603151133
695337616 1156894317
555485006 774601066
264154109 374257103
617103030 1073140128
278584394 654337398
41909219 569897477
360722034 1057431755
477786170 1165336613
76089099 558433780
336430421 765787842
434849170 761950750
361739707 878969369
156347959 276623092
422549842 487559161
319849028 701166460
327577359 694459677
368610101 733740165
136661610 594869850
68934140 456576796
41833596 333324418
242648123 351678657
208760044 826633651
564171016 828742706
141064587 142236594
381641740 998034380
683035210 796421369
226664472 383896951
235004428 320189710
351215662 546182260
593246306 760424580
348700595 967940575
666841669 1262801017
130326303 653978920
575931424 742283159
623417829 751613189
620924808 1225567036
311344258 789391860
380382584 450536383
14858102 565062912
424985082 854707911
353196147 995613386
293070459 830936003
478703477 659626365
664148647 1378881367
538841261 972062547
606848474 831166327
428075161 507917859
513832938 546790633
661793714 1266891823
391102556 975215789
472235991 733029655
431407767 742067936
392169155 715981421
248386446 709924337
49235996 97050085
132605141 204854388
237953421 511746799
313581605 939717361
507187295 565259931
214975493 377317954
121234960 499304031
629206585 805307935
324794581 374703125
714470497 1088590512
502174938 829600043
23504128 353884056
696197610 1108040982
82646237 508635600
292535264 795714326
421234832 432277065
145116577 613232370
703790056 1352914902
366804452 868074622
129574289 338118533
484758592 1150633245
527397944 957666483
575278384 875133573
74610923 274187643
673656831 897588510
697027154 1403699418
199650800 579482742
625554237 779517477
412552277 485906932
171565239 697963375
259030975 657730125
191751980 330665939
196885488 632382019
28015855 431509362
281299179 682933599
327400438 762593577
101686828 715608029
296747391 960020175
539814887 668066395
47830016 86741380
189925837 313045892
671411478 703645336
132138157 722993649
454943951 900707281
399672237 926031702
647418497 1330290803
680809354 1184782742
631306215 1328917333
135160523 740470384
454204450 585466611
71130359 778679606
521008210 600992009
43083008 366569599
674407217 1068728924
493602461 1117146982
386213045 627723266
465633272 1104096474
597821534 1274307351
23559371 368389995
372801707 485016097
262837935 623904691
684733221 733869981
467497399 1103558263
192244613 879065793
81120398 266125093
80056506 674339495
523044101 1063699869
195583892 808043035
483849300 1156129914
634827220 949651913
176663893 477830914
410473989 933460396
164488159 423745644
687568691 730308235
47227343 525139701
165301916 857761284
596589630 1162220125
433261227 776007599
517927731 902708302
627963128 1020365755
132031486 169627793
610222193 743769627
399374431 1082080248
109221812 417440793
152164450 826090676
171238858 855896502
308374210 992318783
50073156 126555340
159883583 374542787
140091611 313521485
472797825 877814741
472022326 592131527
294467389 967803197
199581196 321316088
232510571 392419913
513731036 653867406
92272662 727099349
76545953 176733129
66686998 98538004
72588753 399243869
565126043 762375776
415787548 805434785
607253609 805997265
261864929 280115316
135713432 246132543
167856801 584066262
352553965 544993303
165190249 270444305
604974137 720029053
34045089 459430703
588533324 1150464917
572678092 954637118
503601688 504479532
410939288 903633341
19862367 351552852
652501012 665383814
257793167 877118473
694148318 699390502
335528702 729306585
540943689 626808263
118267002 699831632
225072630 735583536
556463417 731218275
102065935 684276721
611941936 1303316511
627013862 700416103
569818438 1182696555
308816198 537464431
371864231 981913030
403903455 1068696734
689054263 729592038
105681714 814821786
482330869 1101735884
608316122 803719684
591847259 629859591
679203896 1167159743
693168396 1201742871
396283128 443082658
661867261 1093509153
189290843 675830080
315185271 858413428
652904541 1260893552
247722787 529968197
561818323 855768914
648645283 1358014118
252641718 716169703
319470588 824065948
298196750 756853714
13552266 143472074
441728077 699464259
470664996 1031855753
470568338 510505745
570164036 675115668
674880703 1147721452
77359574 179709243
273002108 726358814
427044730 634319417
136720168 525873199
347981303 527810622
496046373 797857295
422031607 1061793123
524249281 1231294487
469574421 603169417
582264008 1216719337
279501464 579230042
542045834 1169675937
443563721 1142622977
319405685 1025743561
14555949 499761033
519895447 591722213
101431070 599428095
513915099 963768364
550357963 1229851853
142778480 622418775
51314486 148801613
499801024 1205074541
330910912 614045411
253500416 498697938
30761454 541102424
4495361 62011955
595445317 666821662
509574335 1212880692
124249927 394825609
80987600 609362561
588105297 666857927
33928784 744057659
528542294 781982880
135907266 641467109
210473320 502827067
625650155 1223240010
354018591 626875923
628682430 1054330217
104179707 356225569
244751547 779936850
696608654 1243655364
536584909 1123789345
150176504 527914612
502213336 950723168
207270519 217968689
280385963 857667041
390010444 609647312
230851841 759474774
46869358 759556528
177596405 190373565
134150569 185079956
66114345 389246288
507878211 769113251
412489817 675635808
384127205 416129351
9464126 217177558
475958256 483725916
9142100 651383284
92435749 797389900
555290277 642695273
610481720 1206646450
31106300 255402630
55553259 395989562
541706731 614906316
252920040 735225326
409974383 1064346917
690718383 1370204220
676701767 1321323531
280200021 939108890
142697257 842563593
207820590 610026052
122677206 698438494
715402546 838185608
458854205 1136762259
367678975 422354377
406466420 522565148
458544884 601216308
65569247 215324355
348215434 516277003
14553696 695343290
375859472 379203355
264458570 456727002
319161243 1031629071
57406196 113586927
543233324 1009561853
642226116 985558308
22185981 131297286
290675645 365439789
16182962 462610637
469261217 904491124
683350469 813286540
539702799 1226900106
497938462 1176519437
306117025 522633604
502787402 1102473496
272908055 804571483
479002238 954354073
386047595 510248846
244954999 432423445
701078405 1289292908
132544242 486969769
688903776 1068184235
86789698 474081894
250115825 798668853
368717033 863819750
190956878 906593827
110097104 121910461
51507216 364109706
52306925 735299111
141407588 162258538
344757464 1010626832
401288960 632119007
9969244 474966334
68105654 705331577
375335341 673917737
580837008 917580858
36988925 532046974
490876334 1180341346
159000806 640225106
688042221 1321818743
322722703 359567780
592748453 1260448777
96949999 606540698
548060839 707438202
706597958 1400592565
444550759 1017794437
237911070 469366555
456747891 463263752
144119986 327512168
248334969 607216614
417569590 852493424
662281692 762078574
696359099 1174542832
592230418 895808361
442942530 752810506
611116954 1177954150
408939892 828935677
373208995 989698314
337410683 438707503
158373301 663040818
667900704 777228409
453872510 705444277
561430626 951193427
515923346 1156232715
395541255 1055345207
319299942 366736008
86180987 188581500
318087326 331376629
664897551 921730648
481372907 1122789585
187714542 822417442
19573665 185380732
474538986 530341230
532506918 849471637
416168022 803953262
546561326 1016940767
245481316 404782059
623963049 853665467
301599507 718074174
484657053 885081975
655852493 753660619
221439024 494510127
445830018 670477093
7276579 468369281
134916097 827222539
640765126 713410629
22456135 454514301
612887155 1151581793
417981945 432718900
521689734 1032371285
26662537 493007645
254384983 564238846
223713907 694679468
367551715 827788877
677563246 730082942
417531655 461171226
619270304 625724396
150453312 643131590
567521358 1273474939
366634400 561899204
71183051 129246612
229115897 241601829
300590263 540982588
73239726 577525804
368765243 679613806
305961272 440404028
230005118 851238843
581954419 1220350806
86086980 756122580
99508870 123983546
205201860 675293920
630167911 1018695903
116607235 611855877
147063212 285966302
145469038 427262813
679965358 1207166536
51565129 190234375
406523902 937097593
351543811 902170426
198366305 895611261
608783325 698792270
455429831 686832443
268879156 882015255
300571225 794944346
442382756 1089115515
185597403 710611945
406362457 870478789
170781003 406633070
453397167 819753897
302283110 604042291
483634778 492668942
281568257 444473835
435311012 575741194
190962338 445010742
69196042 527427906
113421210 133395251
32833081 685112986
191457071 854926721
464833 670489819
648696029 829910311
73049361 699278860
23185738 67439695
187090699 759870709
379628793 946992046
487479347 874654880
440177012 620012033
486153071 1077173185
132166686 742108918
136551589 810840272
434853049 545756742
109552531 405443344
525409463 657519785
628372919 749248023
614357610 699178604
322545332 701165496
423498781 905848387
405419845 619381699
600121406 785477728
300047994 309931287
530052229 774567254
143420448 640761317
447357685 632172743
308295155 577413089
79052545 388222751
324551022 946071917
501023433 914086178
312810980 894521054
223476342 736875844
453977002 737172973
247440336 953784391
528931719 911970203
64960129 227451015
248047827 544611079
668776050 729451807
512300973 868983363
553890090 837457807
340652440 866751536
391503173 807447828
696429023 1337604125
96405229 769512286
138625702 493875115
567779523 815463517
64950713 338770802
512469479 1099493006
347249074 679332664
599544869 629137322
371880712 745641095
119633359 188991863
422748073 645738051
478993280 1161780636
221748776 818589565
528510875 1040608130
267695325 679934096
102838886 279406429
156922637 749397902
423853924 746526246
52292998 174603664
333352081 535781648
547862500 987940573
624159850 820155474
482200770 832274756
488200104 809388435
469638468 484065016
57717582 614798828
143748453 786776116
125323559 765302594
523065690 1182292642
397679854 847578066
267161260 460554886
476557987 873036493
81364925 628048801
193804585 532327777
78234102 91312389
371369102 438313251
487032387 736980853
573056395 1029348884
489713878 1125448883
267133327 732856732
14237879 726142949
340862719 454833104
133901939 163507102
270835985 976668856
174453616 726325967
68464542 733463370
333485776 1034067308
688621117 1023433578
482825785 727813533
72131780 123693376
188498924 361009772
448452559 974426525
688116781 1219733463
434272915 737054508
638584025 896852490
140641996 661036499
439494095 941678824
352250508 634854043
319293957 608594142
466742690 675314467
431011521 560949102
450298122 821410266
598311292 1215011347
150282959 806726259
645633878 710839141
379315641 681732577
460422208 646034173
614846024 861945140
648781131 1061126538
697689576 1394516436
411012636 1021337289
265535915 908217268
544187918 734599777
444346934 777402459
608009736 1073105275
617808435 690469381
14827586 556712302
196209788 383304823
643763772 965753951
46971352 402676064
447032569 740998801
346637997 435525306
256312461 962100493
152554132 221917211
710567185 764218314
239508531 945472501
413419442 1124036068
383558704 632790458
296161948 361315964
136134244 144598144
605756844 629888181
628619315 881256773
37941410 406509426
544639212 1189988298
453047149 654485203
656885652 666386626
707878166 1267171936
15137852 49429108
169170169 610819988
714882085 1275002609
15850382 45413349
14443464 655551822
296912333 665216844
242795575 558222076
708582798 756435642
187229027 560261529
392703314 967980673
64457324 613093527
675849539 807181872
391438149 845609972
289336315 703282977
491888742 875921497
654514931 1194486789
656873085 943648562
212747099 798109982
88257664 356243277
451057880 1115298234
588145291 814286084
630024562 1093132094
328962875 690531060
459561899 725937003
689193640 1178114120
583787245 652427741
496971427 628430263
340445482 843074929
371703763 885737010
168887640 176860113
224197959 295038356
447004243 507180736
470669774 1097615146
157396182 388949322
398988284 702733198
293970330 497198246
170437120 189634474
428423444 903105291
23215300 595620970
440419378 820278904
697565226 738624331
52195711 180747955
538817445 1020038929
45722850 609880020
378628463 717288718
385653861 896838618
18172426 163274777
86290345 509168128
316324737 500610030
394122512 849801630
539675829 747772205
346561574 1029396789
335233472 892280503
289422066 324015322
552969756 1244745575
614545748 1027098751
71245131 146839488
469661652 556014105
63762208 772248486
693964784 1372631739
343768034 464371481
70274453 399039271
309748171 917389722
132950300 842243888
389192339 506730554
235180751 808805917
648103316 1227981563
119693289 430765599
89177086 355094099
698843335 1120844243
647378704 1192541005
563825461 1119413343
2642589 474818781
310838062 771680280
712118645 1282906984
65207077 333484317
246250909 456601043
77461137 424459940
1714416 441904874
272398932 368180973
608428733 1226792379
137408781 676639476
7828198 668488091
673894329 928848236
509506865 1110211552
27019162 160979475
567244287 1146524034
561287857 1088955894
395042308 422096335
626103697 1033364064
367965297 1049324701
509336798 1220240663
605848438 1155896498
158774030 244546138
500576452 1096103658
200424797 422500965
35719335 620107223
651574506 1315717786
551908468 776265903
431832202 611814417
207817120 326038689
658715094 1110814124
612372443 868751434
333916539 826994296
262495899 859610443
600590260 795026498
390502895 759755695
521071713 592375945
479830449 1093724937
217149132 730605681
154850356 175508279
410903617 853988203
104904938 225735832
160046667 602129917
611738574 1055460875
238782162 849254539
348144432 559098528
644072144 1052559146
359252573 1057203946
362103698 1029940240
387145961 736281427
91105762 149114849
651019387 1270284857
326516681 762324949
180913930 411267580
561464759 1210407517
691865063 1199371122
671401900 1356546158
700533436 1290666286
48183532 290468243
571654237 1103018275
709858573 1195592836
340210424 428131995
334253533 851460365
455864671 831930895
254500785 415249175
186956369 411638706
591190453 923621632
189795181 590913224
225177830 236486202
533928243 750245707
109656583 749130946
60005956 625950393
691416213 1137071804
257470440 350838537
709761142 1112866525
267011562 645649852
224946359 493771663
63353402 439506898
175443410 719999100
308647582 691878162
701670138 1300875193
554076143 718391830
257194419 581440767
207772180 509199171
678397562 912188716
607926108 1118795455
385180586 991647475
172244270 783418696
255240035 266419138
2828885 523701277
666824489 726386699
484565045 969004960
47517768 129825337
414613063 677931435
534201944 734319292
362749695 926109333
403238083 404032616
435416224 884116738
365920368 940528961
512175611 1173175189
342258928 734395113
20233658 499455115
89806525 221405362
321501639 544309175
629063448 828803267
297587802 707952048
684464060 936443703
369714992 717538044
540288565 1072699341
462998012 958778429
668246559 1256545405
431882957 601838236
161374157 876337471
325718628 1018656967
337177253 1020694793
228753734 595636518
243919820 848751237
588509507 913737366
32271965 81764233
450533430 1028918914
309559049 756944199
250457655 741550556
588631137 989928472
535267522 611466576
556212471 960769047
504368252 881400290
458589786 986820485
592968537 763078206
142629458 447066748
194034275 888104526
268820673 390464166
117043836 190565397
543916232 1058640555
138253627 679855051
596974651 645405897
187901173 854180917
168714681 743842151
708312002 1017378233
696326854 1031397396
687054528 1027074324
65826350 563900179
495241669 691237950
116236454 217374412
656347244 1247552238
434409052 754923805
56488618 488232223
508097951 1106103698
200409460 519032702
547625924 1101288374
522031880 609870454
58308650 104060113
175422778 340908566
69767296 725462603
9865336 642728140
107632396 569377005
224552185 843624481
279716608 865543964
697509089 1000984585
490595814 561794429
458983884 831982817
651241219 779065327
81315031 606029713
713900308 1104233559
220071865 402855937
371162878 390931849
345927518 622037189
255303308 847334042
496598004 675009587
655366402 776477777
170330980 757927974
674397891 993597652
440990679 897039453
308384020 625984940
540945900 734457134
42102925 346230409
167917815 763836934
342653787 741971296
244905446 871594597
519874569 1226782894
694767649 709235293
191024411 321616268
176546830 264690053
361677379 495884426
345868539 879452297
669506582 1319638897
352835491 781919273
680635736 1109242543
196764606 267524004
619582920 1302913700
426051034 683769822
19488146 117155302
694185560 1007266595
205165136 763277092
91097895 517885146
666183770 907876802
554913640 653879956
137329430 666446133
200632165 310250255
266276825 504241150
499118376 1105256156
609939818 1300320132
11332223 198634591
576668871 1134774039
707315799 888176879
585984788 591224444
315592931 542584134
240285274 909537935
421115437 706810371
69787288 685866267
360140431 999280997
699118420 826010563
230261089 731047691
558464908 1258004826
353950732 689725813
674173646 886077603
282599792 971986565
69974455 583437529
642253050 829959527
350077548 425126965
673351851 1205967389
398172118 910850975
464473042 978438757
370169483 942492799
455990855 795985711
368406867 469374299
510662937 783470513
27203889 554878611
423484467 861503685
578549748 921465805
138529885 262597563
67299696 696501408
452130898 592870940
419842713 661111872
617727764 963094372
333950745 506007887
367974216 1043398391
387913026 1047421547
353868560 946206599
567428945 1038643333
528883967 808376522
676484368 961727312
16050385 36958250
235503101 813329667
630659096 1282742013
523683775 868230993
685731784 891421943
288804088 405849677
206678108 395140526
37137312 224293951
367356056 711396173
253610044 842494742
30280761 115715148
107221384 135896960
122331616 625926620
114495694 368930378
296639292 838066876
664986284 696236899
299383118 731231094
92591575 248281786
596654213 718284812
469856537 554370307
556608713 1139816766
168606930 784262410
357678068 396124560
562194459 1043822556
193061508 334906105
265802252 884920871
71047282 720766760
691579102 1097082042
670871315 1031458357
583170180 766775563
29356587 295996742
357275224 689287683
14010827 726611035
199406826 557643067
32412670 460994488
456633028 1163397727
442593901 866855199
68718335 697536826
349546045 594807445
502950162 866631156
240755871 321990376
23543680 646581799
509213495 686110825
344587021 741259117
320704840 485940136
362691237 1024709262
88223774 156421949
290836981 801386764
481304786 1140662643
211576223 453976495
29598782 487231118
1445459 89706365
611362167 1242107065
32444709 116420704
109053906 464134406
362986554 825199947
310918222 978378414
90917363 445745244
253752668 693483104
