1000
152991080 333437378
464812181 1096913043
653115309 673625265
29314805 488955386
583194215 1145070571
699939578 783667100
489183609 1064549707
415709858 429707426
510483666 769662692
247384427 958753757
360075353 1028400922
679645077 1110524430
170726763 615343248
27378815 736526519
126344985 371040456
328388955 569357803
49421642 667592585
370157198 503876580
372729576 431070021
40471822 419125389
125408085 644286224
480621499 1193464041
50286426 599875329
147917233 284603094
202210008 280348709
559257393 1241082704
82202812 618248645
264282700 466446249
480660249 1006358074
225965327 510206902
8739568 216918332
624897871 1140695110
526490493 672822440
55084389 713072619
192170870 853428855
290749735 634421796
600781564 833395024
160799847 219142206
506903432 745029398
238768396 667362487
412230599 718541140
177128373 348568661
340746457 558466081
222113654 596828820
549275578 707314359
712649177 778338753
647328137 756405564
172281215 237277722
419132992 705791088
293423270 944428804
416061503 563517923
472920970 600124985
474082507 1069380840
646427081 690846498
352911420 486466907
494853790 942675883
236233788 238495561
286994769 368115353
105365276 216704851
477919415 737367697
175075818 582212573
387205039 513593931
452131736 533234072
102643750 217703352
407162731 1118275384
571697418 945502762
115812589 299312262
301581196 521707540
54602528 558672637
261558833 385045131
253812324 364435431
393773299 444548372
559611111 668954992
542610720 592692280
349038666 950461565
407184837 1101346450
410884493 978695023
669517535 1058150508
592803684 673430265
418347862 831220960
696444800 1347258493
265333016 834963636
412795734 967567557
159554159 807860854
117112499 799185236
455395372 757363508
418222167 565731603
233647615 504267080
401389081 963872482
655550927 849657373
380171480 508723828
395911168 748367212
496053942 847979111
302910321 379742130
373644201 1044009698
597534732 1161715655
71910150 437960199
398482330 472985782
411959478 1027644336
506924412 745686600
148998528 654106309
42284930 81522682
292839804 710302619
186573093 681384782
525427849 651813388
662987014 1140291589
579847757 1253878308
412183344 629977418
229770727 506439168
685242301 1397438432
485943970 921160883
290939444 443252270
521218791 1108362638
44849734 410091979
213868705 294680498
405618654 878637325
443427812 466293662
411749683 536656240
243181811 275399841
576587823 902102896
83934907 638352120
206612481 318842603
236538812 275978138
210179481 562183431
669407237 1028234261
192623792 672469091
458093750 664833921
220487569 457026873
336863797 604208072
565317526 760051690
627341271 836518832
256054671 794570687
227213172 768852028
540612144 985531499
610107709 1048329614
673060415 690445856
490886541 946773693
100656805 551906131
113705237 555759781
482437945 835802502
602810542 1208356434
488899638 617589525
442864926 554816307
662207931 1191442972
404282083 849234469
471710582 1156745117
696969883 1349417216
324655456 842577359
583624816 1080625218
441660197 832697235
34878288 200397638
408145931 770784827
496821518 1145930515
480766139 1038762330
24727909 496232646
460979804 993872303
441538781 1102719275
227435089 463489368
694419748 1158176647
355305152 682869594
371919049 1078780276
382941479 542414354
365699352 610907781
271778301 696168531
326748701 331343563
588128583 920301745
417148463 850206975
575218765 1241269873
585694846 674179329
677601600 1172798276
257755093 727319816
526453286 1034232862
241040803 788882909
104333718 615272648
18889486 130927934
232647332 482520143
485259568 645711932
149387532 427851897
257075412 792568033
214346368 223168290
515496930 970102447
41933931 277838356
380289401 786272401
376354611 683696197
200211370 329842597
47246121 122506770
122144394 161113560
479125183 1097084325
354595702 904854183
279034142 627739509
448760628 699248129
336263412 723950131
557355234 920193767
591872693 1048612770
697753043 1370983765
492508057 985479216
178425414 814921630
137904214 158480960
465462971 1062139941
153074082 643475464
612406308 1316569786
115627251 422072911
571501706 1040942760
552072479 714912183
344848054 472322840
536185181 617408103
333538607 487665142
382087148 501098116
181562543 386523451
358350070 592601756
403939604 501598217
424371146 629165882
470313196 613606412
247384191 255438283
219680590 775988863
675419768 1226516219
356098763 901907683
626230168 954346452
162008393 637514954
40861513 175575481
606252425 625166580
174757588 418052243
488660707 1082118526
181994535 851806202
304659024 490763996
483444773 851227146
238709654 626668612
497428685 975969097
84633097 281854004
612845904 1313298338
598225507 785274077
64776862 232069582
242640328 372109426
308049849 364125433
294331769 679490336
704035348 717260722
405926371 501434677
527198171 746080924
194309811 693347186
317344762 954748435
279793572 958677493
453619168 616652975
609687430 794717497
511420650 1100332406
691685011 1152556554
574389941 1189375958
79166650 200134768
606997259 918325111
247744895 491209640
330289031 765773111
108952936 534501380
58540863 333962279
597176466 869960077
619328066 1028201530
219305060 729475450
489848298 569515462
449813862 658441143
350711937 806445727
645596651 1212012257
63940936 389109049
666163292 790434755
598058508 831418052
179170570 314228970
323805597 798681317
525536337 681671977
633280707 973976018
530372988 823481345
352084146 794608068
583113241 636849440
304388113 925857784
83657766 125266442
655957829 867465218
237408784 377289764
174022547 839531449
669596852 839777975
507822430 1102806656
418230954 552580848
69108153 231910291
311888619 445837787
219160838 402225897
365670730 1007405440
576961707 944642539
698076238 1345552655
266870961 688224186
445419508 626869319
450163484 655947969
351934550 590865766
342310141 511346881
44510790 746025840
631973980 1311802251
397523009 1044546080
342779588 381239236
500463786 618678684
390523244 909013509
523019489 867261842
46048909 737609363
514864977 542530617
5574578 348615182
49478660 718481582
287175985 699200202
4822941 395818254
691687488 945847405
93985302 515493072
179376375 359812383
281341830 778767586
268994855 569745046
499200326 688264178
589944250 1201508920
489416556 882842865
282093052 505663708
435048379 448387300
664085971 714148132
456845829 531337381
193772176 224066345
449429268 598509126
419234751 1028511506
651103837 1122566362
312342420 958849412
316953033 815373391
313939839 853695791
688540013 1171827227
353285755 901050834
275464731 841609731
592319213 622805835
667612221 791057483
604432532 1115507308
440828519 990638681
452470331 1024552473
229757772 572608991
83348548 629680146
140014072 237825079
90931682 284306943
210941785 656977987
564256158 832339541
279344248 911539540
73845253 165453747
197097798 349952575
432814454 464652402
570304084 643860459
166681302 863118322
428558145 573086077
562758365 735698716
392145249 442071731
381554410 994853964
568806571 726968141
57745865 162048860
199440576 342601552
417743309 686029713
76043684 125395062
359589734 554195100
680780383 695036191
42741661 248687176
532765657 695253475
79060322 281668599
391860491 895994323
104218903 804164465
534470404 785457130
614612331 1053188810
248745994 467244696
637546831 1263421667
454876136 1132018564
651280807 839372728
423318308 450069977
487865449 1070140682
313002009 533080808
193774658 336907232
80902202 349121472
46506882 356689124
655729909 1114773208
613622725 916880939
709580635 897627750
418885405 480835212
306736742 368025933
575191654 688233629
345559640 396229736
93561131 746431153
475710711 689456102
149212610 435371466
201456652 526796215
160681290 340121765
207119978 226478614
424040462 946429942
577082210 1202841714
463226687 834003852
205872779 453676576
39754056 254910529
233512552 580758561
493813180 660342149
267838337 296112626
483099178 620768264
623129194 862989149
26523144 93154941
515809539 1019722218
678682124 959882511
614000045 816261279
543657604 590426393
282554432 582728777
244480315 289541257
520040730 991894051
177979237 214405031
158636867 537039118
711835248 718386301
396774682 513506501
549919283 1126701590
589045927 1111348544
386536924 485266273
120366632 531504925
657357825 1025659127
55705187 477874848
268225313 969268600
157975131 257733409
289959112 559487142
37073021 707004287
244703768 263176763
384269044 710927938
299821444 444592132
118222955 643023332
501168135 971762433
549962927 866828371
486343509 537360264
391746367 1060205938
546142142 786715244
141263504 766202451
517691270 956169500
374582259 963276120
512911365 958855825
120924586 511030767
145042058 320032108
271332601 403759925
540629909 1215994270
186937997 290508765
325882028 399825391
220678215 447463189
258341048 892544060
602589923 1106959448
497937602 1006453161
248118929 466731041
18498315 385365483
163684574 517866782
232265272 393012239
526610723 1078187620
90708694 654610983
421497264 443198259
222584242 544656978
122763973 682986781
479287580 593400829
78270594 198865919
144985309 727473156
393583016 670454732
456256515 534549600
183993768 680295799
684374801 1186786848
459914080 1047846156
426438948 1114745350
574309936 620677677
11426486 256682873
250179398 910887901
241690514 391034534
372250224 1053483670
445158285 736558547
522684295 1045971657
135985674 235778725
277870139 480759429
83659560 288417266
689875205 1073048803
581981919 1289692693
45318189 646702300
699971460 1115948140
99761919 622922198
170515677 880454281
361212834 806177299
457171028 1096989120
402126793 537978700
421027424 830359822
42264144 462700916
121145135 491857877
381566730 448606208
118739999 585482569
78711236 552208809
147718246 586239293
478005616 493697768
578132368 965835844
244183803 553661801
475185006 660234158
233826639 438944458
182225700 278582454
358450137 625866123
70764698 769799574
134368581 572637871
437584888 475316060
373180139 404109547
508743170 1097069867
1729123 356868139
49253684 116407074
383672069 843122987
435851273 1007319657
419233229 1050500898
40655708 512178229
299687256 379839971
429872923 1050420861
562437786 1234587309
351317298 956372805
639093699 1078723933
53797786 179152995
586127512 973874967
111398800 422603540
577568920 1153689865
365456569 409954282
493811868 850036869
176956293 848352722
265517388 332374560
653294171 1179540791
435735524 695824955
149953187 848110405
82708933 588646642
443530089 714152580
658011556 977470158
99491045 126427035
547957468 1238940859
10949564 467008676
506268021 513327031
10764420 107230994
471660849 611641024
354925595 671624545
240686752 284289945
138456619 176246985
369467794 754874057
19699394 493489098
167929602 649194119
702765559 1197957014
27802551 157423851
368142790 426413672
652635722 692847559
252542014 664984870
50354439 187738299
331581417 602998303
643360136 830936781
522651363 964479061
172195843 717509681
23096004 99179766
531162894 543412764
395229029 741914426
348416797 797270514
548984649 1264672383
448765160 1108696148
394442183 500281091
336819287 876847802
430020024 1145535587
513668610 883568304
317336599 668714289
287017909 960804099
428773446 1130161158
527726830 873713166
386826449 685350082
325675301 582573275
511797899 990832684
672034627 994547230
315661786 1022271125
190564673 476355371
3654476 458465366
31562481 724424143
256197770 735535933
54244207 622950487
187470982 239313166
217572810 274389895
350095150 854457713
587748154 1083004770
268341020 468033224
191577164 498541713
312388155 508137762
317289769 444892281
671494088 986096374
173374304 586949584
38066413 493369429
34182267 106337255
91366366 404250428
470958963 1044036665
285856039 700395307
100731699 115425664
21896215 489373594
567635676 1243168446
383807796 606790364
60190307 541410598
692935639 1094965026
523069423 1109645697
14319862 567498945
632645694 1295882984
190674485 665030611
368984754 783099047
499339985 753769100
339091609 692231467
577712380 1242044230
129677624 597356730
351695994 868966650
641348875 1251494843
2959556 87326534
313063185 685813275
625701658 1279594947
549017861 1013420119
330847485 949831687
391954864 701086970
200968043 603699545
443474455 446794416
35387324 593201220
25486930 83252697
637482035 1323980319
578614751 1289581435
593005319 807876929
174205840 414672830
317996725 892115941
139681465 572013185
573633134 1061278476
537444077 1127203515
292200757 478528130
376388713 549922127
14125196 146057482
427513335 646492033
418433816 541524450
616847309 769464929
268082638 341692603
58162902 311780735
71438799 762364346
73298464 414925401
381113519 438177076
264281010 645524438
386235989 1042842015
52675715 597322022
435113816 1061122435
344316410 764669616
692893797 1216328602
98284166 214331127
429586452 1054554311
149289013 377366060
441274912 791294160
558118036 575505410
59359864 464286897
108898520 416301437
209871165 239466892
576927698 1104327366
598320765 687910858
117638629 598510802
105810703 627059332
192590762 370422966
125823134 340319592
230776535 437583312
29942850 199486385
35842030 485074852
224875543 905241652
136956851 838527169
516861574 1126450885
298290495 530719290
348409066 629301155
324385699 606758788
447477254 974026409
569795284 1172975480
136266066 285060728
534548956 1009292577
214021558 527855167
420450447 906791422
629086554 754632951
692112616 1057083449
306205164 936559265
317964802 362894824
715016419 834887075
672571693 1142071677
150723232 835286245
249667888 451664320
1785386 307367218
9825477 499554961
158270932 275392050
343737060 608983225
108556116 220561231
540874057 607706868
61866507 502606831
509673343 1196265696
597397917 899601649
132933546 542281423
415419824 628195492
193244090 207537297
56136254 473483548
414282476 555905820
334974713 903959923
493570707 871053188
67570097 534739917
196488337 602490928
322869314 672715555
261265085 591399688
465549681 827817974
466776376 828412403
332840366 412558955
135317174 150007106
426528798 1120573047
564448117 945137605
64296641 178455052
407935096 486089811
239515798 292947472
411205769 436122200
424608660 1112123332
51361553 395187316
646195470 760994524
300136361 977276664
360155342 898974472
608845706 959439964
373470180 614760478
92040948 398178053
318596021 529916683
609496212 1243724260
217559303 845085420
567887534 915989085
148547048 160842952
525874269 838119607
670431503 1286528546
317621538 514363411
556306591 752858698
691907212 1105609966
418656633 966684386
582531118 614579694
608247669 1320454149
421772525 1054836140
4849016 467128697
249946573 326934588
41220175 188454054
188697700 250296718
213672310 467169648
456312020 529442607
129318150 466995794
272022722 979101879
376819832 532898068
507294748 774197027
587679107 718433032
382856750 963601692
69265700 79178541
371010421 470077427
32111758 612115208
302609536 911765589
309624457 418539342
367697771 846717268
136807008 292351669
546906789 1166277860
709735831 1349984493
417418461 1095850615
199705249 737349055
619331307 1004643936
208288560 288502791
168622127 597809376
354534016 401366926
683818173 1376935879
623314628 881840373
538153557 843605973
97261241 541806703
262926723 670543997
708461484 1224309325
151126922 496882417
54731536 353053125
136396416 179617273
83342790 149157833
447493276 1110938818
370524993 486509081
204909171 609868402
162834561 729749212
6285394 429899533
652691191 1032667841
170844819 230009661
472993553 543010449
279282151 407525397
108413678 323804438
481221028 830771271
642784619 1037631956
257271827 408232043
572289848 1244738648
508631471 1043100874
235163206 352949553
201989741 264486347
159293307 303836496
650490941 1254044855
479726520 1138037623
29256483 48797660
315074451 397794487
667760779 693393409
186740939 402799952
26538683 196552535
502757020 1045778565
680387964 1055067548
510908767 778500432
76856128 722605033
587654790 867832983
644808202 892960737
452382737 771547514
629261001 666912088
564375271 990514719
270252551 943324732
30133934 42951339
343329031 564166915
440827477 523966451
284126669 833898039
341052536 620251906
463351036 628443000
417300730 895734661
205365133 310292125
118830777 760515722
323632237 806506432
293435351 951530286
240241178 280854908
555109113 682791685
223505028 275397523
714736832 1249140114
248878351 262074232
69692462 724266497
53408612 653934983
605398066 1290148153
704598087 858312087
137350509 828084293
101485430 702001441
569520781 1138116734
345512741 738381898
400638652 955673466
656150153 853842454
450595291 1135384246
534592721 1172728750
647724028 1067770974
149651748 547940470
638384936 1227051454
611424572 1099900654
338873246 477175611
384101698 666809879
45361952 556080990
441174084 1052219674
702108544 1112234848
575917098 1102206535
705817730 929717247
527933155 1236337712
218361714 795644831
229266200 459960105
328396102 905997894
188986004 472815650
595748517 717711949
389835220 555778252
296893828 985570920
172516901 870334421
137824206 493225127
460091711 475445821
226951228 385816171
4708279 406538619
550768517 982985209
148070837 508676806
110394904 360122015
105656939 567263082
156677176 238784547
605019187 875469653
188059100 569486333
627862568 953243318
395313589 400586575
615332222 917091691
293978207 908716161
442415536 866530199
347464167 559244532
463338866 511616085
324215504 579486400
500180003 546509612
58408693 441127991
288739023 951806140
99100612 331890094
130342064 721809008
637344964 1031137685
185601902 481672915
577368971 592797598
429436640 443809673
266153209 370969863
537217938 986991847
145567643 604370059
278363601 378257852
226522670 760154273
560761675 868729907
587529065 654860436
633383552 867606469
470610392 602376090
331144761 923861027
468288260 571460229
417309214 1024507456
128046550 800505972
275732846 905935009
307843361 436267547
463752645 947104829
451714108 828956306
371851528 512193228
29485027 632084985
324880453 596203094
501750290 1004716952
136706446 805417425
303667319 526562057
411584509 608464611
333486572 504287501
150541628 517088389
257024147 521498303
660364613 1176320039
354282732 403993705
633308132 1062158192
653532723 775625206
196572408 813953914
539450794 1004298067
426657125 674623006
633541332 1281514141
260239733 332561558
618717392 928750675
135530449 579305035
604165913 1312243507
11762284 276666046
552312138 659038172
261168352 850879689
149497411 680212960
162367769 473292021
556452342 1173302493
333200179 891220344
446802582 788510047
29927760 91458144
657883327 829471429
360459033 466801971
52263433 548770688
234426735 894395206
343637117 724639686
64610652 106333840
125794342 359829869
72148633 412627230
241225669 765554200
576334232 1223941985
235246886 918736365
389801989 912488392
658260115 892090159
116065396 389498184
390234031 542179460
544442448 751321159
12184865 362400332
169822986 620076367
122905797 819567881
235245188 848541582
275391337 590399035
688079718 1036403875
374969429 982350805
246916526 323798664
496458925 1202026092
116333288 632402960
606735865 1009415065
408266221 522290741
33106890 166706576
608167631 971465721
46543086 320640505
269791897 590583710
519342934 742174845
485080212 1072807295
373912032 593650559
432254591 1107721844
64182427 155189721
51466117 603585021
492363756 1018196916
669727557 744948489
609779473 1097352909
190196584 756159287
189104208 305670330
328516127 753016507
310220671 665418828
129257933 205131280
357556413 706929308
315202817 754102035
434206919 886256744
631021444 1160368534
249291480 460881019
254003588 473901432
692092408 1194296069
92752043 553667307
371604599 948884501
29224743 660308778
23827975 736786024
151200883 616710800
658676984 1321370127
596218719 813504585
62986600 295064250
246724954 758124260
531062463 881748319
386390935 878707649
266344051 575118738
173043052 833252331
708739198 1303670864
334553505 675323960
435288789 615113479
580263240 1045574842
106245276 283912644
98463925 249123334
141324837 729545304
302745742 771704056
293530065 983223864
110628557 817276498
245638953 811526650
684400999 915959780
549665121 612411448
715046210 1377330567
49692731 190415688
616652458 1041956549
623323234 709094957
562231616 879427474
698730864 1121221270
