3000
275260 752131
332483 969230
232383 173491
931071 307049
830711 848889
609676 620058
914967 533887
531466 88951
161700 496632
339458 542133
774283 838224
674555 16328
668530 324911
315633 563218
280504 902408
148934 743536
113700 817250
504832 923212
79366 111730
833 233431
903161 733528
36807 625786
527606 769718
869699 13330
989462 917613
10485 638351
686514 359766
315438 64905
835816 468507
955608 838676
937928 163142
806528 590316
303035 191130
685187 73634
890757 530883
401370 844280
118063 68146
841975 828798
407136 341586
313557 433410
94858 503889
736442 988095
488029 755132
70777 531293
611040 132958
600101 672114
792411 406627
179421 190743
451263 767621
413720 900863
594691 716864
228569 100526
295230 84362
164054 807539
962880 167490
169161 315741
189558 643683
484498 888707
234566 449998
320016 58024
148079 988016
549005 578265
293420 423368
364937 53064
880050 817428
450307 806797
181348 124119
157112 997603
390028 616620
997055 813945
969804 539148
626682 506596
763623 956728
747044 707833
936631 529374
194387 911919
20854 289616
693741 408210
96142 85391
936969 809902
778060 373822
762114 946458
216045 748333
250780 867220
140501 780429
220358 412201
736702 379584
392966 744164
411522 10947
431075 500500
11593 917731
985782 86725
326038 706871
985188 187354
864295 279468
749658 957115
55108 10242
501428 643640
427518 229122
563408 525281
949678 584680
403452 307236
733551 70187
790105 819553
549864 67588
959508 121928
373577 103223
565871 185618
40553 309475
326279 766603
147460 690821
637648 300099
681846 243458
853992 609073
256229 425532
65121 304663
634558 755553
560765 20070
277454 443780
525893 732534
73451 826284
776640 423927
580994 160768
949171 641351
640997 244739
272337 463951
858703 547521
537475 974844
791046 721374
310319 910410
115967 506030
932985 749320
610905 825576
888095 338274
777046 152106
957312 318117
493828 513668
530919 247168
815096 982602
967085 418764
277930 346411
36901 205621
830037 840279
666034 301504
878987 883226
187382 660150
305989 614578
136141 50436
450065 804223
359502 770040
72342 971811
575888 41994
125538 369206
891129 409734
173812 592856
530854 177199
559787 575221
352463 229456
48659 831391
311865 524474
126042 389285
824212 258353
554800 917032
642107 705282
505066 355376
368243 915809
856953 53729
475537 176878
150497 419124
464860 495699
822089 467280
282512 919279
742705 120664
226732 919698
1649 747980
876526 978572
836580 312794
725147 385581
957448 405250
603592 934323
773325 49951
91653 27537
471217 982825
420445 694706
226983 692649
264467 490377
1985 796109
380107 105417
145707 693560
73878 25833
163252 699982
412227 92171
301816 103362
414117 876702
793376 965268
231279 230659
778686 40522
52221 600032
636827 48875
163239 277106
573026 12513
933878 532679
77884 108662
436567 831777
777980 568674
613402 499507
334445 945609
615514 774183
99723 942486
516874 346389
797230 110015
45004 74209
859636 931035
133711 323267
812230 172142
237177 52044
469342 291830
518888 191020
250833 623122
282386 485874
964009 192709
401620 959290
511671 757964
864236 832102
606619 425887
62028 229105
119482 596254
402610 650722
904106 550533
193655 888167
216680 497478
221370 11903
665401 375643
352728 466520
63462 893525
226958 877859
515100 857958
619266 104731
85668 648392
538842 182088
267101 108059
416952 687149
58713 545015
240996 173148
493305 18143
225034 393066
691037 855405
592966 323795
886417 142061
434335 166463
311067 867825
214159 457221
527885 824437
424195 898691
859309 135623
207889 679461
933647 436595
860860 528151
404929 923738
255793 690575
47584 215651
473173 272137
492711 864364
840750 508312
766872 749259
257758 845649
465068 835642
676041 501220
304262 442691
531536 6335
62055 337194
652074 793550
31141 871675
613632 669796
942421 523716
647924 534519
316598 693076
449309 459913
49614 714361
626799 847890
89578 421351
468804 89779
158294 920651
305888 661483
390942 496228
790787 49835
735117 738507
398488 712534
315164 146171
563656 530625
72863 112018
962781 256767
882496 798905
112831 58947
611576 103286
701453 275432
719253 101930
451256 712022
776718 595286
132085 326673
866220 105798
532588 401808
780360 477137
119120 796719
136721 237868
296116 361549
259804 27581
759126 696249
701669 799278
212690 507763
327418 902322
798293 23774
53025 121354
438749 394898
490539 987972
308992 602513
298588 596542
753377 871839
467202 972040
225130 35335
993876 542906
143991 994123
891269 508661
891962 580239
42850 333851
219525 984644
773603 415978
751285 983957
541266 874744
447775 82064
986430 680219
397457 294335
510154 779699
420193 501551
770947 978488
821877 810863
901203 958054
964344 832227
243489 343416
870531 602037
741738 5626
844943 872671
362784 996321
413822 780338
660176 218203
536803 429970
165634 443726
367953 729270
133634 130332
581243 521086
591124 196061
503580 97095
295218 55208
609659 473581
951832 656049
697877 31219
464643 829798
268034 212087
228587 84191
489686 691009
1080 56445
922843 158614
913363 202335
39325 38147
668128 652574
290218 724539
396848 145808
975148 496516
561407 267137
120976 180930
596086 50980
484375 234548
144879 159184
579054 513419
984269 675892
438175 722534
907129 564532
541717 622465
465485 522070
445498 628091
586174 369732
920529 708331
728452 228912
888009 472971
862511 191756
954756 493193
113029 762395
260803 67983
29906 475381
458294 460148
699323 167072
729474 588002
635872 74807
771167 83092
150571 446198
440798 356352
353123 652550
31305 288734
19498 819298
642948 784425
446140 51830
235013 550200
525832 438089
9446 537306
847377 624145
995517 211347
217645 963933
419994 826019
396249 588394
43547 978690
4050 660056
574169 180090
418145 458776
459460 170802
155284 26771
470201 62072
485057 917696
778236 311949
128214 504788
785923 392019
540257 442299
987576 455237
776668 988908
55119 623353
720370 198049
97431 539542
64661 306922
521907 555614
580771 244810
346565 946376
788214 800251
990441 124804
716000 210687
570503 797436
475025 525985
9720 182780
544537 506484
705488 168113
675497 551119
847192 379198
714803 468937
829801 320405
359850 532715
264668 874451
495345 305362
456247 552060
996052 427807
369039 763241
440237 395109
415978 965307
519930 869803
385131 149692
846299 896344
748424 503785
891364 933293
302830 82774
226848 738184
451526 740466
755665 401713
713680 366822
187071 201870
459825 925006
610215 383099
286866 555603
990937 767133
3950 209807
374920 969070
74938 95076
594488 678338
287693 134538
229213 977300
54318 616073
399578 771263
448070 423272
439704 129394
97231 499875
616484 652056
703765 52590
217373 5128
310285 860825
391057 476152
904404 510196
699058 565164
136597 515090
328006 986997
71251 929402
658612 652584
140705 948473
865902 457131
618576 198897
799355 913984
563070 364795
741210 557154
500619 20505
255868 736709
702991 419673
568857 707454
709281 751673
952475 735260
205356 117248
992646 500147
10387 199186
190685 462177
981205 980406
385071 402762
418758 869282
691314 90243
136644 363209
990479 613090
713516 501597
613313 64612
271098 758174
104224 74041
735064 307808
798806 784565
538233 468426
469564 998675
410822 557662
941474 22726
460548 407680
805720 724027
155995 750375
105862 921251
166785 117747
481943 545981
710592 128011
742842 415021
835460 230784
768504 274180
311572 467266
516558 666481
375700 851953
353195 601268
425449 67341
304658 542175
860981 285005
447993 888851
547583 277168
362216 567108
965573 585289
325464 388212
529896 183255
573176 531673
198404 559778
393929 142746
92381 540231
48891 741676
317014 425528
180906 566589
274309 445861
754892 890452
837533 275730
744532 924135
792697 115903
614476 584443
804812 312354
358751 285284
668962 954806
545588 769892
58636 592211
334583 242245
311534 263609
964463 905304
619558 681966
97063 912793
424754 998078
410400 938014
53501 663242
938497 502789
71447 467259
343556 243379
162626 790996
971593 184436
687023 256841
937564 50876
273845 594140
344351 469750
173063 270357
404238 584372
612532 873327
486920 883813
737941 50746
773363 569149
135879 30827
43083 144377
398956 68545
796621 299955
794608 414266
521901 211074
799290 119085
329893 763387
971732 791215
275257 808554
118206 315143
536031 69124
909031 452917
541186 839137
508660 916476
215059 17185
116609 597742
264617 877562
111096 83530
521559 335044
876400 727894
638118 728960
508798 188527
594519 368418
690349 77361
733579 679823
187802 576191
799656 395361
451644 655118
132328 223219
905168 455929
526956 588310
809418 94342
621736 115319
40832 366994
562784 587495
568813 837988
426067 742911
408611 622573
456081 112072
262119 125534
112984 257984
833609 66945
720468 293245
199466 101308
461887 58555
20567 453728
710178 819784
411482 866580
558954 406748
948559 954625
937648 691723
300761 51645
968772 932825
499481 129869
971566 663286
124047 913306
831954 860473
905337 143012
498927 561838
924663 245430
519492 678230
728573 123748
254517 498210
898618 256010
368933 121742
997353 505753
110767 716362
290602 821471
433707 965962
328524 268895
784777 75737
456640 123004
45497 539453
612223 767640
369074 643121
464111 835188
755548 419580
346274 887867
554708 588539
903211 403859
317459 145539
413834 311939
807252 457473
282383 960992
51624 443610
12403 249057
572640 840769
330584 306165
245629 629728
581068 317915
427432 403013
383581 762437
10699 853271
84682 972625
136871 47069
127605 913908
257310 714072
805473 311786
904747 341687
181396 654170
882762 815871
697255 502956
93130 996329
811769 697757
743957 644855
182299 712694
869020 483966
498043 292326
400646 461833
615469 794893
417081 641845
376600 267306
280777 585980
467377 160631
779884 370258
605343 728713
159570 911686
240434 817228
603906 157002
408945 139192
418434 31220
233098 748926
460779 451265
333627 926925
487355 269664
765374 994852
701245 961502
94235 623751
404001 459895
872352 909852
421028 16198
217546 914257
867678 201088
699565 6451
233541 727941
423272 222697
116003 349505
510126 65684
93056 974814
874704 307323
287056 844039
650087 412537
974355 248177
549092 795679
630254 878855
247590 352659
965822 562831
759259 191824
251134 110040
354442 918452
273026 4982
469790 790131
19175 126052
458297 715689
382990 797604
340992 726747
885659 393539
42250 219421
868669 977716
786570 628325
278567 252047
233238 112135
665122 862346
260881 213356
873021 326179
629089 226386
731797 952672
106166 50252
80189 995259
523285 530772
16976 297053
159406 182651
477893 229564
750924 659378
39202 77656
928621 786279
925455 31699
180608 277549
96156 306384
908565 253930
996329 31557
687540 546857
6129 45973
534664 366712
834278 684024
111851 534047
181882 732447
581737 658146
206680 976694
846345 735913
398081 368385
392096 451273
247041 362845
222257 71273
172671 799563
311399 352991
484470 611272
39099 172451
408923 169896
437078 983176
217195 245107
966655 499880
453828 711625
646511 274783
232017 413943
652579 775519
420006 158415
76542 754575
814376 747407
401244 52342
890827 937550
635647 151362
322187 212531
80828 916892
59947 626736
731905 57022
725494 213297
306788 375094
223817 348669
173004 774414
19359 981672
304066 497447
567439 589719
525455 878343
107167 288098
991446 502314
841744 976975
306630 918310
233209 667749
237154 62593
677138 443243
902734 420865
216292 797896
890408 563857
409999 759347
232510 756046
777167 888828
378269 762995
295634 560242
359520 197098
56496 751160
475999 547719
823060 490783
407430 992587
100484 597306
226933 668557
874173 259485
925812 959342
532188 999792
834112 649015
477593 986654
215123 48808
733742 490134
817943 945511
602897 291098
907466 502437
311677 783614
815457 785318
684397 39975
99571 30019
862946 792632
966683 40315
864469 714855
12225 95206
688226 936906
813547 496066
804083 732437
787866 32483
238400 283405
52844 944807
472055 156148
28470 594346
137379 67285
216959 889340
261203 656973
366678 158746
787728 654351
709022 732343
527946 841090
263098 415540
123053 141178
48754 685690
464087 818072
758415 23316
964290 33532
660652 279970
789916 187690
643637 434870
778410 228351
282490 944812
80352 93965
619140 172959
318665 442553
799277 244283
535052 996182
276609 864333
873126 113414
310833 247730
482219 52290
11704 876431
935297 280020
725210 850051
650126 907112
286961 548282
219955 770736
125066 145720
687586 86545
376960 738918
24461 458542
54829 912131
379532 197768
364125 935586
556149 563632
20588 434120
926308 964644
844913 240138
262513 755334
43672 373591
146996 464969
258760 612665
849242 115089
468626 290480
51596 20018
911059 851287
957548 96062
45810 275145
701773 328242
762007 953185
889946 383872
972676 303228
783778 724975
956905 316392
246775 372192
48309 37660
160171 586538
809963 576116
570924 358635
137126 217522
38144 188550
539863 813139
719105 475338
609743 691528
393107 343990
264578 909125
764647 287235
24155 274146
185320 300847
135023 890466
824716 862125
14632 514646
724378 534367
567329 154014
344310 423263
28260 858021
748482 818631
697299 267538
622845 538672
801197 366309
605342 430687
264233 255658
994985 794017
482736 556534
842163 352101
243623 209519
559848 551674
377898 46756
831491 927119
868482 169289
652734 221939
800105 236249
209907 915878
877768 206400
979776 594864
423826 867134
110877 671477
338769 316532
440753 938493
840677 684336
802946 60250
130230 447873
818303 4654
341340 632524
314891 353652
38447 177207
442522 354807
592941 954169
74386 276108
937316 713181
393172 999941
440421 173814
184413 968184
552589 586591
932562 621612
173840 428396
455647 181088
447248 853680
794583 309808
965044 378339
200360 318852
96147 469958
872351 616002
474961 286334
771039 327886
153557 975694
276103 839143
136168 995561
745162 903723
265384 432504
155421 430351
954099 279236
731085 230820
240051 701931
106473 527974
116039 633989
494306 152233
134707 968618
985404 258581
455398 538229
819629 548012
30770 74629
660890 462905
715605 633664
157389 882303
849235 183211
41388 919224
140956 40979
380839 591964
734910 42045
919702 600323
638634 448520
98636 722396
735128 911524
753505 559002
745110 959474
676702 152967
891444 270908
631817 710348
913820 728938
673637 173029
142266 966977
376471 528958
417410 426255
59493 795257
283943 515921
565486 886199
804617 22650
541962 449164
146989 456976
389707 455043
688621 421199
8342 558873
424568 836099
721143 998364
667459 472479
631669 903855
784365 771962
376661 929110
838810 982099
433162 32903
555372 830614
504948 815487
963032 136031
727096 114519
883813 699551
23215 17415
110468 503268
198583 988011
216470 370641
184854 421544
789553 398852
181964 538012
783380 75790
358236 177342
621021 336077
348164 460045
389217 893172
166509 856120
527385 825388
66263 781483
846340 597344
528505 245550
581250 722403
718124 949206
293370 579330
594937 469903
820139 818761
145621 430004
22573 153042
686943 591130
159206 798770
697075 39638
55479 709891
573109 512375
681756 246938
958714 975901
901575 789550
83739 979832
744628 67599
713677 632125
443648 618021
613975 578383
859487 602792
893598 674836
354431 543411
699754 530215
153984 206658
338229 310150
636075 226087
701771 669301
231958 562770
153548 504359
955316 462461
103935 338291
540673 278222
498452 776628
14371 239772
699142 158894
799305 400197
383335 849643
11908 156769
932676 412649
932216 71102
909752 603667
305780 918869
218333 203712
816769 586122
706136 156666
626229 294165
121331 40282
338577 410782
372057 238702
512755 750516
958204 621903
221995 917516
337380 196792
858159 254827
726489 470243
258171 707343
559586 484434
643846 208182
225958 118147
438969 431555
265233 83860
336655 112656
911466 77570
701637 732358
912390 419913
923225 604795
122924 360829
704269 490748
233697 492225
62717 742596
755136 660557
693001 938600
432187 200657
108690 762526
104411 342079
497961 211630
210089 947465
684194 264837
549994 321247
982570 925397
343073 423056
216215 114406
555636 621782
466416 703893
730756 882778
229449 86801
795892 233521
34110 756499
362568 475500
630711 937015
185114 240569
22073 871171
910747 878283
643860 982957
230052 665552
462135 875387
69828 271565
650729 190424
388631 653340
591987 207894
772890 211735
25351 583077
561455 10023
123898 409164
437422 866505
504311 627779
413064 318184
813925 318950
907483 271553
258068 658332
428798 844654
639494 620934
908060 669207
180241 311016
509143 985595
463162 850973
155672 594827
482815 509494
488231 721555
743141 191607
689856 125343
145335 632159
776016 747748
186795 471664
812021 4248
963598 397806
965561 90705
583365 466815
68685 604316
321726 565391
493846 876190
650876 89588
749867 879217
146675 731652
145258 880871
724692 219314
577734 438678
652301 912062
442971 352275
926149 543906
130511 546048
253285 64948
584835 33277
385270 431044
431096 245854
214021 364266
24026 604566
208238 527295
33737 201160
355842 57639
329448 63567
899200 200615
241648 131124
673734 910297
738869 19618
695921 632008
564524 793695
329563 933810
603469 115090
826433 894330
954138 51169
350913 25533
153155 740209
983410 165591
657464 143519
30207 936611
311997 198203
536697 540772
831563 146105
225120 407254
563570 464634
999211 61914
295449 97727
55625 365326
809176 973867
812198 918106
555114 589529
170036 930275
913189 212405
339113 906590
93698 336031
913738 521832
845010 56009
696173 783219
416135 74885
429777 824241
374359 878902
875303 842377
861522 368755
833604 917466
125353 651162
230034 950351
357292 79895
685710 965339
984396 766939
125265 912657
43314 406089
159937 82763
34404 223717
599510 615998
41918 794359
316087 204520
717450 146893
576145 642259
882335 582149
832748 403356
850689 880318
819729 107541
816097 525693
467803 191468
852073 458341
407747 112360
980991 854991
852811 188900
265013 954473
833118 689375
19545 506523
467975 503542
792830 868287
122604 173684
772948 759041
761976 998353
123157 106216
226672 727507
160783 643088
574316 918164
185947 434380
899396 101194
626992 989164
607248 808862
272386 862812
22307 584838
778229 196838
75814 501451
788321 275638
490166 3862
618720 154789
209929 331038
172416 883376
135028 435926
105679 474166
964653 738601
956836 819075
201144 337468
417979 563325
446415 779898
201267 608461
21630 77754
22812 790441
999211 40808
942004 193489
803093 98878
781505 620625
880505 118918
216388 672840
853906 666259
780330 433635
54415 149115
735334 199057
395083 566927
137024 379498
263772 771948
581875 539353
55284 546703
869973 612163
656984 90793
778774 83090
851931 844056
582455 408014
750390 332876
258665 295438
541048 282543
180621 525054
371676 664918
589730 227637
26852 885200
965625 27609
27851 389734
257392 514621
436678 993330
685028 790719
10850 391876
276007 261848
97002 423743
288734 217779
872756 356598
153713 183044
505836 553278
11949 465740
845075 741769
181300 988894
488240 687741
982966 304605
601920 496237
724287 64180
509076 269929
308487 433191
169768 396380
419367 924382
317644 782196
703806 22966
488655 992785
660262 921231
446538 118456
769034 465292
313796 72646
679125 799692
627525 230829
554923 574701
277008 694897
922256 453030
94099 167568
539638 771998
254219 378968
799157 250841
569349 284532
194869 339634
672233 670808
167708 936216
464183 878187
930611 779786
926263 518411
418542 5743
631901 956283
674559 976137
618213 9241
229844 395505
846579 402516
128886 51942
258186 757437
190495 729544
70785 401949
146191 356748
974749 830526
401461 430955
746148 450398
900715 470801
715440 481363
739935 981023
458366 909782
583136 594385
931552 594031
891114 698037
287996 73307
521461 485692
50532 272762
206311 959522
388912 168753
797559 277194
546353 595587
947552 479439
811806 799259
510131 602873
757951 530923
488335 762132
900839 254677
337422 278679
203222 246268
542237 16487
322212 760705
386635 606678
695340 348866
741796 490125
248296 58564
340269 350261
569054 551441
134086 364655
782087 243561
311569 818330
258389 260380
620799 838415
456501 730538
266394 128993
21331 537829
42986 213760
912857 210916
278684 715089
39787 112983
54982 490834
950219 232058
587548 3544
902177 204287
779577 572823
453285 782989
291367 710991
750521 880927
531502 456293
263723 669194
264425 295034
329396 609486
18403 963087
223138 55458
288892 553835
734011 366954
628775 27101
155335 151420
714535 965247
849553 416238
863408 598585
59033 620339
581740 337212
130275 637050
599376 767010
125037 118192
878889 647926
360161 52354
220271 870332
496210 434105
896845 825065
351102 910957
340660 735692
99887 503289
428836 757869
674890 332511
752600 510152
193186 188492
184350 898780
846270 793729
222430 433333
184436 990313
515435 992246
276726 952753
602127 32490
249151 289722
848133 78641
292310 15612
89348 594052
90441 297030
294478 569869
883049 818980
708264 22847
482204 778026
836953 681211
984596 724026
539153 826252
693381 560913
558921 416870
895850 222754
321632 674567
236324 335289
386945 903392
604448 363791
977600 630164
810720 747596
764783 874509
986959 624741
168354 214678
80693 312172
299260 349325
260186 479128
180699 907256
50621 676001
878641 225872
187588 260364
514547 611607
58677 941795
860129 615260
466619 456887
565412 803941
145525 124657
800705 623752
23395 424830
495355 225741
254348 541344
937278 481957
440980 913401
718740 487620
682106 524771
877202 720727
141835 620221
291473 253462
837367 873524
111905 164001
49928 35237
378081 31002
834023 277587
20774 179012
167258 567487
934324 504384
133339 688714
262840 368118
623774 102234
698443 809454
276222 68846
153111 292006
503951 544511
959990 91869
621934 970125
276637 579602
357548 100975
577452 892232
470945 802181
915331 185928
588328 874140
323423 970559
585662 489620
883919 675300
841256 530150
38768 363079
54493 298364
547986 392324
869472 268454
262932 989762
31032 832282
465289 918592
963948 95391
99884 420039
867959 968295
918787 243630
490732 632118
99434 336753
720154 415119
762897 673706
327707 825838
220466 532438
189499 797764
914860 1453
973998 147673
282491 288816
850301 490604
76987 754530
137496 654807
841787 863749
425210 785769
557444 132535
679223 462192
376354 647942
199415 202743
864829 499348
907027 930666
390222 239282
316977 678216
42054 365271
495148 277471
709375 315404
295826 886790
979637 697943
584962 640395
857585 458140
474445 664837
695641 725726
660452 695655
316890 317495
363240 943726
123586 586901
535257 547994
73812 624776
485353 889683
11768 628422
368973 9947
341099 333095
440940 883885
659643 259814
431053 492747
262879 831531
610643 682568
5474 966642
484118 485902
873985 751956
574886 877565
605684 825600
818679 100632
819069 849742
360175 300226
475067 640588
862887 144100
440607 12013
265882 957478
451452 912960
407842 589206
115437 398318
323060 64762
303058 908566
943205 700284
161313 374589
283046 753607
155087 696314
30493 419067
18516 927304
904388 366926
153260 764435
593325 818294
823789 284427
648992 559585
861606 74554
743360 395571
384720 350669
340747 144724
147354 782030
553001 857652
677295 919123
854124 392542
88861 9205
960048 302264
708762 991751
237122 80720
953699 324348
199359 373214
85704 80633
774475 299747
604671 865955
711835 664684
172853 714921
809030 946162
211569 917953
641140 600246
637724 962350
774831 554349
990116 120007
311815 169050
165844 197228
834418 301106
803599 305565
367508 903182
568997 15707
977626 998519
951688 525952
139767 5034
636237 531604
839033 875246
382802 657677
343906 261808
435464 894957
452906 392660
656495 230483
319719 293573
854787 304420
480022 585571
506280 206546
106172 609042
726112 210699
546869 841679
330252 537445
731069 88309
105438 321522
250034 247962
696367 578848
586837 74970
180373 426498
109362 154075
956222 268424
209215 253827
866719 669392
689840 80231
75537 872029
304850 201942
678380 145685
1283 721398
305024 631163
360120 335703
732903 440698
518064 723477
68829 990670
786828 354800
201749 516059
972440 160444
340571 446640
995966 720968
504559 633171
616368 373649
86717 474204
110198 481993
175514 447986
852648 217904
960916 908688
626499 491938
687565 879342
501828 709915
87318 886511
478149 836698
4724 282710
880457 172044
171095 307845
497610 695698
662342 325348
378163 662408
435791 164232
856930 464553
150601 591852
24011 700183
399721 259590
859712 990968
526032 192880
392321 115418
949506 213351
475843 773426
11979 90333
643971 929474
330791 476605
725176 314922
79270 228722
839304 288400
742103 22236
409845 140593
56836 531578
174802 250228
183477 139483
694962 234239
423212 499155
361249 475253
903052 715656
934947 137330
68749 752315
272272 263183
760116 725560
71570 675804
641090 231552
46578 857956
405277 60765
471021 702545
155051 840785
701065 415806
775836 658666
945718 587676
950218 320500
799281 460238
868614 500425
690577 156969
165826 265074
542921 23487
42858 541275
588719 121630
851017 661667
731426 441130
187062 766941
257175 406580
620566 14171
410561 906681
95178 677991
355546 697606
948568 182182
844585 555360
296762 405882
384256 282424
792514 208632
786831 295008
107412 544469
897581 529826
393389 301838
800414 489238
314869 347148
534400 564010
178362 996299
270341 338604
30721 742398
340000 239111
589108 419485
620205 955774
263356 939380
874461 867084
528557 113102
862714 277552
22240 673436
537551 631360
82915 870890
279905 835353
439837 321798
787710 153002
907851 422987
137202 421724
905873 763021
784019 791031
126357 464876
68964 366982
885328 960425
412327 333576
52295 731599
948777 619422
841767 684731
846282 450306
385034 980503
239838 663080
875280 126812
914918 629432
750642 879672
609485 560257
401171 106955
423701 937602
194253 734872
692524 762378
224373 90479
472909 131243
824434 836261
9265 962327
605118 145287
325047 913703
907285 108959
932914 676523
271954 450258
523926 990082
42729 594501
287872 556969
34100 874267
509853 376643
332041 534293
715140 225914
613800 385085
770422 4619
299340 640251
584976 40812
45364 460236
500047 658451
167431 479220
139976 642243
831358 537322
943610 674430
151621 980566
933417 677465
527251 87761
403508 656314
688237 208466
1213 350801
588632 927929
149619 526891
232696 333796
972314 536490
596239 943406
662880 651242
864675 49139
668474 571322
353744 30566
234439 649113
676047 561962
253028 17585
431026 465446
742470 330982
315183 121201
666319 390453
522334 800709
206397 576462
747958 697090
591013 116173
461834 629401
211937 685977
247012 958945
799873 719035
790021 67485
953364 320845
315907 620832
936820 986280
705973 16072
380439 894187
49423 972782
81220 13228
893617 465321
177654 167338
2876 494490
737072 546630
85238 776133
392541 166409
933383 790991
811759 829807
704015 781369
795225 514002
691754 882383
395864 610511
241347 120222
680862 637974
182849 252837
589431 318155
397184 805897
706341 170022
705019 962779
951214 208445
63046 92774
160443 543178
594246 831495
960825 310701
441763 118340
963527 731308
33794 662581
737531 97444
345137 815366
244095 509658
687047 450636
284518 615344
450950 886476
30171 72763
970733 952975
309712 118171
176385 476608
915665 755902
330531 779041
413309 401045
598411 83736
137915 231638
58140 667515
343261 588188
522737 599322
381754 597624
55283 926601
380762 181690
142641 511558
410025 264993
14562 373694
457740 589195
137119 731812
396268 386982
104279 640746
958057 714136
532326 802699
610432 844507
56709 591724
693077 912725
777881 85798
176 553094
777584 543755
962849 120876
319878 465871
534808 54286
268261 874221
957361 771985
257430 26
905336 171456
100045 152785
982052 87204
272765 73821
584879 770967
347379 143084
513395 348094
342835 8034
729867 133184
648487 460146
276240 402148
990322 715763
637587 916391
384164 496597
630504 724434
790021 913902
24996 135169
279409 85489
938908 667440
779724 794397
822442 147211
231026 296858
582241 957404
169839 929976
861342 296993
332405 58520
154324 869570
515280 431944
124190 240293
174820 945002
984896 15526
674066 688786
629862 733581
523435 618880
74475 580848
550442 853617
478746 796845
895706 333349
931918 952590
78525 682387
51424 179894
69381 458402
749556 516350
454626 983598
278000 207195
747247 948777
889972 335717
178040 892619
464068 991375
157559 274606
26423 935257
121701 760807
429543 300611
212243 415461
98304 429438
268513 34434
422847 14174
305489 681691
638639 467043
488652 567394
650212 593296
825979 68894
387724 867864
288428 148494
393931 977823
100125 68411
286276 743814
275263 480504
460721 550153
197988 2852
416860 268179
1015 307473
97605 661379
872045 393282
393690 726254
791400 265422
572801 927178
63556 464806
433568 265076
361406 62649
671059 82771
47981 330838
122176 342294
810281 918787
636508 734727
901398 17031
155702 882520
878640 849465
660089 42756
682396 308103
587308 867325
941179 466593
156981 356503
444223 853810
219724 799538
13226 997935
214562 549116
780065 699803
302958 373647
193807 124105
125808 640259
875883 811448
628875 940670
865960 528436
91134 519276
734947 782404
360460 405970
414537 313726
892246 91676
347270 694545
920565 513180
277906 329991
845422 626577
564300 594702
711341 130878
938715 837422
927486 575962
383417 251838
154493 970313
480972 459131
874569 685948
448913 632644
259378 185115
813876 750373
884067 606596
144926 253116
627655 32183
22155 680968
79525 605851
275577 935149
67637 567818
966399 262708
334551 358767
155909 592829
446154 723648
831802 546810
272078 368153
815070 774130
887939 337929
117739 608100
793462 349617
586783 628280
613809 338863
401572 253443
658994 673966
367217 562282
841715 845720
505364 48482
877477 102839
365116 887316
514621 444658
147950 422215
995518 621847
266779 699041
372759 529108
913676 403500
211513 677727
704203 198910
419372 530621
291462 257626
916010 237402
43246 230451
652991 207182
127628 159968
937381 526070
5305 532229
32379 632088
586740 882540
570795 883978
748035 472715
268342 91746
371649 394543
547165 688104
587462 612498
300382 785447
897516 219101
713487 516122
855969 359007
341066 737309
188276 410747
833859 505828
950622 947226
225250 260750
371400 55539
226980 393103
689231 682551
323795 16331
908705 587251
270118 862384
278606 36526
70697 658313
710788 543814
532509 564891
510151 591129
271497 479994
667648 920708
524650 390258
234079 587330
893743 567947
728836 836761
613391 91447
768147 266563
256389 649031
194611 985252
672923 445183
753785 371351
521779 768558
969635 846419
856505 716671
723416 880694
101082 499733
359027 89695
852959 737400
798712 39721
13750 386992
155420 119128
563327 236141
75374 134322
49968 546311
625298 142067
42402 590949
333031 256153
401425 331341
437233 252274
770303 398860
909024 723490
564851 460601
627318 102336
195360 189928
374186 597437
10585 539000
633877 258479
349794 67920
287164 715441
858779 777224
444299 731216
59639 645817
444998 926086
901141 40975
800717 467609
146517 249837
126206 88317
614722 788916
865766 15128
837869 650459
567268 279546
599601 126317
273959 398287
614341 834812
730983 735672
740816 135706
321936 632504
569778 830213
180941 948172
899614 913856
350773 537285
113773 641310
834978 498391
707770 513196
299024 683701
333846 923445
594108 579784
582558 710826
156687 826912
123493 844955
231389 202876
54780 125309
333081 11958
800695 580540
251779 753750
926178 156313
440640 185465
820264 620547
955482 713316
724821 271942
752593 197463
714341 395997
585564 969695
176657 171549
744378 225477
50805 521273
381638 707395
300822 353651
104658 748281
11060 462367
562088 583809
383250 301956
351718 869261
805677 780231
549333 488947
731629 255471
921947 227525
422469 171163
837566 159689
928340 625304
547312 387534
968710 969282
187682 385593
651346 760393
64664 389663
50796 288097
479454 796842
391117 305885
8192 170349
277278 777550
511617 597245
817471 300547
32072 261145
346281 528230
942635 272672
65416 285910
438182 24329
435185 798264
376320 994849
202930 168007
271371 82267
521765 542635
283359 517542
926703 742864
460779 78320
413519 304712
331667 82442
812411 210530
301559 87324
844799 904517
659513 483742
612225 840726
997853 737591
751680 563227
799863 111875
640283 668646
239286 597513
830716 787105
7832 649361
149839 858236
612301 951948
284740 769211
934878 408709
368007 914343
106156 682588
215478 436122
781449 480925
414536 89478
842311 443690
802698 955350
706218 920284
909124 994526
62141 159088
439217 616048
30493 594675
578841 877868
711941 568146
748737 34806
48566 298242
201775 533557
943694 609067
591638 267704
238310 664455
529391 482548
875230 524011
46926 23741
57821 803064
828539 991805
547699 666353
499246 830278
614260 855672
393389 299641
372846 274956
303879 988105
500287 713311
930436 337224
338013 437424
372498 419020
778628 29989
803474 79806
157955 950166
576498 822557
826131 276069
387823 870205
229537 634025
57895 89177
333092 340023
104772 384371
999253 348783
256658 81771
532869 170680
711780 771985
642 83223
529592 979951
920782 458365
270507 963578
493593 83378
539170 149001
58566 103538
464994 816820
265664 182404
703769 630671
500027 445476
533445 346395
392881 199293
433041 759396
480610 713912
313380 829259
395884 306272
933149 430360
628583 613525
464983 539007
246571 248464
323959 424289
542111 360896
47445 999183
395962 965261
140116 20261
976864 493446
899880 127548
545351 328286
800168 482118
78103 821631
953266 868997
332840 778001
363596 165759
482086 553493
642932 391004
484542 216917
137758 253809
727962 325112
546867 598740
926669 168520
149742 68278
273440 467467
135233 618486
221716 169190
184608 119735
989522 969854
812073 916712
290158 897119
713106 438840
608293 519582
248716 617027
16798 45405
480479 991499
733670 4714
956206 126773
901079 499951
318472 709277
652690 770039
949214 511964
908815 676175
19860 993761
518300 541447
487507 964229
247670 910296
329039 915186
300320 121484
147226 123251
822353 414034
508242 973721
198591 481141
580115 710774
785246 123900
583919 355763
747430 563383
625867 949664
153169 932615
468018 649927
808232 409050
794925 806242
441901 600220
948041 540909
557734 544528
131473 406788
609082 68467
737161 790306
601499 660387
848231 160411
502640 169672
72645 509204
148952 495276
131896 540106
745207 689328
440 443919
33925 961774
903934 636397
349060 47894
803552 975176
455868 714580
45849 19831
45679 799782
650315 605641
561149 752392
783695 449997
383188 95513
368505 665037
33696 241947
723005 781024
916841 448916
565538 107092
585345 878441
502125 197675
692819 376915
605999 666547
529259 971400
989098 508540
492902 830930
846988 455567
489883 873883
903577 309807
611538 21279
689253 279373
484563 862405
565912 821488
867210 525579
942087 180491
700899 59867
665638 40621
235286 777526
916495 164053
272169 131719
891378 887296
416788 525642
300935 79215
447679 747115
586056 929996
554177 601792
119288 875839
564152 853413
892643 349781
85139 547679
22598 624326
263572 552752
41527 447014
615621 284730
308590 354636
28015 68882
119819 601020
861584 964296
560595 357288
690530 820571
141683 457022
986254 330115
219001 800780
500469 142978
776868 541616
372471 688107
625532 687703
396499 306963
422386 463012
9733 5173
486200 366454
87387 677419
984947 225102
393232 948683
237656 496807
39387 438256
790566 825960
122687 588246
725108 897211
332503 850203
929423 334574
947224 347754
164279 160871
609512 919752
343049 652298
277731 254490
16105 507405
185683 153997
711655 631549
281017 815160
143608 508415
439051 432012
584302 690856
387486 420839
133748 829054
426946 41049
599365 396674
856431 345530
800696 627537
692193 504679
413592 286721
928064 573744
433329 667081
506645 520176
609999 202566
959498 537429
774084 168152
150 674009
332389 91217
700645 397391
640242 472205
785345 621147
428279 452608
275954 23977
175515 852632
663356 302924
97425 121027
530877 887517
5290 443557
927055 599682
695895 91907
39099 508291
560303 668150
7705 387206
456172 843115
510767 358590
485580 505011
789158 828071
316544 616915
470799 187287
448273 668014
454504 355117
201156 86785
272410 523006
849359 233291
623318 639039
494013 17154
921902 563140
771660 764
158123 794903
128620 815627
597866 88113
899539 593947
604723 134596
201766 560475
65904 362221
472163 549472
424742 90125
859449 120368
241946 840523
214253 403219
248761 288861
800974 836311
750075 189515
497764 956131
923734 514645
224322 813323
340810 121805
640844 530937
658517 16125
71192 333207
973280 91554
649577 939956
485162 590791
384828 66608
97593 288071
806948 79869
944571 917597
780781 957398
1109 322203
883576 926052
443940 928467
502278 586237
328269 161121
318218 769587
934673 909294
699173 772144
38061 848531
239520 460115
860047 109664
861036 330964
845975 692739
467253 796889
40934 872363
237453 367402
204623 891777
214869 115743
133361 286474
364485 569778
352112 348863
231142 961553
528769 584746
364788 941877
428275 235203
372901 646020
359084 524066
8066 499877
321521 881828
415216 13520
61569 429038
877852 257168
53113 814913
296452 743358
291905 943569
856143 830232
152587 118743
688446 780265
728608 282928
332419 290547
737612 362341
993937 457950
379756 516236
503248 176017
65674 1684
554533 965034
132402 690843
53212 252236
545513 875404
34363 702366
581310 154459
964674 661043
595079 873129
875693 969586
621987 341813
348608 351764
443558 596195
524927 128406
39352 958849
946605 372343
149572 119681
755537 691812
33800 590102
945598 20847
734950 509528
978514 562387
692060 932354
551825 37331
738151 894290
956610 335744
796804 983019
919001 748052
53848 128610
757231 474628
160051 771282
707849 325853
631294 347128
766702 243490
660823 25603
146295 208417
174815 120642
194855 557744
38951 364826
823779 134083
327924 757355
843140 218885
975045 903796
687150 908738
426914 636220
600740 819142
519140 265005
187287 961076
838860 176577
927275 326771
113105 286977
45107 103718
51616 258279
519396 346667
599628 298014
71999 626891
655406 575820
926110 586403
196570 972583
723476 396681
515605 202115
275929 640552
329346 866773
349183 585488
857370 285152
779880 48402
229354 455449
321394 315406
14383 547974
210949 870439
974498 489180
192452 852198
501349 108818
601884 835133
387321 560606
915070 719088
439806 586306
461776 902717
160974 282836
468446 797745
776666 56895
826872 374238
793532 404568
83565 157517
828587 270308
946560 363758
316283 81417
508550 244111
388153 180515
595262 571035
646184 252691
487543 816828
722507 988282
3751 511953
41372 24681
416929 756878
874989 151264
439415 430523
328078 762440
277755 9242
645351 539159
597154 266410
346124 378520
149330 171522
332621 245132
127567 605256
341280 24251
113665 579081
930640 860482
515883 127298
829376 447098
321554 865759
796324 355877
631420 364618
150501 223777
648141 49708
290934 61363
277079 233139
991273 203477
248153 655475
264682 446186
481781 952027
834455 394691
77150 425991
138305 442251
115386 954975
532908 10830
551882 257256
766514 735680
61279 986056
325506 996504
109434 946658
902254 519628
522202 552757
245578 401204
483299 696452
939065 557000
668596 352159
222919 529645
400865 801443
27273 207914
251033 467465
10888 780315
6165 457167
434875 808101
10713 80859
618258 844116
671312 561474
661184 905258
512335 936890
858862 915437
673277 872745
794333 604099
9408 138815
464318 168855
565044 917246
726332 369088
224902 823960
373859 946188
733846 354769
592584 907555
599973 762532
864471 613613
931874 159646
913330 619690
728651 958351
457826 982044
509577 200153
954843 506153
256160 623340
754080 262071
122605 399107
682283 572578
699667 705769
369752 199730
500378 108044
616560 385133
944924 649733
186475 274791
257547 403621
191431 195756
94309 683903
519500 124974
131076 236221
942318 233265
463309 213873
366974 223034
261435 346455
287159 354021
338636 741463
570519 162395
386395 283404
381041 884629
503366 50650
232116 561936
864478 673887
136591 190865
473196 810735
859980 242613
922351 317070
769722 622803
256974 24937
866147 749431
563093 337406
140121 159950
618109 213440
476331 456807
593754 849754
40141 980683
887004 795953
190134 557301
623079 702723
52776 945729
552543 14575
43955 107084
801652 190034
519001 144192
328820 586540
745454 953799
678114 214803
466221 962291
254660 106429
421770 551466
988975 368089
305744 931406
778159 429344
108320 925083
216262 287607
640982 302803
155697 975886
550359 492189
254749 256470
917999 870882
81705 663561
554571 665373
238623 614609
670872 710613
404336 853507
52510 712276
750081 654231
662014 427402
604093 206343
456538 717360
955477 572180
462346 116248
806000 244135
419710 199786
622785 79931
30883 754473
711623 638654
175123 944994
961214 186549
269485 64326
159924 677836
759145 433387
14130 576269
178279 233704
772455 262814
567650 336920
876136 97865
758886 660543
931296 823878
199760 648026
276026 79369
611692 507667
433944 918271
878744 188258
73604 123607
572537 801419
994287 418753
442682 211045
654139 807431
818989 612094
772469 616067
146784 255403
658418 360961
835698 475210
697201 726114
182439 370525
200833 508008
770661 28850
143503 637976
530316 222599
339660 366463
938722 359043
172376 489090
980591 902901
999369 590115
353903 612347
222875 274634
486020 499077
962309 243097
265642 913187
967306 818303
600425 454294
52581 259911
551415 412921
850409 575768
555828 19436
297938 530855
736152 8732
267676 382813
633849 997817
952919 975044
448232 399947
871863 244865
484842 820005
509867 557620
338608 894473
961327 781117
736416 624359
69000 494590
283212 267307
544627 15454
309616 947227
460563 308404
510225 125624
254520 692949
559966 82281
684043 111011
887600 160763
332327 177627
591959 526828
537114 208457
830554 34285
793585 490030
576300 194301
47390 940079
994280 734657
303959 106194
