3000
413 4353
9256 130
3640 885
6044 9431
4408 6174
5710 1669
8997 2502
3743 6813
3013 9526
8915 1997
3825 7694
2177 4017
7968 5129
426 1338
7753 9386
2291 654
2633 6903
3577 359
8139 4819
4766 4733
1390 1035
3738 5095
9059 4212
4773 4559
9181 3485
5841 4376
5438 2348
6098 1752
5283 679
908 1172
313 3231
4446 7856
7106 1505
7942 4821
3014 8654
2933 9190
5853 5075
9992 2235
7700 7780
3254 2443
4611 9865
2605 8096
4186 3813
4648 7889
5582 7465
6970 1425
6618 8406
7101 3408
8881 5155
9990 9925
7461 4111
6825 5492
7989 2237
8358 6332
7254 6281
4594 5587
2120 5709
268 7495
7631 1871
335 5081
332 2841
5856 3064
5815 3705
2677 1178
9206 91
7247 9333
5129 4078
4997 5298
8178 3112
8010 5097
5874 1673
2843 4948
1908 3440
968 7514
2989 7207
5991 9151
2269 7887
7275 174
445 1971
9315 2251
343 8885
7719 6002
8524 3626
8749 4772
8503 4742
9782 4073
5601 3926
3502 6282
8379 3399
4124 8699
9745 1373
2375 2941
6423 3453
4109 3284
1672 8177
9736 4106
9830 3664
4152 2526
2802 3093
7662 3946
7995 4685
3636 1565
5853 6854
8441 2802
6771 9675
2898 3331
697 2896
7656 5614
5974 5826
755 7793
138 1988
4884 7343
8193 1448
7093 2262
6049 6951
2757 6327
9951 6397
9713 5226
3561 4963
7380 2753
3270 7970
8876 3261
5143 6646
8204 3561
4117 563
9012 2728
6555 9683
5339 7510
4125 8763
8105 4253
5093 7924
7372 4641
7826 1208
1242 2738
7259 8509
2229 9094
9008 3996
3397 4294
1341 6599
4661 1210
116 2466
9490 3136
9331 4477
6426 5911
9087 1833
6614 1836
3766 1459
1212 4032
4967 857
5446 4016
7537 285
1341 711
1318 6777
5403 7189
8777 1622
5185 9169
2522 8084
6611 8494
4136 3651
1 3582
8105 261
7481 6498
3672 1198
6385 8318
4037 7903
5598 6010
614 3919
586 8979
1674 398
2548 9667
6234 1387
6755 5149
4510 3757
196 4211
2409 6317
7051 830
5773 7991
7762 8
535 9458
7158 9529
3077 2834
3519 6303
4914 8637
4018 8797
5116 401
9759 7575
6120 6607
6488 9837
9091 7812
4427 6356
1835 9194
5948 2306
6765 9949
7955 1577
902 9113
5728 7705
5312 7360
5891 728
4854 6165
9352 5866
9743 9426
2424 5977
2370 9678
9092 6911
8545 567
514 3980
4072 7449
1851 9246
7712 4580
948 9533
1096 8550
3094 3436
986 4737
5446 7879
2878 9675
1702 9467
3108 7717
4234 6788
5588 5043
9578 8680
8929 6611
8859 3298
7735 3058
3001 6452
293 3725
515 2738
6737 3547
7243 1393
8955 6856
2116 6252
6876 2510
5490 3812
1207 5645
6860 2990
4495 176
1459 5342
2141 2925
6439 6796
3312 9854
2455 6331
3208 5482
9259 7159
2502 2247
1138 612
1654 499
8602 1275
824 4871
7553 3280
3789 9922
9623 6527
2638 1762
3329 2804
3339 5589
5894 5947
8095 1771
9890 4027
5942 719
3874 1886
3843 1857
2104 2092
592 8209
3201 4239
5350 6858
9273 1509
6554 2090
9132 2310
8924 64
6614 2263
8131 9707
6505 8190
970 5795
5921 3728
1275 2623
7962 5165
632 3929
6694 1126
7177 1336
5669 808
1417 8675
26 2940
5056 7192
4881 2100
3079 7408
1180 2339
921 1158
7816 5662
1020 266
8657 5081
8310 8967
6170 5091
8558 4946
6043 1813
9802 7059
1708 3318
4806 1455
1220 3213
6498 3113
9879 404
9039 3821
2741 5995
8049 3237
9020 2179
5826 9944
2159 3376
472 645
5973 6632
8189 8433
6107 8839
9703 1243
4603 9990
8777 9449
5483 5858
4097 3942
4743 4815
1216 8311
2061 4747
184 4217
1853 9835
5644 6458
1060 6657
5125 7082
1618 6758
9860 8999
3119 8355
4476 1150
7805 4244
3480 8725
9987 7843
6909 1861
2637 3690
4593 1938
6837 5471
1629 2328
1880 3773
7606 3062
3325 3972
8354 957
1961 1437
7878 5081
5011 3187
838 8100
4237 1334
8257 9544
983 7472
2156 8809
897 6782
171 9599
8495 1981
976 1000
6675 3094
528 6741
322 8875
5499 3992
3807 305
8330 7055
814 6214
8812 9242
7829 965
242 3251
1255 1386
7378 4685
6731 3458
5435 2070
4251 2045
9806 8840
5057 1826
1319 4134
5219 2621
2755 4341
8220 4780
4742 520
8890 4289
4459 2634
491 6063
9716 133
7299 1976
4039 2257
6930 2105
214 1915
163 6367
4364 5747
5594 4404
982 3102
8553 1335
4988 7343
6533 9824
1132 4264
7747 3499
7662 2274
5899 3315
942 1828
4660 9871
5548 5009
8618 9904
7303 4616
1070 3245
1201 2399
8737 6595
7115 4242
766 714
3725 6673
2595 4799
915 294
9639 9819
6828 2519
3739 8778
9292 170
6191 3357
569 7576
7379 3927
483 7766
5779 9616
746 3030
1857 416
3602 9911
5525 5030
5078 6703
1368 5834
1027 383
261 5212
6919 9324
2890 9605
4104 5308
9417 3727
1626 167
4675 825
8184 8049
7068 4033
151 3495
3425 4104
625 5622
8654 5103
1542 2577
2903 7098
2963 7818
4939 434
2801 3644
2453 7312
9709 9840
627 3152
3950 6055
6237 2458
4146 9825
8673 6038
9253 4777
8312 6834
7674 2199
7704 5894
6584 6821
3311 1961
7724 1336
8639 8604
7072 4406
2759 9493
2560 1469
7697 941
7291 5587
4538 2717
7821 2169
9394 6556
2419 5297
8641 361
8572 9476
9150 847
1760 1400
2180 6179
8455 737
8993 7093
3169 8521
7030 1076
976 9928
8416 7476
9656 5078
8090 1604
905 2730
364 7789
6554 1781
5822 2152
9330 719
5327 6958
3368 5692
1151 5082
1965 5892
6118 4538
7835 2113
6751 1694
4978 8457
1651 3955
2658 2211
5594 8782
4792 1883
8597 229
7298 5477
6291 250
8573 3853
6371 1411
1251 2044
3632 72
9264 8802
4200 5053
6618 4518
9402 5764
674 8815
8629 201
6700 8831
2233 6513
4784 9937
3413 6347
2470 2052
2935 539
5390 5920
4840 6876
9107 4025
8985 3638
1242 1040
3313 7190
2177 3619
565 2996
765 6590
547 7363
568 1659
2210 8456
8892 2689
2922 9006
7079 9537
5729 8602
4496 8099
2038 2559
2798 4519
6184 5666
1676 8435
6151 9502
1823 3328
9141 3243
6866 7153
6867 4367
7282 6900
8497 8745
4382 8504
4657 4171
2624 2977
9431 1722
7242 9461
3577 3470
2151 8403
5602 3
9047 2498
8227 4562
3557 7530
3847 6275
3444 7512
7766 4989
9915 3310
4513 5996
530 6052
3351 1661
3695 2786
4463 5340
648 9927
1649 1964
9837 2656
4764 1338
5762 3470
2928 5117
9804 1925
4922 5028
7166 9082
8967 6372
9452 7369
9541 813
3979 7096
6765 6217
433 6336
3290 233
8509 2685
8724 9756
9443 1061
7509 4298
6820 1536
9776 4160
3983 7761
2457 953
5854 1699
2220 5078
1130 5001
7517 9622
8220 5743
9873 8757
5140 8828
2896 5656
3140 3585
4409 7
6707 4333
5803 4892
7863 6970
2361 2759
9845 9082
7042 5848
502 3825
375 6877
3992 8844
2602 1034
5132 8775
5358 5021
2535 572
3000 9232
5467 6261
2669 8497
3151 1367
3048 720
9859 7454
1482 955
730 6856
8717 3922
4212 5479
6862 709
3139 6339
6551 5026
7360 382
1425 4671
2421 3227
8657 5403
926 1474
1230 7235
5772 6550
1493 4912
7278 2365
4968 5720
9883 8262
858 1180
2209 4718
9947 6044
8875 55
4924 1808
9230 3099
8150 4844
1163 657
4892 7153
2261 1802
7341 1093
8014 4388
2077 3270
9210 3799
8204 4566
8043 445
9370 3744
2911 5325
4046 6016
877 529
6789 986
8797 9085
4441 5050
5036 5630
8235 3997
8444 1396
9527 908
9020 2756
3229 8252
3861 603
5411 3764
4789 4528
4266 462
3993 8857
8558 532
9393 2070
2274 5164
7403 5385
3827 7132
3274 2328
8916 2149
1215 7664
8049 4943
504 8608
1191 3982
4843 5104
58 4904
5238 3025
2682 9025
3298 6191
5864 2551
7375 7448
9080 2160
946 7271
5549 7834
94 9006
8411 7896
4831 4085
7086 9042
5913 2050
1826 6994
6066 4278
1947 7889
6573 8907
7920 1936
2568 6071
1944 9887
2088 4934
9058 1261
1756 5632
4196 8443
3619 5845
4345 3743
381 3087
4883 6352
3559 4004
8777 1897
4010 2299
7448 9321
6483 7615
4134 2799
8228 6672
7677 1598
3456 975
769 9442
811 939
7748 2566
7928 1534
8695 2915
3527 4683
185 8835
7947 7757
2857 5218
533 716
1286 8393
6572 4823
2656 3956
5212 1972
2649 6183
8928 7362
5579 3510
9477 1073
1661 5768
2264 8615
8853 7190
4340 9355
6751 2188
7913 5699
9460 1342
8659 2374
296 6613
4180 9267
2583 3349
6135 8497
9704 9913
3817 4009
2679 3237
2683 9891
2691 1060
3195 5924
1306 3500
4879 847
8400 2415
7948 7679
3861 1010
9270 6868
7148 4503
1593 5167
1665 2344
7016 7364
2358 5563
4600 1455
4807 3209
6214 5678
1880 3854
2622 2367
8503 8552
3085 8448
2379 9390
3438 4797
3248 1500
105 870
5308 8001
1356 4518
5235 1603
8851 6896
7378 1208
2327 2223
7000 5913
8075 2740
5137 9394
8222 4500
4290 806
6060 4338
8041 970
2676 9764
1307 1399
7273 3461
2747 4042
8589 8088
5476 9526
4471 8529
1612 9090
5685 666
1726 7301
7288 973
5342 9000
4366 3794
1690 1609
4205 4309
3312 6097
1223 8527
5173 7871
9762 732
3330 9112
393 681
4972 242
7722 4703
9786 695
5616 100
8299 9333
244 901
1158 5636
1848 2146
7176 6339
8119 4579
7953 3672
4658 8979
4876 7669
8207 3296
2790 7196
789 381
6979 2216
4883 8111
4214 2327
6517 3437
7911 426
3871 843
9094 4592
6730 67
4113 6896
4813 5582
3259 7963
8561 7931
2832 6001
4675 7979
8573 2225
8619 6974
8113 8056
2917 6522
8594 4567
4737 2689
3103 1604
9160 5168
4041 4408
5539 8811
2138 8958
5339 8310
2270 8550
5581 7641
1156 1228
3129 3226
8285 6489
2460 127
1708 908
1751 862
2500 3601
3180 6344
6019 8643
8175 9995
9131 1707
341 5739
8019 6986
6394 6780
5687 9283
8978 291
3793 554
7167 3190
1490 3792
7121 6606
6488 7771
6040 5041
3725 2706
6981 2458
1957 2441
8021 5930
5193 4710
2297 9720
170 8387
6951 4338
3796 573
5034 2841
8430 5862
8502 1422
8180 9942
7579 8975
20 4209
8220 2320
3474 5225
7209 8706
5158 6573
8305 3363
535 9568
3732 8825
9357 5252
4380 240
3746 8131
3650 2122
1315 8701
3033 1153
3903 1661
7197 9429
2991 2037
312 2887
5731 294
672 7199
1825 7753
403 1502
9580 2128
4160 8719
7378 7603
5225 4967
4646 1066
8973 5498
8552 8509
3360 1825
4784 8395
8621 6910
1892 3988
1189 9434
9118 2857
7970 570
3531 9654
5700 2494
184 7234
8073 7356
7835 9663
5769 9180
9138 4418
8957 6197
6127 6342
31 5957
6808 277
7267 5697
718 1878
5655 7542
9164 6395
4250 2873
2480 6653
3054 4026
8074 500
5205 247
7864 750
7533 5474
6441 5611
959 6731
8321 9531
6890 2735
6521 7391
7620 4820
850 1881
4308 2359
756 4637
4525 4760
732 4517
4704 9550
989 3698
6861 4860
4463 5700
5523 2272
1445 2117
92 7600
5847 4480
4656 3964
761 4984
9531 3598
5190 3419
7878 3924
8766 3542
8929 4664
7186 2706
3508 3711
5364 5703
5259 8983
2963 5775
9349 9677
6550 7862
5069 8277
1653 4810
9387 6071
1279 4940
2466 285
3231 9279
6935 7529
4776 5044
2183 3175
5923 6948
8296 4000
4386 9464
5800 902
6522 8534
6283 6423
4642 922
6847 3642
7311 6170
1452 2977
681 9196
2589 5941
4358 7387
5225 9378
9871 9468
5395 2309
6995 3702
8047 100
8868 5436
5753 7142
2757 2824
6120 6427
4568 2932
933 6245
4025 8308
8106 6819
6630 5086
7630 9882
6502 8265
3990 7837
7377 2718
7858 8929
9205 4447
7749 3848
1166 4004
893 2183
1936 4071
9903 521
6671 1887
3810 6118
2217 6593
9063 1101
1419 5204
8141 1735
8637 765
4357 2764
1673 6625
3375 6414
351 5272
7704 5334
4892 7623
9030 1800
9457 234
54 9878
8678 1202
8318 8820
7432 6386
4637 8273
211 104
70 3995
2446 6487
9274 6103
9923 562
653 8042
5147 8013
5205 9886
4978 1889
4197 1670
868 3077
3316 7308
5719 3910
4196 1735
3492 3581
1687 4588
1987 6799
3552 3919
7208 370
2130 6147
5369 6093
6736 791
9707 4149
8767 2053
2549 4105
5943 1820
7276 5049
6311 3747
1581 9342
2878 8821
7361 8875
2809 8556
9069 2925
6732 7794
5849 7678
1099 7208
3300 4927
127 2287
5053 3662
4378 3399
2385 4586
9434 6342
7861 6658
2752 4130
1847 3763
6486 4432
9335 7936
3638 9345
5199 2904
9199 9051
8994 6726
5647 8554
5411 6040
6165 6618
4665 5399
2527 2352
6363 7952
7882 4312
9234 7836
40 763
1637 7731
8823 8935
2900 417
5695 7600
5950 28
2032 6574
670 8419
9332 6705
7579 1588
6242 8271
8999 8387
3427 6299
9039 6901
1697 3911
7287 1669
2130 4909
6831 6173
5435 8313
4105 5268
9872 9277
8279 9485
273 7993
7475 9455
8347 3926
9240 1579
3781 2729
1016 5696
4672 3411
1182 56
4139 3054
8920 2970
5464 9764
7980 5583
8193 6252
4482 1246
7624 4165
2844 8584
5583 7502
2911 6095
3516 4178
9463 4216
1944 7970
3869 7209
3329 9306
6432 3783
6006 6874
5824 4266
666 1852
3668 8899
7460 7354
6473 8668
5795 7997
5918 5014
7244 5669
9744 4097
32 7909
2591 2014
2665 726
4199 3819
1273 532
4088 258
9056 6006
9641 1944
1850 4866
5631 4281
7127 5494
9378 6805
4682 1714
688 3257
6411 5118
2995 1240
9679 7350
2497 4764
1053 4844
3940 9478
3620 5540
9526 8835
5025 2071
117 3104
5247 6876
8882 1671
4892 7897
7896 3128
9884 9013
4966 2276
4088 1644
9754 6370
9522 6832
5982 3949
7410 1610
3662 4478
7108 1527
4399 3150
4201 6905
1710 8470
9236 5109
1187 8454
5065 3932
7031 3506
530 1206
9529 7363
6266 3068
4050 6239
1612 4901
8055 1181
2124 3553
1069 4699
3527 5627
9102 200
6895 239
1242 5164
2486 8578
2821 9636
4555 7336
3228 8216
5110 6918
1035 3537
545 5071
7009 9634
3545 2403
3198 4327
2438 1974
8578 1406
9610 4910
6587 6068
8185 1580
967 9830
6645 8502
8031 2913
6526 1574
2923 6697
1017 4910
8852 4147
1282 6121
3063 1383
1368 7529
7661 8794
2019 6814
8744 5169
324 5827
1345 1199
6624 3304
3707 3727
3008 2978
6785 24
534 8354
4132 1764
380 3302
2219 1011
701 3736
3357 3519
3586 1711
3359 3897
7193 7766
6064 6361
2166 9526
7545 1637
8226 8328
8177 3457
1212 5109
7895 9321
1485 2974
3005 122
329 3608
9853 995
6371 6198
3239 4049
1489 8786
4217 4658
6903 7160
384 3305
4479 2711
8798 3204
3785 1128
3542 9973
7574 4939
5976 1054
6222 6667
3248 7624
8966 9060
8981 8740
9925 4541
2121 2399
5849 8699
1865 2595
2053 6539
2069 5458
5349 8040
3252 443
3824 117
7654 5351
2956 5074
39 9651
9775 1978
8513 9791
4769 9498
7177 3643
1155 9541
8210 9064
2704 3485
7420 4671
7102 5131
8581 9553
9673 5786
2583 2236
3251 2048
3501 2198
2908 2061
7624 801
4163 4194
5092 1912
2032 7080
3867 3023
10000 6910
433 2532
124 4618
9176 1864
5149 1890
6958 4911
434 4479
1536 3794
8072 1778
40 4248
9614 5898
6071 4170
3932 165
1056 1061
4814 7938
6210 8237
8444 4063
1536 171
2011 1156
9298 7720
4930 2864
3422 936
9897 549
3286 6815
525 9113
8689 8908
6776 7223
1115 3266
1284 1795
3786 6807
489 2433
4630 3576
2159 1989
4750 3216
1756 9704
2963 3502
5920 9150
6499 5543
2667 1445
3246 4865
214 7020
5401 7745
83 9826
6417 7081
7406 9945
9163 7195
8639 8912
5473 4876
5713 1803
2503 9695
7377 6661
9907 5630
7412 1672
6995 8120
4393 7442
6494 6672
6842 3738
2126 6656
7693 7507
4321 4076
5061 4114
6631 6540
86 6967
5584 9816
8638 428
4159 8096
8957 2665
735 1654
1433 9009
5762 4563
2177 496
9574 3491
2269 6427
8082 4625
6457 7195
8556 6808
7494 6358
6545 5608
321 2973
4155 499
4227 233
1234 8469
7285 6682
9587 5238
547 1412
7527 8344
3517 8092
4661 1498
813 4229
9973 7223
1090 9930
221 7720
7008 2344
9739 1734
766 8751
3711 15
9027 9247
9965 8674
7278 7362
8843 9339
4175 9284
601 8237
4275 7998
7976 3197
877 9543
285 3879
8697 2365
7847 9345
4152 4705
6901 8734
4628 9612
1166 5709
7540 2924
579 339
3945 2560
9365 8616
6325 63
3051 1015
9197 3662
154 4070
7153 2823
490 6264
8218 7458
6929 9485
4406 4898
6309 5143
6902 6739
6435 3077
8279 8229
4172 9196
8004 1921
3261 4234
5321 2061
6033 7254
706 2049
1700 4024
1609 6281
6333 9491
9121 365
9848 950
2406 3428
7030 2645
3970 4862
1384 3426
3161 4958
407 8733
1557 5491
5937 6338
9437 9117
4759 3919
3254 5326
4126 4586
273 2384
9119 9081
4815 2420
4182 5949
5616 3693
6945 5651
5839 5723
6530 2587
5946 3266
6639 492
8505 8612
4692 891
3165 1670
2379 7876
7920 405
3610 4045
9092 8258
9547 71
1244 51
3380 5051
4462 5812
4425 5158
747 3116
2467 1262
5591 402
7725 9330
42 4331
4911 4406
4773 189
8733 6868
3657 4316
4790 8974
9316 9264
296 1707
8751 242
1620 5832
6828 1602
2639 3201
487 9094
1258 2450
85 1503
1678 4832
745 6802
8089 248
8662 8180
220 5398
1655 9167
9617 3000
5538 8017
9631 2620
2070 709
7104 2093
5358 6951
7713 3162
5719 6051
6894 6803
9388 7851
3110 1151
7986 4000
1852 2816
4413 5948
4457 9323
4354 5459
9463 1524
8553 6442
2549 1806
6506 7992
6407 8617
1781 3640
2442 2276
6963 7721
9127 8063
5065 5105
6344 1476
6320 4592
4791 2077
704 5018
7415 3858
4399 1997
1620 6739
3596 8478
7019 8426
6737 9301
9514 3430
3997 6987
4839 278
7668 660
1622 597
5889 309
2476 1111
9904 724
2741 9643
2234 4354
6397 6371
5033 7215
7445 6961
4788 2287
4813 6542
1490 4329
7830 3084
328 2404
5520 9689
9341 6364
6884 9408
4887 3318
4434 3786
5351 2840
123 5297
1226 9715
3444 2508
285 5082
4768 5607
1831 9428
3352 7397
8604 2018
8851 8503
705 1426
7722 7318
3829 2569
5655 1571
4761 6174
6372 7277
9312 1908
8466 1825
8058 9900
241 1270
9921 1843
1979 3248
7737 5595
8883 5059
5832 7834
9297 2459
3349 3193
3847 7640
1411 5152
8556 8568
3469 4113
3408 1904
9693 4163
741 881
5930 4523
2432 1418
5262 7966
6724 1124
4983 7406
6040 8980
7372 8613
3187 1961
4355 738
3097 36
8053 6291
8750 604
5441 8918
8460 3586
6283 6766
9286 5946
165 6468
9591 9132
2483 2854
5463 8422
215 9851
4879 2978
2168 8604
1520 3187
3079 1138
9879 9057
7577 2147
6665 3931
6296 6892
2681 3838
7597 7843
5472 2215
4869 5290
2327 5973
9599 4161
9257 7486
5910 3111
4023 172
5904 5759
848 2246
6672 2699
2613 1710
5991 3584
4166 2281
3756 9577
3511 2821
7244 8999
5196 2504
7513 7152
2971 8235
9270 2054
462 2591
1770 1109
7194 1513
2339 140
2567 1419
4164 4808
646 287
9941 6783
9446 1478
7386 6957
2763 9666
2491 7492
682 3466
2011 9512
2242 3194
453 8434
732 615
6692 5192
792 5407
9416 3726
2535 4319
106 4933
3413 1012
5583 5865
8007 2550
2324 6454
2393 2212
7422 9883
9905 549
6084 7719
9420 2312
7266 6973
799 9725
4642 9088
5200 5542
7149 7083
1933 1388
4716 3182
2171 2319
9365 4417
9936 5363
6461 2560
7292 732
8284 9892
788 8539
2991 6582
2523 6050
8067 3423
1843 5126
1209 5859
8282 8784
1064 5911
4443 4399
4972 6191
5256 6594
3351 1073
2101 6744
1513 4599
2763 6556
2743 8726
5245 6477
360 4576
4120 6086
8660 6305
8436 7647
4335 9725
5947 4903
8218 8668
9093 7185
1013 6589
852 2255
1133 4001
8613 1063
3981 3385
750 4513
5644 6367
7359 2783
707 2723
2781 1814
9644 7304
72 3828
1636 5027
5658 2310
8817 442
5059 1025
1978 579
1576 587
73 2487
4729 76
2300 4660
9844 3569
6979 9204
7595 9696
6305 7667
3375 3425
1760 1305
1200 6996
6502 8103
9819 239
4043 7946
5718 1478
4739 8110
5875 5151
8157 2436
8501 2597
6915 3667
8030 2691
5729 2222
4694 6384
7036 2834
2342 4056
3827 3684
1782 5202
9595 2884
59 6649
276 336
6744 5547
1629 6382
2338 9898
2774 5252
9517 6470
6302 40
4055 3753
1381 2765
7458 9612
2714 8721
3170 4529
2189 8077
4848 3007
7910 8136
6102 2929
9194 2337
6845 1405
422 1436
1275 6561
3458 4307
9092 4835
6580 4722
7326 1967
13 1471
237 5342
8330 9303
6059 2459
7159 2227
2417 7066
663 7485
4500 4124
4522 7993
9383 3959
4217 7920
7976 3954
1979 133
751 2561
4063 9776
6873 3432
3246 8536
3619 3487
2035 3716
8937 2600
4918 8455
4159 1909
6104 9137
8345 5038
7905 9479
8104 8192
2544 4857
4745 6957
1487 6432
3052 1105
9238 6364
7232 3696
839 4616
8997 7664
7916 3355
2456 189
6932 7707
3973 4789
718 5069
6021 6628
8268 3714
4214 843
5951 1329
9814 354
9624 6257
3175 6911
9645 474
1313 7670
6969 6287
1121 1597
3166 2444
3434 1908
3078 9184
1091 2436
1747 357
1834 5044
4513 7699
9952 4818
4038 7379
9879 6555
7497 6325
5940 8064
982 2112
4711 4871
8568 7901
9225 176
459 9809
6947 3813
2498 8150
3641 7817
9288 5721
950 8513
7312 4461
7949 2135
1276 1182
8219 1330
9541 3951
1178 7133
5295 8668
4697 750
7302 22
8034 7760
4985 7572
7693 3651
1911 6969
1173 850
6686 3835
4022 6903
4699 6759
1983 5335
1537 383
3814 7157
8873 2215
426 5497
5420 9498
5088 5796
7325 6407
5884 8589
3373 6983
6735 4530
8571 7387
6005 1125
8077 7751
5317 228
1179 4365
1052 9604
5159 6788
2330 143
708 1609
1582 7731
7196 5386
4124 6009
2867 1851
1565 3141
5419 6374
4994 8080
4390 4358
14 3940
1456 269
958 7054
5618 1657
750 2304
3162 9128
3123 4671
9891 1118
5855 6306
7335 2626
4626 9806
6672 1620
3363 7265
6746 9390
9333 1783
6653 1032
5374 2267
4443 9699
833 1143
4806 3364
8859 7589
3095 4031
2346 9730
6426 6641
2328 8704
4863 2859
9950 7142
2969 1534
8097 2205
6936 6684
3062 7337
6062 4643
3603 4598
1456 5488
9326 915
2681 8362
3728 8186
3465 1235
174 6700
3309 108
248 8441
4900 6038
3595 9854
142 3520
6720 4804
2791 2129
7038 7829
8520 9839
1851 5458
1631 7904
7900 9988
5659 4122
4170 9827
6659 4256
5997 5631
549 8209
4999 9893
3418 5804
7237 6446
6943 2502
1585 2031
2818 5865
6954 161
5546 4461
3535 6618
5841 2673
4279 9033
9323 8574
19 5371
4178 1243
4022 6156
360 9263
8800 4143
5152 2818
5319 1983
6163 573
5954 7705
7619 325
553 8619
9858 7796
3136 3683
7458 4307
5274 1691
2478 693
9849 9305
8490 4318
7437 6164
2801 1599
7601 7971
1749 1437
6419 483
4678 9602
5933 7734
842 1706
2875 720
472 1926
7832 3497
5430 1439
5705 9056
2861 7661
6343 4695
4308 7910
7625 7397
7374 2868
7232 216
9734 3439
6545 2434
8668 7980
4782 6820
9250 1966
1910 9376
8582 7933
6858 1020
8794 406
8671 5806
1087 2375
7280 8513
1527 5844
7644 4246
8143 4112
723 1779
4059 520
721 3669
2412 4840
9867 5910
4191 4704
7722 8408
2539 1802
7238 189
1151 7947
708 3408
7501 270
1167 4994
3597 319
1434 1770
8447 6241
5 7294
8815 5200
9051 6467
1318 6037
296 9392
6437 3971
9315 9076
1698 7871
560 1619
7692 3550
5990 1658
7269 2153
7859 1756
7000 4539
1204 9037
9676 4014
1763 2410
6192 4243
949 8532
4285 5054
2974 6704
1532 2193
7106 933
1218 1704
2223 117
5578 5956
8952 3120
990 468
9312 4861
4678 5179
3677 3416
575 8986
5992 6825
6465 9553
3327 5860
3 9553
7914 8679
5180 271
1059 6681
661 6177
8113 471
2176 695
6254 9942
9944 6606
3143 523
8185 190
7514 8332
4427 4242
9971 7661
6784 9862
1358 5454
7285 6376
4936 2785
7172 2287
1312 5159
9510 1788
4298 4761
3782 9755
2757 8420
2262 6232
4966 8022
7102 142
2975 9987
2291 3984
5718 5126
6781 8903
3981 6870
7014 2708
6489 9258
4629 6756
5318 9948
7271 1814
5064 8321
200 9848
734 2096
4520 7390
8109 4565
8543 9244
1115 7429
425 813
2958 9670
7780 9380
9929 6014
2396 7342
2541 2842
7788 4540
2235 5838
4044 3394
3269 2382
2896 7426
3395 8402
9144 676
7406 6620
8513 7736
5982 5548
2859 672
2526 6928
1204 1467
4710 6385
259 4764
6605 4743
2399 7521
3327 8923
5128 718
2942 6716
6163 8916
897 9652
1600 5189
5350 9061
193 5562
4312 6416
6849 3414
2207 9745
8792 3193
2539 5695
77 9301
3740 2287
4264 7766
114 5078
7309 7524
1335 4375
2928 3251
797 6766
6779 4555
5161 3208
1517 9434
4496 4584
4611 6331
8548 8002
907 7864
357 1616
7941 7645
5749 1609
6849 3345
6924 9732
9291 4623
4219 3211
1247 9528
2281 1317
1480 3470
3264 5033
7595 6610
5970 1960
2146 5462
7814 8421
8071 1696
4053 4742
8632 6797
8753 1839
4476 9931
8177 8456
8665 9642
759 1450
5409 8555
8609 5395
8167 9894
6826 339
6696 9650
7525 2809
108 2474
2875 9495
2058 9908
1077 2970
9664 3506
5270 784
4722 2515
8831 3249
3656 1357
1360 2312
4679 8906
9881 2261
6666 7447
5165 4252
8927 313
642 3009
7398 7851
5556 3196
3761 6015
7198 7425
364 6425
2252 6081
3355 5416
2341 9243
7737 5490
8444 1354
3716 2752
4258 7240
1334 9021
6255 3256
9572 5566
7115 9616
5273 7119
3630 1023
5016 5395
6240 9587
2447 7570
9717 1530
7927 9722
3114 1866
9338 2708
8432 5681
7704 1931
6005 6195
8870 4390
9334 1483
4366 7904
605 3990
3606 1339
9843 6482
1807 3204
6613 348
5978 2191
2744 6479
9582 1052
5307 1262
1843 7869
9881 679
9338 278
3267 6865
4404 8844
2432 801
7696 9046
8435 6389
6409 8945
4353 1162
161 5329
6952 2968
3118 2795
5386 4906
7957 6384
1936 8491
4486 5458
3271 1845
7627 9023
8910 570
4814 2967
1435 6900
6408 8039
9778 3584
541 4208
5197 6964
5446 4470
5719 9468
9755 1694
9717 4037
1330 2720
5977 6583
2155 3376
6916 9126
3893 483
5721 4376
5824 1591
6317 5524
2259 5581
4154 8686
6594 6320
5095 3525
4573 88
1612 3291
2712 5207
5003 173
2084 2350
8807 8566
3392 6829
8874 9506
6531 7606
7669 2178
563 2386
5650 144
7191 5964
3830 3082
925 6573
5834 7671
305 4935
6878 4371
9130 7911
8940 7791
3020 4976
6955 6312
185 8792
2142 3518
5279 2788
24 9404
9349 1856
4756 9945
1560 5529
7312 9734
334 8773
2951 4082
6197 6113
8212 6021
9929 4897
2663 2932
2283 3110
6176 1344
682 6021
3302 5912
7734 3795
8781 6812
6193 6624
2640 287
2125 1607
5553 1049
8230 6293
5426 9682
2613 1974
541 3916
2060 6413
797 2607
2680 4516
7408 1139
4454 9831
9883 4099
6423 5909
6148 6856
3671 1177
2281 2790
5932 195
4356 2937
7544 1354
7086 860
1321 888
8253 4361
2170 483
7457 1485
8415 1372
1068 7980
9257 4775
560 9881
1222 6209
5564 2139
4123 4548
8200 214
8348 6990
4834 5030
3376 161
5258 2203
6098 7228
533 8738
840 6328
7508 175
8367 6547
7003 5994
4285 6923
9110 1492
7885 3883
4720 6449
9408 3514
1671 8274
6643 2423
7681 4318
8924 3253
4602 3865
2556 2827
2297 1777
9827 687
3571 1331
6058 111
5477 634
983 7903
5614 4093
8863 7754
5504 9656
7999 5981
3154 233
4203 3553
4080 1260
8169 6063
219 7488
7960 3187
3593 3468
2798 6424
9339 2613
7773 4748
8992 7623
3917 8393
2206 7273
4460 5374
8350 8508
4422 6655
7828 8724
9281 3296
3670 1807
1737 8440
9659 2478
3092 1611
1548 6724
79 9853
9285 4512
4020 3857
1639 5134
9973 8371
5543 2792
7954 3125
7251 4345
1771 82
6388 8922
1986 6816
6501 2359
6100 8653
8987 8820
5378 3626
8696 6953
5673 5763
2692 2717
5357 5046
9175 1727
2349 8430
2851 5716
7957 629
3775 6972
7159 5590
7708 9242
9451 3996
8237 8315
87 6870
5649 9150
3108 7255
7474 8254
2792 6738
6182 8103
5802 8300
6429 131
4437 8213
8647 4844
3585 533
9005 5275
8253 8746
5885 1372
8406 7524
1794 9476
6908 2190
4298 4260
7428 2429
7247 4985
8885 5468
6636 1755
2460 6006
7427 1729
6091 6400
1377 2253
9875 2827
236 3725
932 9818
3466 3192
5043 3712
7968 3192
6789 7078
9362 7323
6987 3142
3967 8783
9362 1478
9650 4074
4618 8751
5672 9762
9779 5390
213 1800
4929 2355
3715 2554
5463 8096
7761 5452
966 6426
6254 4291
5406 8886
1609 7721
9694 730
4008 6484
1373 4411
6536 6648
68 6289
3204 727
8095 7859
5871 3527
4813 1851
5547 6115
3987 6759
8589 7853
9230 7693
4358 4719
9173 325
5485 7747
3168 5360
5194 2301
1400 7603
4006 6336
8385 9608
7941 4132
4796 960
4873 1908
4479 5321
4188 2887
9164 4566
2417 595
4556 2437
8787 8486
7829 1154
1985 2823
2927 1481
3304 1300
3907 3294
1551 954
7654 9459
1241 9294
7467 7019
676 4534
6534 9624
9887 4917
4869 4957
9589 6344
9868 7938
4428 2167
8025 3206
6933 7182
8912 1595
5343 2649
5325 1421
7215 2448
456 3195
2801 4673
66 2982
3530 7455
8742 5909
5259 8751
6185 2012
2281 2515
8607 604
3993 5723
5166 8674
3994 1002
9062 9283
9392 5703
1467 9007
3625 984
7617 2762
1824 3812
5452 3172
9238 5381
1197 3274
9810 7374
5809 3027
1750 6687
8097 1960
860 9136
2704 5184
5994 5635
5349 2779
3895 8962
7676 9922
9021 4574
1817 9030
360 282
6817 7656
5734 8941
4981 4834
9014 4109
6727 7211
8887 8317
8126 1012
9593 4683
8823 9223
3444 9520
9203 7442
9572 6071
1148 7264
6200 4083
525 9506
8026 1289
7467 544
1976 3991
2747 5960
2962 2583
1071 9554
7643 2238
5214 9322
2620 6622
6524 6059
6399 7836
5930 6938
6933 5009
7594 8027
6331 7122
3910 4838
3812 1970
6538 278
2717 3791
8599 4282
7361 4053
6238 2718
35 7811
6351 2409
8584 1496
4341 4889
3586 2493
2202 1531
97 3273
4598 5696
5996 9306
9714 7767
5736 2420
9986 8337
946 2472
7273 4569
533 1850
5893 3905
5664 6424
1306 8131
4290 6143
4089 3128
898 6474
5085 3432
9453 5384
8502 5248
6926 8139
2199 2478
2915 5491
169 87
8750 4564
9057 8501
8067 2083
3886 9214
3137 3348
2684 5422
1141 9414
6452 6893
6267 3297
7404 980
5066 4025
692 3999
823 7087
1057 3865
7750 6568
2196 2617
8411 5321
4746 3104
1729 5358
627 2884
4641 7240
7919 3492
3974 8493
5664 3145
3582 3600
2767 7907
6865 5947
3179 9419
3555 1308
840 7096
1598 8833
8601 3640
3559 1913
9466 618
1898 3606
8955 9895
1718 2218
7953 159
3725 7992
2043 8162
6354 5462
3731 1985
6323 4488
6095 10
1628 5902
4308 7798
6426 793
8671 4488
8911 9685
3217 2364
3816 4651
5147 7429
151 8279
2550 4292
1127 730
1052 7035
7500 7963
6602 2320
9354 2287
7051 350
8461 1643
4274 3891
5395 645
2952 9524
1354 3693
1959 9845
3468 2145
225 3989
8853 2447
1039 661
140 1027
3710 1012
3319 596
3622 8758
8500 314
3687 3891
5730 3208
8997 157
2272 7168
7051 3344
9303 3220
8917 5910
3688 3071
4848 5556
3238 9228
4321 2790
7741 648
8221 5055
673 9753
9842 3759
6094 8311
9279 6549
9472 8925
4695 4127
9242 5656
4185 8403
5075 787
5407 2051
3965 4690
7370 2962
4678 6267
2756 2321
6718 380
8042 9752
6602 9384
6828 2248
5003 448
6058 7116
8721 3042
8063 4136
4875 900
3674 487
9100 9549
7153 4960
12 6162
6581 2038
2154 3010
6012 7253
7350 9574
8913 7553
6809 6930
4358 5519
7384 6565
7173 3296
848 7464
1297 5134
1855 4099
8183 7154
8448 8797
9037 8903
1814 9148
8710 3721
3982 4743
3627 9728
2134 8966
1366 3001
7800 3695
1023 8391
5146 9477
2554 4612
6634 9535
9817 4548
7936 6031
9329 654
1096 8864
4697 3380
7207 9328
2363 2408
4527 8780
9632 1386
6234 5276
8455 2641
7877 4379
5204 6445
8083 3904
6104 7618
3086 3168
3230 245
8168 9734
9164 291
4791 6345
9717 775
3443 4441
2074 3980
9011 9280
4556 5700
4716 6812
3836 8454
9481 9115
9453 98
7122 8879
5210 999
4899 780
2177 289
1568 5496
3025 5497
4721 6585
5954 8461
6422 6670
1177 3392
3799 3460
4635 538
1181 4501
5767 2858
3880 5184
3548 6310
471 2190
7011 1446
3962 9497
4766 8598
5299 1860
4049 6334
683 9696
8874 4978
8204 1281
5599 3854
5623 357
6050 6506
4153 5353
6497 4017
6670 854
9159 1396
3427 5277
9679 6061
3171 7797
2582 3522
6756 6763
4701 8249
678 9866
4153 333
4051 5446
8091 8401
2735 2272
2042 7066
8779 8568
1462 2796
6236 1787
4878 6803
835 8131
3474 8485
8247 1565
9122 2108
6166 1834
4629 9929
3520 7223
6014 6044
4285 8308
8122 6982
6203 5853
5384 1396
4702 2882
9870 2982
4070 503
5063 1888
3985 9090
8724 4880
4570 4380
5204 6631
331 1469
9808 2509
3034 6237
8561 3947
4393 6463
6847 564
4713 3370
6015 4322
3912 5912
9612 1282
6354 8775
7586 6830
4252 6315
8625 7166
2517 1961
4691 3774
5831 499
7852 8366
3725 4950
6799 8927
5640 4461
4978 199
5343 5638
7068 3034
3060 6229
5749 5142
1609 4159
4511 4891
196 7387
2634 8184
7752 1577
9873 9400
6449 6950
2850 5400
1441 4914
1705 4686
497 5759
5538 1471
8161 1509
1308 3991
127 8367
3374 36
2476 8458
2819 4769
6340 9972
1695 1979
7946 370
4840 8711
89 3488
2999 4202
5839 166
9222 2933
217 2340
3033 5759
4143 4768
4101 7050
7147 3849
2934 109
5173 2581
8753 4870
6613 5769
9952 1964
2183 2381
6516 8540
9974 7878
6389 8764
3299 4181
5808 2169
5766 9440
6337 455
7190 324
8523 6836
4529 2252
9583 2419
7151 5077
162 6500
8862 6918
6197 1018
270 2339
995 8027
8806 998
3961 4685
3763 4173
2076 3581
920 6475
9723 1846
5791 4575
4614 5411
6629 4987
1952 4257
8314 7588
1290 5190
8712 7527
5459 9356
1136 3352
