100
109 77
414 483
117 78
201 352
326 453
100 176
242 10
125 213
151 141
256 477
352 335
148 292
334 156
179 130
131 236
445 341
200 342
299 70
4 48
385 293
73 479
390 392
326 222
232 185
247 101
67 382
311 437
441 212
142 93
2 104
354 125
342 295
172 456
491 404
485 397
376 272
226 489
134 174
336 44
42 267
262 87
226 132
414 459
432 338
283 255
335 364
257 402
69 27
45 90
366 119
452 117
72 158
232 76
344 364
69 407
72 428
415 92
255 140
180 85
352 73
195 2
112 494
246 48
119 131
149 286
46 235
491 341
196 453
284 275
354 344
261 143
133 253
418 78
456 65
200 327
449 423
113 468
323 382
139 156
303 318
20 412
261 410
381 47
305 469
411 37
64 276
6 205
323 454
33 219
23 205
287 200
366 155
431 73
444 65
173 51
283 500
25 265
106 353
458 43
401 369
