500
582 859
79 486
44 763
239 306
230 196
80 108
849 136
749 926
419 339
961 796
910 696
918 792
366 692
949 791
909 701
733 470
696 431
235 287
235 770
751 733
95 390
549 149
312 34
44 142
886 744
401 96
194 142
102 532
854 742
752 254
891 897
675 695
987 448
48 847
797 843
351 287
160 939
838 581
239 538
385 626
200 119
787 275
86 864
295 555
384 213
19 515
472 201
879 143
755 319
149 690
718 953
210 956
69 994
120 696
162 197
505 362
978 33
538 626
57 510
650 229
360 580
776 395
477 489
102 254
511 704
395 282
665 442
750 93
505 622
551 626
327 951
743 635
442 734
707 304
437 861
117 70
565 573
589 629
8 529
767 697
408 603
716 921
635 266
994 817
1 141
638 806
761 798
164 570
399 235
889 835
289 92
441 962
886 915
755 209
702 680
651 407
740 349
769 293
869 28
630 538
707 141
371 919
52 411
171 77
760 282
519 810
247 517
96 316
788 570
59 595
76 978
685 143
811 478
41 50
724 654
230 581
870 233
265 450
962 287
75 368
676 174
973 15
833 971
755 837
871 142
486 537
436 717
18 325
807 984
920 225
383 275
114 897
761 743
324 462
615 815
887 352
945 186
432 858
670 771
431 415
595 250
648 899
44 7
239 40
622 386
442 168
277 33
25 230
609 311
103 741
460 544
231 232
638 714
360 996
808 818
934 87
334 81
408 142
222 205
571 299
633 243
65 48
520 277
987 830
363 595
316 999
559 187
450 967
487 812
662 377
149 999
54 440
377 387
197 834
808 728
996 903
163 825
188 437
137 370
305 544
144 539
248 436
424 577
178 349
195 493
529 239
283 174
568 125
828 367
364 875
848 34
147 913
446 33
83 172
534 380
435 713
254 455
995 968
97 724
766 805
623 775
454 877
351 279
700 730
294 963
590 125
351 36
775 313
170 937
353 316
10 145
253 485
619 958
304 317
869 529
776 117
972 262
124 175
995 51
287 790
705 94
992 334
291 643
33 345
719 413
222 531
635 11
335 215
393 620
231 940
549 994
152 979
996 336
572 482
136 214
294 423
222 337
934 177
267 880
239 651
16 345
19 769
397 18
496 866
609 62
823 290
632 332
545 448
65 551
803 481
75 20
720 983
789 536
865 83
712 769
464 73
54 572
445 690
115 948
400 898
726 947
827 694
604 839
870 387
372 414
410 345
741 520
196 572
204 940
574 372
905 603
252 526
666 96
1000 874
892 780
623 149
254 824
598 376
622 663
590 168
241 902
278 911
663 519
500 542
512 345
314 431
770 297
126 130
926 918
777 106
764 281
430 507
96 256
888 368
648 955
609 231
768 115
519 492
221 363
352 799
591 575
855 625
823 562
759 220
255 610
113 427
813 298
788 244
519 988
487 390
178 896
425 90
705 775
83 477
560 676
229 511
631 529
351 839
283 197
155 577
660 857
574 92
565 473
725 729
89 264
524 936
773 644
785 726
457 745
229 971
850 31
603 774
354 648
610 961
167 61
859 240
926 603
255 523
251 141
439 706
651 834
103 418
400 642
167 841
256 571
951 402
238 647
748 974
885 45
516 421
766 26
136 219
972 542
150 124
979 837
559 135
478 224
495 964
555 651
43 852
288 985
488 968
859 549
119 514
91 862
524 775
378 654
627 1000
814 918
581 34
105 687
549 566
123 115
532 881
322 805
562 604
330 189
653 466
722 405
398 767
899 419
912 353
875 273
965 151
895 254
703 209
777 988
789 927
398 633
18 274
653 365
513 398
660 359
520 449
817 158
651 734
781 417
556 563
921 154
636 705
992 227
100 674
40 158
579 765
870 130
498 366
700 584
838 376
344 258
45 577
81 862
471 352
812 322
531 697
939 536
184 954
583 79
502 922
617 136
818 430
385 868
664 966
603 396
656 324
987 718
96 580
886 115
422 659
223 1
826 149
242 788
782 241
599 822
614 558
308 165
136 37
633 108
809 527
491 939
41 830
362 92
763 479
490 311
794 121
810 106
95 48
615 587
366 552
490 116
485 575
738 299
252 555
403 803
187 491
115 455
738 202
186 810
989 483
404 120
227 616
960 710
14 111
999 986
474 484
144 656
153 586
166 220
118 719
170 556
543 676
692 391
671 213
32 787
363 755
505 372
669 477
373 751
971 787
838 215
92 242
842 645
796 655
921 665
758 821
563 414
34 422
537 30
920 3
290 583
398 572
284 321
295 232
38 668
943 693
160 650
50 402
889 375
785 897
333 235
5 357
