1000
1642 559
1258 88
1307 1347
1530 349
732 305
479 146
334 715
645 1228
605 997
521 347
1100 96
1202 521
34 1982
908 1263
1695 1835
1981 335
495 625
1081 337
1438 3
1408 1172
1870 1592
186 317
902 833
1717 761
1765 1116
634 115
1826 1963
93 1757
210 906
1186 856
259 1869
290 1658
1939 1460
1158 1777
949 650
1412 1109
1183 1470
534 106
1625 1654
1996 377
1265 1490
106 839
132 1520
1143 1775
150 1659
1357 370
1278 209
1551 1727
573 1589
993 1478
10 1085
1865 1775
1982 50
1519 379
162 1493
1285 1087
84 1757
269 1298
172 1189
623 1448
1648 1821
203 1791
768 1671
1517 1041
1985 854
37 346
997 885
572 425
708 934
46 938
1192 631
1527 236
1841 919
52 1117
1592 508
822 931
172 497
1122 10
1400 1729
1992 849
765 1728
546 1078
1944 1588
1808 1425
1678 1878
1427 711
606 1349
693 1104
79 1990
28 316
165 887
852 640
59 1143
1426 815
1359 367
40 1480
728 23
1226 1310
1892 960
1766 759
40 414
1470 1683
1089 542
67 1387
493 764
962 642
1410 152
7 205
1977 859
1564 907
1488 978
777 1661
1141 750
501 1493
844 1031
1618 249
367 1662
1335 1803
1751 1003
379 31
1611 1922
322 371
942 1538
268 592
379 137
301 296
1752 1309
1965 730
406 894
278 334
114 1202
87 910
1080 1312
578 1430
1754 1105
545 1728
1902 1646
1630 783
1206 705
827 1539
800 1449
934 152
609 1300
605 426
511 1703
293 1791
211 501
1994 1376
151 852
716 295
1332 1958
806 1458
1859 1053
1018 1079
180 352
1333 1526
368 767
193 527
431 1831
1529 1601
94 1003
1621 106
755 607
1542 552
1677 432
1752 1321
1631 999
1457 1112
1917 264
490 1083
476 953
751 563
933 792
1598 423
1406 1259
1466 898
1155 283
1313 1626
1259 1028
1695 1678
1861 1579
1515 1713
223 1100
1741 109
977 480
554 811
1364 1671
1469 1294
665 1890
1903 1272
441 39
1855 1754
1436 1239
1317 1034
940 504
965 824
893 1912
1647 30
350 87
1213 198
1750 1298
629 1018
1944 1442
25 700
205 637
1834 663
1914 1145
1752 499
662 482
1201 103
1448 1884
413 709
635 797
417 892
1111 9
928 133
1167 542
1965 1234
1318 1916
150 1075
1887 658
1001 1417
1804 77
1682 334
364 1346
904 627
30 748
1094 329
1496 281
1933 611
318 1098
528 1633
230 1048
323 1601
1395 1633
1268 520
222 586
1898 1198
1322 1433
1807 1122
592 1318
510 855
1908 482
628 931
1389 1940
1103 1893
79 682
1081 1291
442 1794
1449 1525
1967 1037
1017 1018
1012 410
1434 1107
1457 1524
1175 1105
777 1903
911 1577
580 495
980 1474
1361 1759
277 1915
567 1343
1685 149
827 211
693 1679
950 1294
1789 314
1405 1371
1136 1805
1267 227
1858 816
1375 50
1834 989
422 1510
801 1079
701 332
1842 1180
903 1251
1091 804
1457 1451
1390 458
1207 242
606 1169
1824 492
937 375
890 1013
1137 937
1945 303
417 347
1297 1623
1474 1076
814 1730
627 1842
1277 404
1539 622
1932 647
421 1544
1095 932
1012 1775
1079 831
818 1998
1729 1788
633 271
1156 743
595 1380
1390 1861
1332 1521
953 1767
372 232
1357 477
406 554
1372 486
244 1681
267 1752
1507 600
585 1478
1418 525
1277 180
911 1688
1251 1794
133 1403
311 795
220 1776
1460 1437
296 1954
1986 1267
1350 1533
446 1848
910 1124
151 322
557 640
1023 389
1573 981
857 1723
1277 11
309 1994
687 1801
1484 335
1051 309
1104 1085
1385 1410
920 143
1886 1954
287 520
1397 815
1116 326
426 40
267 1506
234 796
1877 1563
107 308
1255 1076
990 1504
468 1580
242 1282
357 1520
63 1426
1096 1805
493 1738
1690 1088
452 119
1509 1438
1842 1397
630 1686
1002 1726
533 1510
524 1427
890 1331
864 1335
343 920
275 828
2 1774
385 545
1191 216
564 1199
280 716
42 1168
1790 891
1398 1831
606 915
1993 25
1514 635
1061 1937
13 296
1601 1340
1300 1569
1670 1198
1198 1047
1497 313
1288 1505
1801 1766
853 875
1351 650
994 918
1718 776
1153 1085
1654 1130
1895 1427
505 486
1819 1845
697 554
510 741
579 1027
1996 1938
850 290
1095 109
1665 445
127 1199
1146 522
410 404
190 1444
518 99
1435 1292
1030 360
1696 1093
713 225
926 771
187 1612
160 1734
622 278
246 563
301 778
1022 289
191 1210
331 1074
1293 1023
1594 142
1929 570
404 1890
1791 1592
1077 219
816 13
670 1105
11 297
186 1916
1803 1974
1592 1774
988 357
46 569
1991 1041
1324 1334
1750 1541
277 1593
1029 1300
1255 1719
1410 1150
1994 1120
1005 241
120 1978
967 986
357 674
1971 1484
795 950
1969 608
947 1235
156 1381
1984 1115
431 596
1339 470
1407 591
662 1375
1058 763
789 167
1983 946
372 1988
486 432
563 1879
1568 987
1140 1290
1339 1720
112 1592
1465 1641
1486 108
62 1796
1631 261
1721 82
62 576
262 174
777 1228
1964 1537
85 152
1974 1310
1018 1798
625 442
331 1703
835 230
1065 1664
697 809
64 1385
1884 1519
711 1797
826 1138
1962 1587
1785 452
777 1597
1332 1861
237 341
562 1874
1372 1904
879 1868
836 1192
520 1690
5 642
313 1773
97 1792
182 1494
556 1625
396 408
911 1523
587 149
1200 606
1261 676
790 1934
1331 1900
111 1920
268 991
1092 522
1372 742
1455 1502
251 753
1644 1968
1695 118
1842 1665
409 1562
1140 101
1469 1694
1239 1659
567 1207
1263 1995
1110 709
107 1517
1574 718
1329 1986
860 1550
143 1129
606 265
427 816
1987 600
1917 913
1127 1395
1167 756
898 1328
531 1220
1634 1207
319 1993
1314 570
298 1912
591 1503
1690 291
1058 1422
994 634
1630 942
1046 772
1576 1555
662 320
1400 1176
1055 1363
595 23
1966 931
330 335
547 1050
356 228
1315 614
737 423
1157 673
1646 208
138 1387
1523 611
1111 990
1888 673
1028 814
1833 1770
1901 908
1765 789
95 385
944 233
1512 188
1442 669
1679 454
68 12
1769 1480
287 861
512 72
1951 1356
245 965
904 1004
960 1289
885 1812
966 1165
252 1578
713 1771
1899 351
762 452
1146 294
1352 782
918 1637
503 1721
474 1258
1214 763
1014 1593
1867 1668
476 1887
770 1918
287 1374
115 1243
1839 1738
282 1221
1034 1821
660 1643
1125 1680
1586 507
1756 107
1774 667
1176 382
797 1767
821 833
758 67
268 371
278 1860
1780 1765
908 682
47 1217
936 141
1848 1279
1606 810
566 788
1178 26
265 1409
1453 1565
654 1884
1830 762
163 347
1488 1230
438 743
689 374
1005 735
1505 851
389 169
434 668
1023 1763
961 1589
737 188
1013 89
808 1225
1216 76
1877 1973
1491 1423
257 156
1668 664
1304 274
1808 1273
417 2000
1456 1050
1807 305
1508 545
21 1050
565 537
687 1092
264 278
237 1317
1288 195
1192 1131
1286 355
1155 1813
152 1204
1086 1924
1729 93
783 1582
78 1494
901 1020
1613 551
1608 1401
472 1423
395 1658
385 1373
403 1544
665 1362
777 306
542 1764
1829 1141
520 1512
1593 1121
1490 737
820 696
252 1950
962 1125
1813 236
336 1544
1890 1552
55 856
1595 554
1583 59
485 285
1676 1026
1978 1050
1616 548
31 1345
1744 1508
1431 232
722 1181
221 1409
1313 1275
1909 1374
1370 703
1197 1395
1623 1893
1019 12
1800 1140
1630 29
612 732
1361 1993
1779 602
660 557
499 1927
1467 314
1302 1299
1807 803
1120 553
1282 260
98 443
1570 1233
815 1641
125 1175
1072 1751
1744 894
857 781
1037 984
776 1735
1306 315
118 28
576 642
717 1218
1666 1964
338 419
1195 1512
1538 1964
496 1129
699 1077
1912 1912
1637 1939
1394 461
1933 873
571 197
1106 950
47 274
1636 1564
699 1516
280 920
1188 1052
1490 1882
1211 416
1093 1431
48 1663
660 524
1502 549
296 1594
1833 1356
514 616
1375 1520
1403 105
600 1818
566 201
467 1300
1840 1020
1839 1162
964 799
528 1510
340 583
1575 233
641 1148
1555 1722
730 247
1766 315
1461 1469
1515 1093
609 534
879 764
1792 134
219 1968
1897 619
154 1905
490 1469
1467 996
426 1250
1856 1163
1497 1359
861 1667
1292 1066
754 1299
16 412
586 895
460 1013
1747 1859
1945 572
621 1594
480 136
1430 1183
1639 1236
214 1931
1419 1663
1175 949
496 341
223 928
1422 1893
751 1525
1223 1956
1850 384
6 115
107 1909
393 174
1731 1602
1219 1192
1481 1490
1219 469
588 1694
55 271
640 899
1730 61
1296 302
875 171
1639 1472
413 1151
81 981
1546 1627
1802 1626
1160 189
950 880
1871 1177
1128 1213
1478 1726
814 176
1615 249
1570 1456
1817 305
129 437
1876 1179
163 1082
531 1070
1260 395
1802 544
396 1965
597 480
1225 60
325 740
530 545
59 132
504 1053
524 1539
592 1929
1940 488
1731 1705
1458 1705
257 1297
323 103
370 1171
1671 526
1903 798
1500 1667
577 1093
1559 1742
1056 1604
698 794
204 1349
1930 853
1096 1736
690 1085
722 90
874 338
249 921
1629 647
1714 1876
384 150
92 408
943 170
1783 1893
1274 515
1417 1054
194 1794
686 1471
1967 244
49 1484
1362 401
1284 856
178 696
40 591
922 169
1254 39
1693 728
1273 528
1910 1702
20 203
1384 596
472 419
787 1702
1108 148
1641 1207
1965 481
1764 312
1308 445
1470 287
1941 635
2 123
595 364
858 1314
529 380
263 767
1021 144
1113 1308
269 1178
758 1574
660 1928
1296 1041
1048 88
1364 1775
1950 82
565 119
1854 1042
828 462
1518 1240
1935 420
599 902
634 618
722 473
1790 1603
15 1281
866 320
1136 1994
1976 1200
365 1724
1184 1869
777 959
1472 1853
290 676
1790 1246
854 148
1221 277
1098 50
1217 572
333 1932
1789 295
1784 1777
835 400
27 1166
918 1903
1961 333
593 1423
1201 1130
88 158
1483 1267
785 1161
1176 1827
1364 1061
1058 1277
1039 857
1597 1077
1637 1067
1527 1930
1974 490
750 1153
1212 253
709 386
503 1341
1144 310
144 1682
667 607
1147 1405
1032 1369
1473 961
1116 45
1218 433
314 715
1687 1786
295 1979
1484 924
1189 1735
1364 1235
481 451
1859 623
366 713
507 165
320 1780
759 1853
569 1163
1963 1086
1232 671
107 1304
992 561
1611 1561
949 1879
14 699
1752 1984
372 1208
1960 656
1799 1031
727 318
1143 754
1762 1338
1567 1626
1791 514
