4000
8806 632
9422 2235
415 1944
2618 2106
393 4805
7387 2054
6231 9838
1615 5188
2302 7785
3017 377
3848 3110
8254 6293
3564 939
6685 6933
1305 2264
4038 1991
752 7339
3766 2582
381 5909
827 1100
3880 6843
8363 7777
9467 536
4068 4113
5276 4150
3299 7098
1740 9630
9686 8180
3846 8939
2318 2161
2883 2400
7657 8894
3743 6224
3483 9489
4757 7329
6512 9686
5185 4350
2270 8784
3318 9733
3614 5375
5562 4240
328 7475
7659 327
6888 7851
4586 7922
5539 2051
2093 6710
1103 9921
1069 3176
4948 3925
2068 8359
7495 9762
8440 789
4899 5713
6406 3291
1608 8566
6147 1249
9712 9439
2679 5700
7777 3788
3092 7077
5842 9629
7372 6268
5794 9284
9477 9184
9325 5409
2030 9676
985 1875
3438 6384
7138 4335
5306 1890
1798 5302
2323 8314
3466 4124
8374 1692
8666 7956
6328 845
847 1182
8852 7048
5139 8851
3104 1099
1237 4272
3298 9670
9370 2568
4880 7311
4562 885
3029 2365
9221 4212
947 2443
3605 707
6673 369
7405 5131
6866 5155
7151 5188
4746 4171
3130 665
7323 4494
7746 5206
71 5133
1431 6887
1233 7937
8219 3752
6368 785
9118 6247
2129 349
1583 4646
863 7115
7638 8273
9337 1638
5441 6634
8462 6136
8297 136
4240 4764
1360 1185
5640 5190
4412 3473
1658 1950
8277 8886
3163 9792
7588 9776
1495 4063
1870 3165
2142 2673
5876 7551
6793 2481
5437 4771
6071 7258
7354 1826
5035 3846
8047 2450
8383 3106
7207 2434
5260 3871
529 3512
5742 5402
7497 9190
9465 1051
8954 3091
1660 6277
19 9517
5001 3604
6264 6423
2684 9738
3553 7650
526 694
8509 7264
6830 6908
1368 499
9640 9369
2971 1281
3616 8764
7401 508
3017 1871
2388 8258
7806 700
8155 648
6726 8874
4353 6615
9905 1494
1887 2317
8058 797
3165 3699
7011 5506
8529 6447
2679 3575
6677 27
2029 1615
7410 110
3340 6800
5681 4860
6847 7110
3085 6999
7508 4806
441 7656
8728 9298
9466 9634
7538 7323
5075 2376
4209 5018
1642 9821
8145 9273
5737 7312
8782 6777
7088 233
1121 3781
1598 40
2995 7047
3260 2536
6593 2299
3765 9245
9545 4394
7469 5089
9003 9986
1796 4568
4839 9378
1656 1503
7516 4947
2383 795
817 8835
976 257
9878 2630
1012 7227
1822 1663
9713 7438
9486 559
7674 5895
6930 9345
6660 8882
2132 1295
5885 6980
3156 8071
7816 6219
3370 3109
5512 4824
5031 4494
2086 2774
8685 324
7430 2217
2344 6870
6154 7507
5438 144
3720 3756
5254 4816
6109 8774
6205 1415
4896 7067
3692 128
5067 6860
1679 3075
8384 9434
2730 7745
851 6442
6765 9320
2752 2583
4272 5229
5947 1332
3625 7028
6594 9678
5286 9183
6421 9471
6817 8838
3602 5997
2100 8955
6855 3082
8732 3055
8828 3613
4739 9167
8456 3068
7772 7907
6192 4975
3861 5930
8797 2069
5955 2085
4307 8742
334 486
9860 8610
1725 2632
2661 3506
7415 5691
6130 8468
5655 4603
4535 8933
8282 3832
2835 6472
9705 1933
62 8843
4083 687
7030 2691
8616 9156
1309 1771
3276 7737
5872 7626
1005 3147
512 7651
5221 6930
598 4660
459 7200
3600 6353
6413 2905
7666 6230
2398 3710
3166 3098
7365 4822
9613 3112
7135 9337
4620 8845
799 6019
5471 3089
6039 7633
3549 6806
1518 9140
7938 573
5495 3945
163 8266
5521 9112
6697 8704
1267 8888
7310 9962
7760 8076
8027 5047
6742 9529
4393 4323
1996 3448
7348 2482
578 4245
7389 9341
2251 8193
4344 6178
2468 1887
3660 545
9698 3231
4181 9661
8906 9958
1831 2321
310 6489
2231 5996
7833 5953
1193 6490
6383 2602
8718 2873
9398 2994
7735 8440
1238 7796
7522 2398
8947 9492
4600 8898
7388 4446
7469 4428
2 7473
5865 2018
9590 7698
6994 4270
4103 616
9678 7661
1160 8791
7760 9352
8045 2527
3724 3277
8589 2565
9197 9952
4010 7879
4308 7623
8159 3109
3969 1705
4119 4676
2563 3463
1451 5015
5109 9972
6005 4550
3596 3611
5708 6410
8374 6981
1418 7323
1788 4492
4811 4773
5400 1938
4768 5264
698 1705
7902 2727
2655 1980
8791 5345
7511 887
4177 7304
9106 2655
8209 8611
1884 2661
368 565
7035 8011
4287 3555
2057 5371
5736 3508
756 8284
4782 7321
6358 7355
2637 6192
4787 5697
3691 2690
4116 8661
6667 3726
7540 4956
4285 9043
7512 1671
6487 5554
2767 8842
1636 1363
2063 3925
8033 5237
8138 7168
2082 9919
5661 3965
4823 3284
554 9742
3962 3728
4120 3952
2358 9068
6569 9754
212 2791
8008 4250
7880 1008
4740 9793
9962 2376
6495 4808
2580 3861
2528 3749
3701 8363
6033 5098
5294 770
6491 6887
4779 8926
1545 6425
6258 5607
9540 8665
88 3397
5552 2214
4292 5580
2711 113
7150 9266
7249 7049
8021 9558
6118 1881
5896 9083
3665 6837
4469 6063
7513 3920
2262 8134
9722 4275
5380 2006
1454 7274
8675 6131
4319 7042
517 7859
4740 96
9427 5466
6568 3336
8271 7175
9105 9728
5279 3384
9241 2091
5634 2644
2543 3711
6927 8676
3511 3304
8149 8108
5946 6582
6029 1274
2484 3777
2108 8636
3425 2249
3937 8828
6837 5039
2683 7837
905 866
1614 5306
7536 4790
5083 8998
3891 8287
4165 9206
285 3281
9285 2298
9755 6215
3638 4461
791 8725
7580 1986
6657 8716
2186 403
4116 4858
8749 838
8975 6703
2257 5470
2815 8570
2231 9184
6209 6364
3610 2689
4691 3386
8514 7259
6692 2343
2138 3436
5519 9105
6629 6353
3072 9977
3274 7018
4629 4892
2740 1536
8447 4529
1916 5513
9357 8065
4535 7013
3837 3694
859 8428
7210 5327
4347 2795
8456 2047
1483 8669
4464 1528
773 223
1455 7109
2529 5839
5439 7011
8630 7621
7804 9436
2464 428
2626 214
552 6861
531 5764
2076 4054
1935 2013
2703 6458
9140 2020
227 4890
7963 8555
2881 7822
1153 9825
8059 5449
6788 2639
8915 1569
6901 1091
4492 3194
7633 3830
1847 9957
5572 518
6474 5800
8306 2156
7556 5570
6754 8131
4259 2381
7528 765
4276 7023
3296 8889
1054 3679
2575 8304
7166 1447
1785 5196
6777 9838
3812 7076
4220 710
1481 2602
7067 2410
3737 3626
9658 3099
113 1208
6148 3999
6893 4148
9318 3729
716 396
9457 6796
1682 5341
5684 7573
6868 3634
4267 8884
6299 2966
996 6714
3620 2498
3279 4213
7815 2528
8710 452
4059 2628
9166 8595
7066 9374
1353 6892
200 4380
1905 2684
7345 1419
6115 7428
4285 8834
2153 3615
3526 5891
7220 5752
9682 8904
9441 9120
9335 9658
5556 7784
4096 288
7447 9877
4705 9617
5239 3904
8006 7715
4301 7180
1928 4279
1704 9368
1415 9709
6547 8689
3316 1632
497 2917
6476 6924
309 6390
2176 6676
3102 6598
1389 4664
5007 88
9087 195
9657 9175
3174 981
7360 1406
3141 4951
9204 4104
7896 9272
1674 2068
8664 4921
2272 862
2642 6093
5286 2783
1036 4411
47 1369
2916 2704
7141 7842
7948 4383
3942 6699
7640 3150
3071 3445
3712 7741
5496 4545
3228 9899
3660 8201
5631 6046
3759 4571
1430 2890
6043 3858
4662 8446
3383 2726
7662 6293
8992 1378
4252 8045
8436 4879
1390 9979
3779 8659
3137 2192
1624 2550
3749 3860
6969 360
5919 8351
6671 6030
1576 7421
1004 5714
9785 4151
9588 9113
7241 600
2624 4384
6978 7423
3417 8555
5606 3543
3315 1529
263 9380
6615 9827
2962 4261
5878 8214
6342 4501
7516 556
9878 7668
3678 4179
9590 3976
1939 6304
5592 1525
3686 9594
9640 7276
9823 5119
3392 5211
2027 6500
3316 8691
9580 8798
1557 5717
6553 4290
3614 4634
6539 2377
114 3947
1441 9672
176 2144
3771 7981
8599 1941
6591 4338
3841 5593
8688 8147
202 3586
5544 6883
1377 5845
4399 7681
4091 6184
808 7331
4523 3534
1356 2057
9419 4699
6159 3630
7976 490
6293 5215
2481 5127
4141 6331
3009 2872
7589 3334
9659 4840
5863 8981
2654 4792
5005 7008
4454 6958
1051 1358
265 6085
6261 3342
4742 7363
9955 8689
181 1240
6573 9201
9161 636
553 3665
6340 7003
8691 2502
5343 4402
7284 9638
8469 4613
6077 3169
4707 3632
9408 7308
7532 9127
2809 7250
7583 6641
8601 7294
7147 6816
4351 2293
4714 2924
4562 382
5028 9856
1876 3668
5948 1772
9021 1721
1109 3590
8141 5695
3805 5033
80 953
8522 5985
848 262
2163 8843
1962 54
6078 2176
8157 1907
5149 6153
5116 8185
5601 1982
1865 4460
7099 7635
7388 7815
7685 3090
1049 2839
2275 369
1216 7211
4831 1037
6342 3453
8255 1422
1869 850
253 1225
2449 9808
8251 9016
9128 8600
9923 5891
973 7816
5400 801
7274 1234
1271 1698
6164 3763
8713 6003
3939 1906
3645 4475
1228 7899
1749 1483
6471 798
2300 9307
1502 2949
460 4221
5273 4431
7395 7191
928 9695
550 6602
3827 1100
1836 6004
6654 9753
4502 6672
5811 6609
4006 1043
2566 6261
2807 5438
6502 7872
5573 2490
2314 6462
3262 6731
8090 7536
1246 3423
6297 7290
6682 7755
2504 2878
6408 4661
5652 7567
4021 7157
3900 8543
67 7105
7368 2158
902 7759
7207 1704
8450 6153
6140 731
2282 24
4337 9996
6389 1606
1771 9358
3377 6438
9726 5688
6434 8836
5641 7008
607 7426
458 1287
2547 9357
8483 4303
4963 6067
4071 7556
9151 2987
122 4616
4609 2016
9481 7780
9514 3521
4285 2078
9659 2400
6089 2561
6238 6029
3318 6012
4944 1572
8867 8641
6536 5814
5119 2276
7314 201
1174 6202
6415 9351
2816 4100
3791 609
7194 2953
3431 3310
8453 2959
2882 6766
8850 3003
2968 1651
8994 7870
1860 8938
4626 7179
3156 3328
8969 1634
4344 4847
9124 6551
7248 3096
763 7870
3545 3839
9457 4973
291 4903
2845 7597
6797 4181
9756 8119
5092 9192
4121 9612
7440 8255
1773 1084
6310 3333
7009 167
3857 7252
8723 3679
9325 3193
2950 5113
8447 9055
5590 1501
5268 6047
1687 9411
482 9434
1256 3507
1994 4161
2945 3431
7820 6986
7705 1191
3630 8955
7626 2167
4532 7312
117 2184
8014 7647
6716 2445
2233 4366
7478 4131
871 5769
2094 7235
8917 6173
696 6807
8326 9704
4474 7725
4943 9283
6007 4407
3696 396
5429 8137
3819 6925
2015 4782
18 2528
6897 9148
2275 9675
2408 3615
7590 7207
8775 1758
7844 3633
2929 1695
8748 749
3658 3811
4084 5522
8654 9672
4151 4421
7520 1095
7727 8631
189 5859
8117 7491
1049 1295
3313 9426
6747 3686
7500 9915
2766 5132
3040 8234
7068 4249
7133 7204
5942 7032
2166 4683
3177 5073
1602 6407
4538 8108
7059 4080
9736 7745
8889 5392
4431 6840
7782 278
8445 7833
1211 7449
9616 1744
5299 4489
4600 2001
4233 9896
6027 5539
7969 8628
8932 7809
1840 752
9431 2089
9045 9091
5566 8770
1823 7800
4532 3071
77 889
562 1745
260 4665
4260 8842
9155 9479
7325 534
9404 544
9529 8846
7904 5891
6785 4223
6772 6967
6923 8857
9460 1027
9464 4437
2004 3449
9365 7363
6869 3924
2057 3452
8496 9822
7022 9990
754 8100
1266 9656
9724 7459
6287 3940
2395 913
4542 60
1552 4260
3317 4325
7812 4175
7468 6075
1035 5483
227 5093
7092 848
3157 1250
7456 3021
1788 4394
4222 3529
5660 1007
6483 853
1593 8035
8806 9559
8417 2026
3674 7575
4114 8638
772 3830
9086 8705
7261 8012
9497 6380
3249 9988
729 9810
6241 7347
5402 6493
5805 4423
9039 9013
9866 4598
2974 6850
5680 6439
3494 9189
5821 2739
689 2259
3581 5359
4167 3371
1668 4686
4774 8973
3258 8882
5117 826
8200 5916
7844 9042
2409 2614
9513 217
6800 6590
2715 9330
4310 1006
3273 2787
6369 7028
4903 4655
1389 9899
8161 122
5788 2956
484 1816
8413 9462
3201 2222
7629 2509
4956 252
8439 2760
7666 8232
834 9618
699 4151
9233 183
4699 1636
6545 5880
1966 7516
76 471
2969 7724
17 7010
4626 4273
6536 2883
1810 9878
5146 5312
915 2208
7655 3845
9166 5046
36 5509
8624 756
566 5870
5940 4368
3761 4967
6749 8411
7547 7847
37 7819
8814 5015
7005 2937
8121 7289
1822 8343
7187 9892
7776 3326
4379 3451
5797 4876
588 9754
1581 5537
8356 6864
2747 5501
7145 3463
5691 128
5520 5747
2930 6923
7228 3247
6386 5364
4061 1941
1172 3083
1657 9137
7711 7652
790 5402
7255 2711
9858 2168
9215 3557
7542 5953
8317 9233
5980 5328
926 8534
6100 8843
5270 3015
946 7772
1506 5213
3738 6041
4888 5109
4587 4169
2862 9438
7704 9097
6193 4698
2405 4811
4843 3031
8514 7701
2261 5515
8586 7332
6106 332
756 5241
8023 9169
7824 7546
8716 2361
1270 6144
4808 4400
7278 9262
7702 4999
1593 3870
4062 7774
2785 4431
2718 1473
8268 3016
1415 1713
3053 7467
3413 6130
9749 3110
6810 4973
6372 8939
1878 6114
2875 8415
4131 9635
9034 5884
2235 8248
9717 728
7998 4888
3494 7834
2681 3112
7474 1011
1877 3712
5241 6517
3068 2730
6428 8810
2870 8880
9126 1485
8914 3078
5890 2192
8169 7633
4929 8260
3014 6916
4142 5876
3464 5974
2053 9857
5338 1570
9780 9441
2807 2327
6838 3057
9258 6997
1874 7960
6651 6938
4600 7638
4659 682
9569 513
8983 88
8125 762
8647 9503
321 1449
7894 44
9840 1426
6711 2445
1639 4380
939 173
5060 6554
7251 9610
6201 6517
7077 4240
1930 596
5090 8329
400 2700
6913 9314
2058 6877
5122 5916
8618 8953
3286 8681
6577 9647
4736 1974
1846 2536
2775 8806
4866 2685
3203 5982
9550 6939
3073 308
9994 1321
3391 8087
4155 1470
1728 8891
6034 1569
753 7158
9823 8722
2382 6556
9671 944
4202 4268
9138 9288
4357 6569
4929 5570
2990 7535
8202 2904
6322 2222
8868 2856
9165 7195
9992 4537
4595 3887
8611 4288
4415 638
9187 2819
2438 5221
3175 7940
1391 9593
7808 3780
6056 8080
4116 7902
3172 8228
6933 6428
4041 5043
737 47
9735 9869
3448 214
5434 9913
8173 4576
2149 5168
1357 6561
1510 429
4583 798
1487 6540
8183 7996
4406 5425
4767 1096
8779 2124
7253 3002
2373 8959
7875 1723
6704 4090
1796 2270
1951 7435
4776 1743
2115 1096
294 1065
925 7788
4721 8351
8690 3628
8897 5153
9040 3015
2330 8396
6104 1753
6639 4664
6637 8505
395 5814
7562 9105
3785 8637
6200 363
9464 6844
2791 4722
8191 4751
5211 9531
1108 3167
3151 4686
4110 9588
6692 4987
6356 2265
4265 4088
8464 1173
1493 588
3663 6762
5156 9721
323 5976
5804 4228
3852 3678
6711 9432
2613 5169
3219 4934
2307 5873
185 5638
2443 3548
1838 3202
3528 4917
3341 3834
1994 3998
2492 6657
8367 4030
9539 3686
7792 262
6775 1984
8858 5471
9023 595
8023 52
5606 5278
5960 5630
9763 9256
3296 757
7515 2298
754 4215
8335 7222
9292 1065
3774 6237
2180 3521
9103 4257
37 7333
4812 9141
5733 2785
6418 9508
7102 6408
4738 3812
4061 2661
3954 2065
2115 874
112 9912
2086 442
2628 1908
999 500
2075 6409
6259 968
6040 9893
7681 6150
1864 5949
7132 1994
3164 5237
4937 1584
9840 1572
4132 5222
6238 3893
1297 5853
8097 8438
7437 4184
4732 2061
2397 4772
3290 3195
79 5342
8842 6323
6202 8513
149 9559
4943 6321
8139 6068
6394 6329
3272 4185
4762 4266
418 5362
1481 5673
2406 9914
2914 856
3970 2114
5268 2218
1980 4966
2583 7134
4205 2952
5482 668
8135 8225
5606 3774
320 4966
7497 8020
1300 2003
1894 488
1336 3652
5412 6037
20 2901
5268 5491
2591 2193
8897 630
1216 3216
2089 7824
2104 8351
2149 7436
3293 3375
4000 3731
9602 1839
1636 9617
7125 2345
2742 6884
9746 4946
7913 3983
3384 7136
8995 4518
9054 5916
5188 5662
4049 6043
7776 8237
1050 9160
2509 7876
6114 2217
4039 6157
9148 9673
8243 3791
1205 7445
1496 7821
5694 1290
4625 1087
8914 4596
8779 7679
799 3275
2790 1208
4990 4641
8315 9886
3663 6489
535 829
790 5949
3108 630
1868 4952
9101 3103
497 5220
5732 6185
487 1958
5050 93
3233 7291
8038 3480
572 7619
3628 2649
6954 1309
8859 413
3432 9441
5335 3942
5815 6325
9692 5636
4490 9716
620 9480
7737 5153
4779 5148
5763 3089
74 3051
4425 2598
2297 6707
7026 9312
2366 758
5322 6775
7560 9665
4830 6587
8120 8283
2309 5972
4551 9586
2749 4936
9928 2904
6827 9120
8413 7843
5341 2251
4648 820
2069 7567
4777 4475
9426 5284
5317 4500
9741 5061
5108 5409
3909 3692
9466 7956
3400 1911
1 3577
5125 6252
3914 2299
5199 5884
7050 4434
2840 8834
5833 6621
2519 1832
6259 5753
6070 246
2687 775
7310 3276
5550 8152
9683 7994
2692 461
7585 789
1059 4283
1661 322
8895 5440
7257 131
2245 8356
583 6580
1059 4410
8347 6160
1203 311
4575 1735
8326 6403
3503 3054
9244 2950
5666 7018
8456 4649
4621 6786
2126 1193
2770 9761
8682 9902
1923 7674
3427 8391
8940 9227
5050 6725
2982 9424
7627 9586
2447 7015
1626 5335
9043 3338
9339 7035
3354 989
8739 2238
862 5730
4045 8942
7377 627
2827 2509
4949 2337
844 4415
8838 6101
3818 5298
300 907
8686 6132
683 4413
3492 4209
8153 7496
5661 7228
4086 9137
1718 2539
4426 6162
4506 3065
2527 1150
5958 9188
7253 6534
8177 3204
2064 5840
604 7428
3606 1153
857 4622
762 5420
291 8468
7257 1184
3713 4531
5617 3563
3290 4263
4311 6143
3497 87
7655 773
594 6199
1439 1949
3764 924
3505 2144
74 9467
8275 5040
8155 5741
38 2673
6417 5931
2358 2191
2138 2843
9307 1880
4797 8144
3731 4546
1910 6609
6750 6974
1446 6564
9270 7733
9663 2063
1641 1011
6199 1078
2650 4246
1983 9616
4579 9056
9754 5577
9453 3549
1767 6966
6520 1118
5950 7158
3632 4787
1718 2734
9274 5625
908 3265
8874 582
1566 7343
2032 5433
7458 1195
4570 2957
8036 483
1505 615
7528 2605
4213 6072
9541 6892
5994 9369
8304 2391
5501 5929
446 3759
8381 5375
5229 7472
7276 8581
7457 7038
1589 7432
8231 6150
2902 9698
2524 9692
6832 2061
5573 7387
6761 5207
5853 5931
6333 9412
5131 223
7793 726
2279 3405
3859 9951
4822 8958
8412 4864
5828 5086
5734 4744
4858 4767
2295 7647
7081 4556
9320 821
2090 7128
2021 6460
346 7113
1576 6516
988 9415
8265 1039
6912 9133
8783 6069
9699 4134
9012 5941
4683 9131
3231 4982
8245 8426
9234 3993
1642 89
161 2222
5654 9227
8263 9231
7179 1412
4694 7536
36 9544
4412 3499
687 2811
8864 1211
8368 9118
402 2671
8484 4010
1854 352
2211 7119
5133 4186
5472 8198
639 7339
2940 1219
8906 299
7564 9818
96 6486
4410 8615
4620 1311
2295 6981
3688 1173
8834 4246
5518 1319
5819 2906
2448 5441
1922 7441
4469 1268
3638 3221
4540 8534
1390 9970
6956 6375
1095 4545
5385 3170
2508 761
8333 7313
3277 5215
457 8541
8256 5201
6866 62
6336 4008
7542 9131
7016 5469
4504 9045
6537 6051
3173 3250
6492 245
9481 8856
9717 3801
9093 3739
8884 6655
3505 3951
8656 1150
8185 1739
9060 2672
4380 9549
1128 1078
7185 1642
2471 8621
9925 6563
2014 8602
9478 9365
8432 6399
8630 8965
6755 8470
4758 2793
9069 3853
2130 8913
2767 3149
1951 1803
8613 7780
660 5800
2248 4309
3121 3972
8454 2848
3561 2439
1196 9132
3009 998
4011 6001
3895 8063
5268 7321
2276 2906
32 1936
3452 7919
8811 7647
3034 3972
2309 8368
1541 2390
4303 5234
2137 4789
250 9990
4174 5543
6084 4543
6452 7350
3815 2778
8728 1822
2599 9219
8352 1769
3148 8198
2762 6761
59 3836
9328 5629
6500 1329
6415 4954
2998 1197
9066 6014
465 3644
6761 6165
9969 6704
9696 4549
1632 4385
3226 705
711 6486
724 1691
3547 3507
454 7222
1188 6491
5362 7640
9166 5888
2744 887
8090 7057
978 3176
849 6888
1474 1815
1933 903
4797 580
6135 1805
4445 8675
114 5086
1828 9297
2173 3681
9336 7341
1067 9902
4153 6945
6441 9037
7214 6551
5932 1956
7742 9504
7788 4136
2306 4306
6188 6842
8743 8525
5333 6068
6073 4149
2711 8291
4824 4000
7713 910
1015 1799
6230 4338
3308 4096
3272 6504
4000 924
7245 4112
6141 6238
1643 5734
4057 4329
7389 3965
5939 8558
8778 7229
4251 4623
6773 5670
7858 7442
570 4730
8982 8210
877 6873
5898 5562
6517 8942
5961 1759
6648 8928
7424 8058
1519 778
7319 2970
8966 6159
7562 8578
149 2114
4678 5310
363 6201
2783 6205
4333 6282
8188 6862
9972 9294
5083 7197
3130 9879
1878 9229
815 4792
602 9261
8298 4223
1619 9093
4462 3730
6167 4536
9 1670
4104 4359
6178 9218
5197 2491
2259 6934
3841 1029
9646 3375
4617 1770
7124 2174
9523 3350
2138 788
1447 4815
1575 3401
7966 481
1354 2445
6144 1702
8979 8095
5798 3885
2188 586
9852 9204
5924 9475
3204 1144
4095 7620
4270 7257
2409 7601
3064 9760
7720 4240
763 5563
4618 3860
4186 1152
5966 6597
4720 3976
9562 8548
1464 6940
3195 457
7125 9579
8990 136
8347 4486
9901 8403
8482 5002
3736 8177
6610 5682
9144 5219
354 6327
3520 1986
5991 4583
6642 3409
5603 9859
2482 7037
5993 290
1494 2487
6882 5914
3930 3863
9296 8267
814 9120
8403 7387
6592 7599
4718 4247
2858 520
1042 643
5187 4150
306 5617
1076 8424
2938 3218
4773 7064
3251 6651
7312 271
8350 6498
5616 2499
6590 3415
4271 9455
9982 1067
1996 4816
6603 9306
9712 9898
9046 8327
9047 7944
2274 3136
9613 6316
6473 6102
3691 4532
7772 6019
1791 2965
1502 9274
6121 4833
7222 7677
7330 7042
8220 1125
4120 5891
806 6693
3267 7298
1657 6543
255 4652
4528 2886
416 1948
970 1463
9768 105
3099 1985
4288 4526
8459 3042
9301 2817
1035 1970
7655 406
2760 8355
8636 7489
34 3052
188 882
6963 3065
7266 3001
5256 3723
2023 6702
6399 9024
4493 4056
4189 4223
8595 5677
543 5668
4257 4648
3820 261
4942 5284
1449 227
4945 6063
5431 360
9044 9443
6428 2416
679 4491
6327 4432
2784 9806
5525 908
8841 1748
6279 7276
6890 247
7248 1355
5731 1774
7714 448
9449 7645
6079 8154
1516 9561
8914 2873
4768 9927
5362 310
6372 4368
9407 8611
5305 3121
4222 4900
9682 3654
6386 6565
6656 6530
4545 4164
5524 5942
6111 4748
3420 5084
5492 334
6511 3579
7199 2035
6101 1742
3672 3686
5381 9365
9074 5945
5020 8609
7641 7263
8316 1288
2534 3883
3470 5009
8716 9594
1910 3587
2694 9890
2859 5745
8255 616
6000 2247
362 8794
2878 7977
3168 2857
4366 5072
3242 6628
6565 2013
4678 7436
8668 6414
9382 5064
1232 9539
6490 1032
2799 7272
7466 1536
8579 4140
1009 693
1712 173
4432 3856
7769 3839
7578 4447
3150 4079
9875 1962
1475 5150
8475 7242
8059 4787
1983 9608
8621 5896
2034 4331
9425 5263
5151 5984
1823 6876
2264 6171
8705 5165
1739 4256
4832 5230
4057 2552
6424 9848
455 8733
8430 5026
211 2618
4467 649
8998 4819
7164 845
4479 992
1791 8478
3669 2717
557 1646
5715 4398
6093 6923
2509 9258
7673 9339
7260 3340
7041 1614
3323 5101
8093 4108
9912 4558
7364 7246
271 1135
7674 3859
6145 9253
9649 2130
1663 3950
1930 2885
2238 2001
6492 8517
5821 6919
9765 813
1548 6907
8975 5377
2405 9028
919 3864
6693 958
2112 4239
986 5036
3863 2866
1476 3912
2500 407
8797 2119
4388 5113
1695 9426
2827 1812
2891 6580
395 2143
3678 8330
831 7369
8548 28
9955 410
1887 2936
5796 7855
3150 4862
4249 5764
6492 1181
7587 3368
6336 8395
3056 5255
7843 4923
8951 9372
3066 9207
5557 7045
7142 9839
5336 1411
1276 9752
7336 1193
7830 742
5275 3184
4740 2882
6376 5273
4813 7833
300 3726
1666 2975
7770 5843
9484 1350
6312 4115
9734 6771
5588 7968
5816 6792
5753 1890
5132 2936
8109 7628
3763 3873
2685 2872
8319 7333
7252 6058
9332 3143
3029 6766
8710 4186
7118 8938
1785 1258
7690 442
6475 1850
6426 7373
8078 87
4187 3016
4178 4383
5813 3951
9393 1170
4689 4183
7537 4741
2218 5493
6402 1477
1650 1136
8228 1427
7465 7624
9779 6729
5033 8526
3522 7008
6715 3339
5144 8247
145 447
6274 7623
6502 7151
3015 7881
5024 8182
6971 3764
1319 3459
7771 7444
4233 3687
1963 8196
74 3735
9481 1854
5574 9943
4757 7400
5543 3287
4956 1541
3164 1962
6844 1967
965 2791
7488 1555
1022 7971
6880 2655
3740 318
9685 7874
2726 9445
4722 2241
208 185
3071 9909
4198 654
6212 6735
6043 1033
3077 433
8669 988
2920 5785
6322 5359
1985 3239
9874 8102
1430 7187
1161 1437
7119 2728
971 4710
4694 8461
6829 5534
8892 8628
9818 5103
9272 9237
88 4052
1292 3394
5072 9341
5842 4054
7862 2699
6293 779
9711 7536
6637 9363
8808 4231
7369 5249
352 8355
1200 9446
8094 5167
4797 6842
3087 9209
461 1189
8936 3605
5353 4712
3239 470
7452 7979
1809 6604
9176 9590
3489 4209
7974 4824
7800 6697
9177 8618
9012 9194
7354 2967
9012 4086
102 876
4615 2610
5631 8561
6605 6615
7770 2111
6050 87
7479 1771
674 3029
3063 4477
4898 4182
4884 7684
1365 8553
7083 6030
2587 736
4850 9156
9733 9293
9724 5625
7310 8314
3736 6496
4945 3751
907 992
8046 396
7848 5760
3009 8994
3344 593
7525 7922
7349 4461
2723 6062
3112 4106
8350 8969
4190 8471
4379 2023
1829 5444
5072 140
2646 7159
8239 6865
4128 6144
4086 5550
1608 5128
802 8391
8988 540
6217 2586
590 8425
6789 3753
4366 7366
3307 5033
9603 6358
6976 1750
6630 6115
7653 9351
3315 5495
8750 6770
8315 8732
3767 114
2562 7071
522 6249
1733 6408
6281 2733
5477 5086
3905 6919
3740 6121
6414 5270
5038 2079
7054 202
1041 3990
1429 2439
2798 8606
6793 9000
3876 7203
6222 9455
8140 2147
5305 5759
7547 968
5669 3424
440 7016
5702 7587
307 1142
5876 4054
623 2206
8934 7480
8192 2010
1100 4602
6366 6425
7164 9737
193 460
7364 9989
2791 1159
1733 9012
7177 7636
5667 4133
405 9371
7853 221
1006 2389
7334 1492
4436 2432
6750 1659
6869 1246
4407 73
5371 5436
6840 52
2958 4613
7846 3747
8475 9592
6287 8928
7595 1122
6141 7697
3126 6512
3455 7563
7604 3453
3920 1656
7644 4074
1121 9039
8561 2751
921 4415
2712 6596
7859 80
2178 6888
3013 3433
1136 4474
9231 294
6753 3224
9876 3276
7904 5494
1922 1999
9546 146
4034 4039
8833 9300
153 7196
9570 891
8903 9269
2480 3919
4584 9147
9491 65
8687 9946
2046 3400
8477 2607
9710 1839
4053 4823
5944 1504
6358 2534
7757 8184
1382 1989
7651 9975
2729 8199
7047 622
5552 8771
2267 6614
5006 4990
6687 8315
11 2505
7153 1390
931 4906
1407 7655
9158 3895
3938 7590
666 7142
7067 2449
3746 2875
2475 7681
9594 391
2486 2761
2994 2507
7322 6183
1058 2022
453 8573
5481 9581
7951 7103
6810 2252
9746 3801
4528 7455
3770 4256
8438 2280
4205 2928
429 9415
5019 8428
327 4331
9244 7713
1094 232
441 5855
1547 3875
9646 1284
506 7469
683 8074
4315 5239
4748 1022
7742 9157
2441 1659
7369 5520
1891 6484
8006 2073
6215 1329
1400 422
3457 4356
8400 9918
1500 1106
4753 8849
5931 2076
3102 1867
7480 5715
1189 9414
3560 6249
404 7633
3081 7905
4015 4304
2882 8654
1384 399
4069 7370
4609 694
8529 480
1493 133
627 7525
1412 469
336 2162
6735 4237
6562 6853
744 4069
6458 278
2831 6072
2237 9057
9881 5870
9730 2527
7191 9173
4198 2255
622 9553
4941 6501
9403 5148
5709 1524
2623 872
8971 1759
303 5643
8763 9266
8091 2637
3664 1310
436 7510
6044 6406
2018 4678
6610 7053
7401 4699
3907 2905
9981 8263
8369 3594
9954 259
6229 6988
4799 9300
7748 225
5948 4732
9198 289
7063 6648
7004 1745
1685 4003
1269 2876
1273 944
2341 3993
4944 9132
6596 5955
2554 9128
740 2132
6725 3385
8950 7910
7952 2871
9893 636
7440 2366
2844 7018
5818 1930
7689 1332
7530 1184
117 7929
2219 7116
5178 6792
5458 774
3434 8203
5972 3292
3340 893
805 1022
8353 5210
8159 4693
3480 5912
3258 2117
4020 1941
3626 2229
7684 4351
515 3136
6490 4721
4686 3954
7131 108
9646 3045
785 9628
9480 2508
3574 7737
541 78
276 7745
5979 8473
7998 8547
2716 1016
394 889
2782 2883
7486 125
6959 8687
162 3818
6715 1608
5750 1496
8205 4098
9835 6570
587 7130
6641 910
883 2031
8477 768
1592 1880
916 6225
4959 4264
1962 7038
4586 5052
880 8165
9412 7968
4326 5987
324 2103
7299 5686
4197 1526
549 8368
3220 510
8394 2775
3462 6498
5555 2824
1292 3411
3422 6890
5600 9361
3167 1793
5298 5652
8104 6364
8713 9623
4444 3586
8582 8039
462 8221
447 7715
3571 5672
9753 5739
6517 7851
9909 1048
8297 1697
1240 4466
5551 9601
8101 3488
8631 2096
7458 3244
7106 3013
4848 6427
2174 1739
9857 1654
7958 6470
7581 1134
4537 4832
1850 8657
5937 1419
550 6078
6250 4500
4771 7732
4366 2605
9217 5237
2613 6161
6991 2563
3934 3360
6678 9140
7100 9219
9356 4708
3574 8278
8769 5784
4664 6527
3994 6720
7507 8777
5612 6693
8156 8284
2690 9245
7759 9464
599 8197
798 7125
2743 7682
9733 8184
2009 2688
3462 775
6393 6978
8355 9952
3600 8416
1761 3111
2249 6840
5395 6850
707 6726
258 4821
9388 6303
4100 3879
5298 1938
9325 7126
7841 4701
7583 2976
4331 1499
9344 4337
8817 3344
9155 3937
1674 2844
1 8116
5306 5208
5746 126
4138 9907
9638 2675
7331 9969
1542 8476
6765 1901
1021 5253
5832 1202
6487 8829
7280 9121
1691 2164
6269 2604
8958 2424
7345 8153
4961 7823
7487 5396
2359 456
5700 6484
4159 4443
3599 5453
5186 5101
5085 8388
9352 8703
4898 3677
8354 6813
274 1692
8010 1229
6267 7709
373 7530
1112 6904
2517 9139
2069 233
757 6413
6127 6940
548 6828
1289 2856
4700 7334
6793 6011
4254 159
8950 2575
6322 3466
8456 3215
5470 269
1463 6376
9032 4922
9820 8017
3875 6177
3605 2832
7577 3068
8467 5167
9381 7531
8970 9854
6124 6715
9697 1538
3775 965
3570 5599
6468 3248
1113 8091
2768 3497
3245 9608
4665 5582
9025 6344
4383 6360
5334 4763
738 4431
8771 6685
4139 1216
1608 5134
5043 8681
4144 1988
5214 6040
1958 9882
8480 1989
5696 7586
1385 937
691 4500
1369 5726
7763 2595
5061 5922
9827 3150
5869 2116
6774 6737
7734 248
6441 8284
65 1838
1692 1006
7353 173
9034 9442
6168 7731
4454 5888
9177 7852
6764 6988
4563 6590
3560 9185
981 9325
2233 9884
9673 7564
4685 1394
2157 7231
6077 7138
2967 5254
3098 1367
2712 3487
9925 807
860 7844
7701 766
128 4327
9972 8947
1725 7487
5722 9527
7828 5311
582 397
4981 7495
4248 2770
934 8876
1482 2649
2602 9115
9809 7485
9963 7954
1423 2509
9639 1454
6242 5426
6900 831
2648 6287
8605 8337
8881 493
8889 5370
3164 911
1078 6443
9750 2030
1951 3164
9378 9620
1497 1050
5823 7255
5493 9863
7926 6079
5005 5484
2153 4331
5860 5801
8778 6147
4839 1453
9249 3664
6093 9796
3985 1971
890 8793
2677 982
651 5088
4122 8379
9112 166
4358 648
4557 5034
3550 6767
1665 4667
7012 2182
1855 7224
5173 8173
8318 5835
8188 4043
1661 8933
4306 7252
8250 4466
9866 4425
7789 3132
8611 230
2260 6009
5331 4776
3210 52
1691 6628
1003 7823
2277 5720
8458 3470
1603 8592
6571 1244
1289 2593
2320 5898
2605 1115
862 341
2830 6523
9614 8971
9111 6818
6261 5407
7848 8002
7066 2328
7681 7294
1000 4136
3605 5919
4636 8536
6730 2169
7832 2328
5144 5320
2615 6992
6696 2591
8728 7493
5949 4703
8942 6657
64 5715
7108 9570
3354 2503
476 7739
4554 4174
2653 9622
1430 3681
3107 2978
2262 865
260 4068
6626 4013
1007 6129
83 4224
7778 1404
27 560
1225 4581
4238 2064
7976 6120
8345 8745
7761 7394
7684 173
280 5381
8658 9906
6833 7996
6492 8025
222 3723
8402 3239
55 8553
5739 6066
2757 8406
6855 1346
197 8324
2410 6730
6912 3536
8790 819
7145 5380
1513 7062
7940 8008
4711 9521
1432 9518
2876 2621
9050 9428
6965 2220
3095 210
4914 3212
4574 2017
6542 611
757 6046
5992 7539
180 812
784 2979
2517 9444
2377 9561
927 9465
4058 98
1729 7244
7957 8964
8786 4878
1703 371
7433 1875
8618 2955
7474 8636
7860 9594
4659 3152
2413 6170
9786 4443
8796 6786
7105 7136
897 4283
1353 4453
1474 1827
7379 6391
42 7657
3088 5193
3550 1551
7887 3163
1381 2615
6746 3308
5401 36
3470 622
3514 2260
1119 902
8422 5128
4692 807
3679 7543
7045 5387
1578 2980
4453 5629
6405 5658
4530 9476
3478 8923
3211 5252
3201 3089
9401 1600
4373 3759
9418 4351
9412 1448
5610 3970
9501 8018
8053 2053
9588 9196
3315 332
5167 1646
9591 6143
5773 2471
3110 7308
3291 5681
876 5696
4302 2544
5630 6917
9991 7776
6679 7688
8614 9115
3831 2983
9291 6202
2995 3037
4785 6620
8847 9323
4958 697
8566 7842
7136 4782
2673 5214
2829 2090
9742 1350
2923 6675
4248 6884
2996 6586
2938 605
8333 7658
5921 2734
236 5069
8421 1406
2646 851
812 2427
8255 4156
8845 18
7172 5155
2905 9088
2100 27
3139 9492
6011 5299
7460 1488
814 6749
2858 5893
6167 7440
8804 4667
7555 4713
6958 827
811 4262
8217 5820
2608 2389
8362 5960
1457 4698
809 832
6352 9485
6020 1299
4401 881
825 5663
4714 4663
9731 5550
7120 1382
6523 6867
6621 1741
2582 6305
8429 9411
3852 8390
7192 1408
6573 7852
3450 2160
1312 3699
590 9512
4645 9883
2527 1841
9620 1156
8862 1516
8248 8460
9461 2939
4122 1116
543 6367
8363 7868
1891 1905
7980 4414
3398 1795
6697 5247
1411 8691
5474 5721
2609 8755
7380 2310
9228 365
8677 3639
7863 2074
3882 7727
6458 6603
4845 6684
4186 8656
3463 9368
669 3957
761 2109
4824 7848
5700 847
6297 3291
5156 3128
4426 4154
2680 1777
7375 3314
3617 310
5360 3379
6806 8320
6162 4243
6475 3596
8989 840
8427 1661
3073 1765
9355 786
7790 3079
3761 8131
9680 9092
3199 6103
7585 2168
6755 2544
6779 3444
9539 7382
6180 9161
7208 2525
1407 6682
13 4980
752 3141
6179 4622
8372 1215
6512 8757
2301 627
5164 3382
1527 7540
6797 450
8466 1055
8189 3320
3288 3594
4965 1694
5052 3091
3557 9190
8462 1718
5005 4589
1997 597
5801 1240
6972 2868
962 1582
6259 8515
4502 7190
5384 5191
2233 171
8893 5180
6928 2000
8936 8536
9273 5570
2879 2304
3867 9408
9413 4415
2248 8469
1760 6516
4675 5728
4170 7483
3275 6211
9134 8660
8966 2599
1899 3553
415 6858
4724 158
1490 3754
6670 4176
6688 7457
157 8221
5357 4796
5439 1849
1677 8435
3399 2382
5636 2450
1160 4515
1055 5811
441 3598
8373 5915
9335 7802
7809 8848
9946 6312
1847 560
2232 3494
9770 3426
2621 8423
2846 1398
773 4084
117 2538
6202 9669
3635 196
6621 3321
5427 2265
3725 8717
2642 188
3027 3791
8792 9944
4078 3595
5490 3253
4271 1965
5480 483
5033 5570
9552 3901
3422 8250
9552 520
2117 5439
9534 9146
632 7157
235 6707
4614 9474
6259 4912
9747 9031
1390 1613
2745 2376
5974 5449
333 7729
8749 7212
9261 8486
957 1561
4688 8504
4364 1583
3435 841
2824 6093
4898 9110
5830 4424
7764 2395
4422 7247
9539 948
3507 8523
919 9929
8713 1066
6758 6068
8854 3852
2695 1437
6548 2578
9030 7671
6661 8197
5663 9483
7433 7678
3046 5147
2221 6067
3417 9197
6626 6682
3113 8652
2421 7387
7384 2239
2007 3055
9914 2314
5652 2003
2048 4416
7717 5156
6778 8903
374 6464
3814 8708
5923 4642
4081 1281
1128 9386
3699 1337
8411 9087
6693 5994
7216 5467
9874 7040
7503 5961
2909 8373
2049 702
3262 3218
3914 2665
3190 1086
5488 3978
5118 7340
7966 7581
2738 18
7823 2737
5742 436
5106 8062
3359 1119
1570 5427
4129 8204
7895 4195
6096 361
2580 411
6297 3698
204 6673
1935 2946
711 8923
1300 8040
5543 8625
7773 3784
6550 4168
9782 8585
6998 5905
1888 3308
9058 7461
1102 3672
156 5174
9279 4649
6311 7085
6556 9961
7468 7899
7459 1216
6211 1257
7210 4165
5929 3626
4017 4394
933 3817
3332 9982
2012 400
7242 8465
5155 397
6309 9185
3428 2879
3626 9866
4357 6364
2705 9842
3907 3703
9580 4916
6857 8010
2969 1886
6334 6653
3409 5158
2695 2120
8358 525
454 1573
9747 4465
6579 9175
2161 5965
3298 4266
8450 2337
1140 4361
6579 7711
3221 4372
9465 5366
2088 6543
3261 867
5119 3780
2655 4747
8543 3673
9627 3543
4077 1460
2979 6642
1272 7641
7710 396
9851 897
7628 5581
7424 6413
3933 8573
3557 7244
7681 4400
9 7569
2906 7309
6917 2176
9484 1736
3522 4136
3607 778
5036 4565
8247 8398
6210 7542
9602 750
2571 4116
84 7561
1490 4990
2167 3283
6531 3869
2308 9833
5242 7715
2061 6435
8447 857
2540 3010
9370 443
7440 3516
2285 4780
2341 202
5544 1218
2059 6917
178 4870
8864 7622
8909 1056
9312 5031
9919 6376
1224 156
9932 1832
9506 5430
879 575
8746 1003
783 1638
2492 1624
8930 4248
8753 6670
9131 6376
5639 5001
6146 5790
6087 8577
7778 5947
5007 9502
5642 5959
2430 8355
1193 2679
3082 7068
3 1236
996 5208
9059 1348
7265 1220
9911 9005
9633 4997
8258 6164
7466 5702
4072 968
3634 6993
4621 2594
5107 4532
8345 6860
4229 2654
1002 9026
5822 3495
7571 7624
5348 1287
8855 2881
3636 1594
6525 911
3307 6754
2209 3677
9885 1686
2192 41
6350 4074
7480 6976
3883 326
2096 5283
6061 2765
4092 5007
1237 1295
2274 934
2445 9927
8020 313
6598 8318
9760 9686
9660 2784
2037 6959
4335 6547
6360 1154
7835 419
1799 7899
6990 3504
8461 1442
3491 9075
6356 2338
3930 193
9545 811
966 9111
9225 1216
3990 6505
1508 51
6496 9608
9123 5626
6652 5977
4392 6550
4926 9085
7701 1925
9673 8534
6107 2728
5826 7179
7776 8997
1505 2982
8855 4111
5859 3049
2431 1883
5596 9624
1436 5381
7266 3126
2391 4717
4275 6477
4884 8417
5397 3541
7149 4320
4265 7817
5656 4123
8301 82
7737 3575
4747 5096
3071 7583
6158 6575
7405 7166
9479 6157
1054 2535
1260 3066
5752 6169
3077 5567
4558 4522
7902 4146
4164 6361
4736 2525
7254 3445
6196 5794
5592 2345
4356 1114
4831 2807
1969 5406
4191 4359
5787 5308
6002 6471
979 1045
9208 6204
5897 2757
7478 9326
4951 5029
5381 1577
7198 1584
8621 3304
5800 3374
4476 6060
995 4701
7963 6444
6858 5021
1710 7913
3425 3897
3102 5995
2550 4637
417 1109
7536 3951
294 2263
7590 2854
2458 3351
4099 2716
5431 8704
1308 2416
8100 9600
9614 9010
9499 1872
294 5131
1419 6821
3828 573
27 4162
1927 9108
8739 5760
649 8472
6774 875
6324 8054
5916 5181
2655 9950
2871 6770
3022 2768
9408 3602
3243 6453
4598 4927
4339 647
1392 114
2291 9348
1804 6807
8299 1436
7229 8192
6217 6587
3325 2423
3747 2786
327 6021
9904 9438
6470 2962
3761 7393
7175 9938
8624 5875
1223 659
1254 1141
6178 365
9608 10000
3185 407
4811 2898
7310 8187
8329 8439
7539 8951
9252 6018
7390 809
8833 1451
7631 5662
9958 7802
1811 8777
8410 4208
6636 9958
3210 299
6194 1162
6106 2020
1094 3252
2125 9868
6387 5657
4317 775
6573 2089
4314 9917
8569 4186
296 4108
8491 9025
5582 9733
8994 6794
2624 1296
1037 1526
9419 138
8616 486
4376 7522
9016 3298
9994 3322
3655 4905
2227 6765
5994 2155
6140 5149
8646 8704
9010 2654
8294 1125
4155 1042
8200 4293
2492 5404
2923 378
2411 8973
5570 3755
1807 1739
1463 138
1680 4394
4253 6582
1905 448
6157 7294
6927 7723
1094 9720
5421 10000
8512 6611
2491 4090
9762 4229
7748 9074
6346 5113
5685 7825
5006 8225
6991 5364
6610 2739
5842 5357
2902 3079
2029 4904
9478 7224
7559 2622
9705 2398
6551 6302
4188 3121
4422 5550
3265 6310
8616 8455
6299 8429
6517 2056
5607 8187
7387 1652
9547 5919
1130 3841
3513 6748
9349 6664
5440 1756
6394 800
6184 5598
9989 7549
9438 1154
7832 2084
2140 2414
3144 1643
5375 1498
8075 1785
6587 9458
3058 6035
2418 8970
8152 8913
3822 5120
673 4831
9362 7677
8564 9549
6448 7622
1600 2331
305 3939
1734 5949
4800 7954
999 825
6663 2809
8176 5408
7734 7156
9733 4984
7287 1166
5761 6217
6853 9459
4453 7360
4520 981
5215 5754
607 3346
3701 3166
5670 7895
735 2543
8934 8688
7606 4384
1513 7869
7171 8354
6490 2629
9906 7944
16 8680
7791 983
4630 6194
571 9925
1547 5047
8445 9189
2523 6166
5939 2397
7311 4586
1212 7446
7997 6849
8885 4088
8075 2160
7937 1687
1106 2942
5461 6643
3384 4006
187 6629
5386 6268
252 5279
4269 2738
1439 9479
4972 7357
5137 2586
8981 5085
4598 7132
9921 2859
4261 9609
9143 5071
8759 7994
9607 8575
8339 3251
4496 5762
8561 4149
3429 1572
3801 263
320 234
3427 7214
6845 3490
2165 8005
3893 1462
6658 4991
7893 8786
369 1946
8313 3656
2442 4993
366 1726
2050 3945
3131 9847
123 3969
1831 8658
3210 4294
6953 8386
5404 8489
5881 8051
2488 7414
3457 2857
4183 2047
9902 6449
601 8422
6634 3226
997 5331
6921 9486
1270 5940
2237 7030
8795 133
7190 6487
3390 9992
6634 2172
4625 614
7563 662
994 4354
7222 2620
5092 6851
9381 6545
3906 4804
7020 6934
1174 2469
9423 7989
2094 2006
6264 6776
399 1113
9799 793
4184 2841
9906 179
3215 8458
5086 3705
2039 6645
7828 5983
5260 2312
5522 1076
4082 7234
7290 1588
5124 8141
4557 3662
8975 139
7476 9323
2266 8158
3500 6014
5582 8880
4973 2894
1019 2824
9440 2290
8665 7376
824 9504
9319 1343
7335 590
9802 2224
2719 4963
6483 8888
6375 9934
2781 6067
662 7646
5103 6748
4410 6613
8234 8407
7235 9287
701 11
7670 3269
81 6504
9976 716
4178 7502
2023 5112
7078 2422
202 5106
1050 7216
257 2567
4864 5161
2669 3352
2000 1003
6962 7506
3122 9305
2990 6448
8045 8864
596 6191
5780 8375
1040 1762
7415 7779
9446 2055
6502 2064
4256 3162
5446 730
43 4792
798 6255
9668 8025
4685 2196
3098 1801
915 1671
4930 2686
1048 2024
3283 5734
6179 313
488 1863
7591 4096
5919 4190
4670 8096
3467 3864
1492 4075
5649 3525
5837 3424
1302 9291
5199 4982
5920 9416
5704 2598
7350 2804
3494 9498
5996 3847
5953 6284
8880 6902
8261 7870
4010 3138
7650 7719
1665 7815
3046 4918
2074 7440
5025 2304
4871 7720
9713 4755
8148 871
32 6046
7434 5129
112 543
9505 6174
7861 4661
2941 1928
5782 8425
5145 5419
3441 7888
8998 8881
1750 6888
2175 2657
2288 8898
8501 807
8743 2769
6939 6006
6690 919
578 3875
1520 5126
9895 8816
1298 2080
632 5254
7617 5694
9967 7319
2287 4969
1534 6943
7871 1364
7970 9887
8179 2916
7070 2437
8871 2183
5093 2928
3031 8161
6866 2834
6116 2326
5389 4246
8486 6547
421 7763
3935 1748
218 9200
4112 9692
1282 3634
6041 1538
7136 7855
2373 4909
3282 3144
4292 784
2531 4938
1225 1198
2023 2353
6681 1849
7058 9254
1796 6547
5433 910
551 5957
1500 1856
9307 8896
4499 176
8505 7916
9653 8646
5510 1339
4779 1697
9756 1058
3392 8465
2790 6092
8592 5823
86 7330
2207 1539
6044 7427
4139 7745
5868 8007
6653 7636
319 4724
1992 9362
3923 8800
15 8781
6780 7287
4502 1991
2520 870
1459 8560
9343 7224
9302 8725
7311 5513
3578 40
3828 7500
6355 9358
2652 4634
6270 7052
5971 1870
764 6941
3693 3316
6671 5180
4770 7603
8879 2254
1237 162
8416 6837
4383 8390
483 1762
4009 1968
3969 2818
1505 8331
1504 9255
3892 9422
6046 3052
3898 7590
2608 897
8663 7964
5687 7024
6820 9877
6409 9803
3340 8870
5939 7065
907 143
5373 3897
8829 9912
6582 9169
2726 7304
2361 9655
1241 7823
9896 259
5635 3952
1347 8195
2752 9431
6774 3717
6754 7149
1639 5064
7403 4904
8413 4208
2647 6459
4954 8337
7267 5264
7882 2224
6751 4947
7952 2322
3522 1588
7802 4831
8637 6902
623 3859
7864 6560
2102 9327
6925 6288
3472 8174
3007 47
6881 9401
6308 6397
9979 116
3627 6721
8577 4098
2483 744
2190 6168
7171 2033
2360 7808
8111 685
9777 4380
8846 3707
1198 8955
9401 2484
6680 581
6123 672
1860 9363
9078 2565
4902 6051
9264 6008
2401 6078
1559 1807
2489 2804
6776 9542
9413 3646
1769 5183
2121 6149
3990 7458
4317 5759
2873 9509
8391 6236
8263 9118
4584 7152
1412 7402
709 6586
8968 8491
3526 809
5221 4122
3404 9053
1820 4000
1282 3021
4386 7188
2337 9530
7864 812
1771 2920
2826 6787
5872 6906
2972 1275
2683 2423
2885 8766
5160 2821
2148 6218
9695 7489
7765 6876
8250 7977
1804 255
7164 3178
8200 8646
1293 111
5448 8920
4857 3756
3734 3397
2533 5333
8758 6622
4185 2576
1007 9805
3291 4075
2778 2922
7240 1613
6343 7924
4199 2388
1416 9742
9190 8263
5298 9448
3168 7035
6510 2260
8637 1206
5712 5690
6110 190
1927 4730
1957 1353
3074 6428
3507 4000
5476 5021
6003 7074
4839 3392
9294 8285
318 334
196 1524
5568 1648
5352 4779
8471 7115
4123 7306
7492 3157
8290 8241
2323 6459
427 9021
8547 6837
8841 3229
693 7994
8052 8683
2133 3812
