500 1000
5544 8705 8657 1439 6411 2156 1745 6395 7455 3039 7304 9185 463 4832 2583 5359 1012 1893 581 7231 343 6702 1952 1707 3782 7668 4855 7762 148 3149 5755 7375 4096 4411 2484 254 5419 9674 204 8478 8247 61 8780 7952 1304 4759 4543 2647 2903 4923 2952 7426 6251 371 3692 5107 925 1586 3939 7051 9134 7725 4014 1416 3105 817 94 3163 2574 4773 5545 8191 2012 8853 2069 2048 3775 7550 6788 938 8768 6698 147 1780 3305 9415 1395 1316 3135 5758 1838 2368 6079 4963 8842 390 6507 2420 5328 7272 2012 310 414 4466 9566 578 6596 219 898 5375 8862 6270 757 2699 2100 5520 5183 2379 5866 8463 3398 5862 5953 6596 5564 1427 4771 8970 1676 2779 192 6113 7946 9523 836 7403 2036 5078 8865 9210 1504 2076 8837 6854 5058 8188 9492 2022 1225 2982 5192 514 2917 7746 8308 3691 6136 2683 9191 5273 8729 2477 8469 2439 6529 6933 1407 3932 3068 730 3684 8654 9808 425 3437 2415 9701 140 3013 6923 6440 5085 2530 9980 5458 4972 4532 3086 8227 212 9275 4426 1418 5067 8393 7233 2057 2769 1074 8453 6169 6844 9749 2000 5707 1445 7743 2716 4998 6632 9288 6729 6366 66 7819 3965 2879 7116 8954 8121 5565 7981 1929 8418 6295 5006 5420 264 4345 2833 6649 426 8726 8148 8002 4166 6184 6505 1788 7668 9568 7511 6551 1223 7852 6823 1042 5521 2816 6871 4390 1038 7922 2994 9059 310 8773 5820 6800 9300 8929 4336 1907 7125 8178 3717 6976 8923 4626 8226 8763 9774 7675 6740 2186 3277 3338 3717 5735 7718 314 9087 449 6892 5992 2656 9530 7465 8140 9498 295 6693 3713 9717 8220 4713 7726 2318 3817 5032 5588 8726 5354 8825 9119 5169 1388 4251 4120 1318 6190 1643 2942 3887 5000 7292 5372 7469 9043 8521 1523 6780 3081 6429 4013 5432 4853 4310 6404 4518 4408 1254 4524 712 3052 5173 9527 5184 8911 7398 6006 8162 8386 3333 3848 2040 2142 9003 7802 5976 4059 4990 8729 2833 3555 9953 9364 539 7417 1454 5776 600 270 2482 6246 3495 1544 5945 4035 6547 7909 3284 3856 7497 3194 8009 3378 4587 4079 8620 1831 9609 8614 3982 333 3078 4471 6690 1150 4713 6880 507 3833 5493 2767 970 1068 9977 1383 7494 763 5410 6215 1526 8081 3653 2070 4428 9424 8478 261 3246 4018 3531 5470 3903 4685 2505 7254 6850 1909 282 82 7277 8560 7018 6015 7123 4905 4619 4 1450 3090 6423 9060 4831 3675 6094 7401 2731 3081 2535 3479 1656 3242 9506 6384 493 7805 3064 3798 6480 6813 3253 8988 6162 9745 6419 4542 9799 2529 5756 9248 604 725 378 1880 3410 2142 1482 6419 9027 9332 2265 3496 9248 5427 2255 5370 7114 7399 460 6166 7881 9703 181 8684 757 6197 787 8584 4047 8457 471 8690 9212 9211 784 6549 9388
1 234
1 172
1 41
1 97
1 370
1 116
2 187
2 206
2 297
2 176
2 23
3 214
3 77
3 418
4 168
4 52
4 81
4 377
4 457
5 10
5 165
5 92
5 249
6 224
6 75
6 358
6 78
6 299
6 199
7 323
7 96
8 184
8 19
8 208
9 412
9 333
9 102
10 236
10 95
10 14
10 251
10 307
10 434
10 415
10 46
11 71
11 167
11 446
12 348
12 46
12 197
12 323
13 210
13 47
14 108
14 438
15 234
15 285
15 117
15 34
15 493
15 50
16 39
16 120
18 480
18 356
18 411
18 407
18 164
18 342
18 488
19 181
19 462
19 71
20 497
20 98
20 355
20 137
21 413
21 92
21 290
21 77
21 401
21 26
22 410
22 309
22 201
22 234
22 50
22 338
22 99
23 385
23 436
23 289
23 221
24 437
24 159
24 402
24 399
24 421
24 194
24 264
24 373
25 132
25 324
25 187
25 209
26 202
26 402
26 437
26 336
26 209
27 154
27 378
27 253
27 28
27 235
27 279
28 339
28 341
29 287
29 220
29 68
29 102
29 365
29 90
29 459
29 221
29 370
30 213
30 58
30 405
30 366
30 495
30 282
30 91
30 378
31 435
31 371
31 324
31 91
31 445
31 486
31 482
31 279
32 386
32 171
33 196
33 432
34 212
34 467
34 403
35 423
35 240
35 153
35 467
35 370
35 100
35 453
36 255
36 137
36 184
38 288
38 238
39 246
39 459
39 203
39 473
39 219
40 100
40 390
40 151
40 298
41 54
41 289
42 104
42 415
42 137
43 96
43 206
44 263
44 275
44 316
45 398
46 318
46 76
46 334
46 390
47 394
47 310
48 160
48 466
48 189
48 83
49 401
50 152
50 110
50 230
50 395
50 199
50 312
51 248
52 460
52 392
52 385
53 177
53 404
53 63
54 226
54 373
54 478
54 178
54 188
54 295
55 302
56 205
57 130
57 475
57 459
58 374
58 78
60 222
60 487
60 221
60 342
61 417
61 219
62 183
62 330
62 147
62 97
62 134
62 386
63 439
63 479
63 383
63 315
63 431
64 211
64 415
65 486
65 137
65 443
66 389
66 273
66 158
67 314
67 105
67 298
67 117
68 467
68 107
68 105
68 121
68 242
69 248
69 170
69 192
69 94
70 227
70 305
70 141
71 458
71 81
71 93
71 314
72 155
72 76
72 437
73 411
73 440
73 82
73 325
73 225
74 290
74 449
74 149
75 243
76 476
76 105
76 395
77 385
77 359
77 458
78 248
78 482
79 410
79 341
79 101
80 206
80 170
80 239
80 147
80 411
81 452
81 120
81 113
81 277
81 491
82 222
82 200
82 425
82 394
82 86
83 291
83 225
84 220
84 209
84 455
84 181
84 487
85 113
85 412
85 189
85 343
85 416
86 457
86 406
86 281
86 347
87 195
87 378
87 276
87 370
87 247
88 147
88 194
88 244
89 385
89 136
89 127
89 193
89 433
90 452
90 313
90 441
90 471
91 453
91 131
91 186
91 422
91 464
91 493
92 190
92 295
92 466
93 469
93 242
93 180
94 430
94 141
94 187
94 453
94 143
95 261
95 385
96 125
97 374
97 313
97 473
97 493
98 270
98 463
98 302
98 228
99 204
100 188
100 172
100 353
100 171
100 101
100 294
101 266
101 184
101 374
101 429
101 480
102 466
102 477
102 195
103 471
104 220
104 227
104 230
105 136
105 333
105 231
105 490
105 377
106 115
106 353
106 250
107 303
107 387
107 364
107 366
107 340
108 367
108 288
108 122
108 491
109 390
109 496
109 460
110 317
110 165
110 440
111 345
111 133
111 444
113 365
113 271
113 195
113 310
113 468
114 256
114 463
114 303
114 260
114 281
114 409
115 482
115 385
115 270
115 414
116 267
117 159
117 141
117 221
118 438
118 301
118 491
119 424
119 269
119 204
119 237
120 294
120 313
120 180
120 327
120 334
121 274
121 376
121 164
121 270
121 346
121 246
121 295
122 434
122 387
122 491
122 499
123 285
123 498
123 137
123 221
123 127
124 400
125 476
125 242
125 254
125 474
126 211
126 232
126 372
126 176
126 440
126 147
127 338
127 384
127 477
127 458
127 153
127 353
128 238
128 476
129 146
129 435
129 436
129 442
129 225
130 429
130 304
130 250
130 348
130 362
131 178
131 445
132 277
133 400
133 171
134 455
134 309
135 268
136 199
136 221
137 357
137 479
137 400
138 308
139 275
139 405
140 334
140 218
140 440
141 367
141 335
141 223
142 278
143 284
144 368
144 383
145 359
145 328
145 211
145 453
146 409
146 281
146 482
147 446
147 334
148 334
148 301
148 233
148 398
149 424
149 185
149 300
149 198
150 453
150 474
150 375
151 398
152 418
152 265
152 252
152 224
153 499
153 301
153 366
154 292
155 414
155 310
156 251
156 500
157 201
157 389
157 338
158 403
158 476
158 181
158 333
159 288
160 245
160 286
160 271
160 185
160 308
161 347
161 188
162 168
163 405
164 280
165 181
165 292
165 396
165 431
165 345
166 258
166 373
167 171
168 451
168 465
168 235
168 382
169 224
169 246
169 434
169 426
169 265
169 199
170 440
170 386
170 442
170 174
170 341
171 282
171 212
171 320
172 376
172 475
172 247
173 467
173 270
173 410
174 464
174 495
174 475
175 384
176 335
177 379
177 293
177 425
178 181
178 437
179 227
179 236
180 459
180 311
180 341
181 329
181 280
181 456
181 243
182 451
183 436
183 188
184 448
184 469
184 193
185 342
185 369
185 460
185 262
186 274
186 462
186 280
186 391
186 497
186 195
187 303
189 475
190 455
190 456
190 345
190 245
191 366
191 476
191 481
192 215
192 392
192 403
193 212
193 433
193 349
193 229
193 382
193 385
193 381
195 386
195 410
195 374
196 352
196 475
196 438
197 234
197 203
198 345
198 221
199 467
199 283
199 415
200 380
200 207
201 477
201 361
201 467
201 216
201 275
201 432
202 345
202 444
203 208
203 460
203 301
204 306
204 421
205 284
205 229
205 430
206 300
206 471
206 459
206 435
206 305
207 456
208 259
208 312
208 490
208 316
209 345
209 456
209 224
210 263
211 299
211 212
212 256
212 299
212 292
213 281
214 295
214 307
214 489
215 222
217 374
217 449
218 258
218 241
219 357
219 228
219 328
220 414
220 246
220 351
221 486
221 461
221 430
221 232
223 263
224 389
224 368
225 366
225 276
225 489
226 336
226 366
226 370
226 449
227 275
228 463
228 445
228 277
229 477
229 319
229 332
229 376
230 400
231 304
232 491
232 272
232 329
232 399
234 492
234 336
235 458
235 427
235 395
235 302
235 330
236 334
236 258
237 251
237 461
239 380
239 479
239 248
240 373
240 255
241 302
241 251
241 380
242 414
243 473
243 281
244 414
245 441
245 288
246 316
246 447
247 372
247 344
248 352
248 290
248 419
248 411
248 398
249 277
249 447
250 306
250 339
250 413
250 312
250 275
251 362
252 389
252 442
253 279
254 272
254 471
254 368
255 374
255 279
257 279
258 496
258 403
260 458
261 300
261 492
262 479
262 423
263 431
263 331
263 396
264 421
265 360
266 369
266 270
267 452
267 283
268 465
269 327
269 438
270 357
271 359
271 428
271 341
271 487
271 350
272 413
272 274
272 329
273 475
275 422
275 424
275 393
275 420
275 429
277 369
277 493
278 322
279 361
279 449
280 302
280 284
281 325
281 406
281 357
281 374
284 324
285 397
286 337
287 399
287 398
287 481
288 436
289 328
289 330
289 337
289 425
290 374
291 384
292 387
292 446
294 463
295 412
296 374
297 404
297 371
297 425
297 417
298 308
300 393
304 307
305 353
305 314
306 414
307 443
307 493
307 330
308 485
308 329
308 377
308 440
309 323
310 484
311 388
311 394
312 315
313 487
314 470
317 420
317 365
321 423
322 387
322 471
324 471
325 445
325 414
326 498
327 405
327 428
330 368
330 439
330 375
331 462
331 472
332 395
333 442
333 479
333 341
334 370
335 460
335 496
335 403
336 361
337 392
338 339
339 389
341 438
343 401
346 384
346 419
347 487
350 457
350 392
353 354
353 368
353 433
354 498
356 408
356 450
356 389
356 466
356 385
357 443
358 408
358 424
359 480
359 456
360 365
361 405
361 397
361 496
362 365
364 454
364 380
368 386
368 445
368 375
369 475
370 430
371 409
372 405
373 487
374 442
374 479
374 428
374 471
375 415
376 390
377 395
377 436
379 441
379 410
381 496
384 474
384 434
384 481
386 454
389 415
390 403
390 493
393 395
394 441
394 493
394 432
395 413
396 452
396 441
397 408
399 401
401 453
404 414
405 487
405 475
411 438
415 457
418 493
418 462
418 455
419 461
421 497
422 428
422 460
423 455
424 493
425 471
426 498
437 447
438 470
438 464
438 452
443 490
445 450
446 459
446 460
464 485
470 474
476 494
479 496
