800 1000
5498 59617 81558 65601 89407 14055 1717 67646 74927 15706 48683 88375 33551 99527 24980 27411 95489 51034 53854 87781 86342 85132 67653 21516 19064 81474 80083 5273 85090 17954 87306 4637 88834 45462 53083 39213 30973 12735 76959 76907 66956 56372 77326 63086 58835 76466 37759 15393 45510 72773 24986 67443 69725 65354 13102 87248 53200 56944 32857 1540 49800 20800 5430 55518 92690 94731 97955 32042 26618 6225 11961 4422 99450 71796 12410 31213 33738 71909 63494 83791 39308 65967 53224 91795 4827 19599 86970 63473 8475 72980 54271 9701 87453 78494 32493 30423 7179 7901 75486 47604 3908 4674 58168 24900 56820 49287 74704 33336 52148 74065 68185 9250 68239 45255 38410 1735 86876 52922 48859 13386 27519 6387 10024 40819 80321 23774 68671 82086 71874 22926 58196 33374 27240 96996 70049 42056 76755 97176 6960 55177 69277 81886 56629 17963 73990 81777 71999 22205 74795 58490 9279 68369 23422 75356 41750 32965 41092 41085 49601 21403 4593 74383 8113 56867 86975 15752 36966 71988 912 24966 72513 90681 15408 39560 8607 86663 8850 54310 77904 10745 44744 57773 98671 5740 89672 57625 88635 79015 83310 99664 895 68656 80389 30826 26210 81069 81435 5245 2147 6443 91969 2506 21951 42909 62771 12510 94555 81234 32541 85589 73065 46395 25835 74475 67739 47014 98639 26170 29418 1533 19785 97783 34936 68307 98265 9801 847 63200 78975 43991 6048 87540 33299 97842 71908 9488 30776 79507 10343 49470 13731 66488 11376 74915 44269 73698 14091 33678 90875 55406 94272 20265 94014 85622 41120 86401 93001 4236 58973 55025 65944 98727 15761 64261 30906 65980 87185 12143 8877 10133 65451 11760 52752 75966 14961 25759 16366 22616 62434 73636 3212 66288 20267 50802 87568 37153 42633 15430 86918 13357 3489 70956 33447 980 26881 74298 69981 73634 57373 16091 45520 16266 58882 28718 23189 67186 43324 26663 92004 90305 11530 69134 61899 70374 17023 69500 59589 9269 74308 85982 9502 47150 55465 31618 80177 35456 89139 85901 91583 83892 63345 9137 20160 70989 70112 29121 93792 2337 72124 39953 9937 19462 89842 71396 46238 89677 75552 48482 86911 67584 68596 91129 9699 79824 61596 67164 83381 31984 10511 37611 92365 89349 29268 72238 45261 64225 69295 88905 59625 32566 25506 67869 70105 45473 64355 52935 6514 25599 50536 81579 53802 5008 40461 67556 64609 63437 5183 86022 32601 67772 68099 19357 56463 25706 91746 93200 87268 71180 19134 30470 37531 51461 98052 98602 54641 34970 22090 61163 77430 28498 419 51761 56080 94959 55014 9741 78185 35340 73709 31020 59930 71206 13053 60655 97124 32235 59304 81460 28655 19781 64346 95793 27891 30144 30089 72402 77760 91828 4180 13444 48226 17023 23508 45002 7110 26379 40283 66085 39504 90614 13000 13107 31909 44970 89699 37395 22029 45873 40701 26747 46585 8423 57316 54965 70454 53325 77229 81047 54502 25968 75480 39146 80161 46542 28435 98630 56915 62925 11992 32654 94665 85214 86028 94534 54701 43908 30052 10650 93841 24986 52661 4074 35807 33890 21252 40791 47912 19123 26937 58419 43101 56794 16817 76909 10014 7773 61212 93790 70978 59781 48343 87197 34098 29884 75308 69041 49906 22647 62494 83268 23389 90417 6529 86674 8435 41286 25389 76376 23497 58531 29873 18168 24299 88035 78995 49352 25060 61374 88722 44216 17840 22081 73375 29985 35610 43453 25208 49337 13171 17472 21941 73953 60774 92582 1068 29087 36004 74888 8730 75762 85263 19700 18464 45959 6469 43189 27962 35626 13561 92555 34106 71915 90727 99384 33806 81553 50265 77062 68964 60882 72959 76286 34767 80483 29673 92000 50785 42784 45428 56964 8148 61029 37150 46049 51166 63380 75645 44309 33339 37932 70835 81269 15898 41648 41153 90218 449 27459 94646 60353 882 91241 15649 52045 46011 85629 7083 12144 26820 80011 65890 80430 64761 78028 31298 96191 20816 95092 88593 96396 86054 80119 51665 45606 98428 38727 2375 59033 5521 39605 87662 71066 89963 85657 59179 81367 5551 44809 56850 92192 30195 34339 87110 48575 32294 33888 29590 73172 65913 79075 92618 49963 63228 48468 86855 2095 23622 75653 58944 92374 489 52866 21584 29690 50052 46233 35087 73059 84447 87905 39883 76996 39097 85571 91390 10804 39674 32304 94499 66800 86826 35811 41536 31802 35289 52529 60731 17122 38585 63917 38336 64853 80263 86318 38743 43434 90464 67185 76529 23866 14362 13484 24282 68663 59455 52774 36041 23458 82052 42510 87952 96414 43132 83314 91171 32321 49163 90545 90512 13158 59064 23478 74458 11607 84855 52181 41506 62660 96088 3812 47735 24910 59710 99453 93824 54250 22146 4010 52562 82247 78708 68568 79303 18232 22376 72342 84865 7841 13691 49198 92219 19874 69807 88308 14605 15979 36331 49193 24632 59981 63162 35983 58165 11147 54669 77629 87084 94380 2845 29329 13813 5744 30600 46618 77374 83046 8199 66167 26489 60674 16674 34732 13633 14616 73682 72076 70368 6376 66353 83504
1 165
2 618
2 535
3 726
3 608
4 50
4 295
4 569
4 384
4 99
4 685
5 167
5 22
6 226
7 132
8 110
8 154
9 260
9 195
9 84
10 732
10 393
10 659
10 651
10 617
11 161
11 73
11 101
11 603
11 545
12 687
12 480
12 235
12 223
12 278
12 298
13 44
13 421
14 476
14 200
14 241
14 667
14 168
14 226
14 304
15 480
15 99
15 307
15 426
16 439
16 349
18 141
18 276
19 648
21 257
21 327
22 136
22 48
22 451
22 692
23 404
23 768
24 100
24 334
25 416
25 747
25 164
26 634
27 582
27 229
28 155
29 91
30 660
30 260
30 294
31 580
33 655
33 286
33 55
34 592
34 113
34 219
35 258
36 292
36 217
36 441
36 674
37 685
37 679
37 254
37 471
38 96
39 712
39 314
39 385
39 362
40 728
41 574
41 781
42 283
42 363
42 745
43 396
43 191
43 219
44 467
44 180
44 625
45 130
45 796
46 633
46 283
46 558
46 480
49 432
49 324
50 498
50 488
52 513
53 736
54 673
54 355
54 153
55 662
56 695
56 377
56 73
57 597
57 103
57 319
58 297
58 611
58 207
58 91
59 471
59 416
59 451
61 102
62 681
62 275
62 437
62 301
62 73
63 462
63 685
63 754
64 770
65 683
65 583
66 453
66 597
66 394
67 529
67 726
67 628
67 729
68 332
69 253
69 543
69 796
70 720
71 197
71 532
71 688
71 76
71 156
73 153
73 426
73 544
73 322
73 427
73 219
74 612
76 567
76 641
77 635
77 476
78 792
78 799
79 362
80 685
80 347
80 669
81 730
81 205
81 207
81 527
82 193
82 116
83 562
84 349
84 454
85 623
85 332
85 169
85 433
86 387
88 276
88 401
88 588
88 517
89 588
90 537
91 149
91 187
91 571
92 526
92 308
93 411
93 730
93 427
93 324
93 198
94 638
94 732
94 266
95 728
95 644
96 761
96 610
97 296
98 735
99 455
99 617
99 289
99 508
100 794
100 475
100 783
101 399
102 387
103 292
104 585
104 686
104 515
104 546
104 555
105 777
105 588
105 476
106 593
106 703
107 664
107 427
107 797
109 110
109 599
109 299
109 784
110 146
110 775
110 737
111 462
112 634
112 580
112 114
112 209
113 190
113 645
113 159
113 675
113 421
113 510
113 451
114 228
114 574
115 513
115 419
115 406
115 326
115 570
117 207
117 388
117 657
118 712
118 477
118 355
118 382
119 489
119 624
120 190
121 124
123 297
123 296
124 362
126 662
126 314
127 414
127 572
128 748
128 535
128 360
128 711
128 599
129 686
129 525
129 359
130 565
130 345
130 458
131 497
131 370
131 607
132 484
133 567
133 505
133 142
134 317
134 639
134 299
135 303
136 140
137 726
137 657
137 420
138 394
138 635
139 723
139 699
139 447
140 390
140 559
141 324
142 282
142 150
143 727
143 611
145 697
145 420
145 648
145 576
146 418
146 348
146 540
147 549
148 689
149 399
149 192
150 647
150 443
150 574
151 285
151 618
152 404
152 444
152 675
153 745
153 434
153 784
154 694
154 514
155 685
156 562
156 448
157 650
157 770
157 512
158 468
159 415
159 670
160 546
160 404
160 449
160 554
160 683
161 418
161 361
162 475
162 229
162 363
162 601
163 793
164 737
164 317
164 272
166 406
167 269
167 627
167 383
167 654
168 743
168 521
168 372
168 303
168 516
168 680
168 178
169 794
170 725
173 557
174 733
174 524
175 515
176 697
176 778
176 590
176 467
179 698
179 739
180 495
181 458
181 311
182 707
182 749
182 788
182 497
183 732
183 766
183 356
184 741
184 245
184 263
184 428
185 793
185 626
185 580
186 507
186 640
186 229
186 531
186 779
187 213
188 551
188 339
189 499
190 233
190 231
191 728
192 628
192 406
193 636
194 421
195 675
195 321
195 351
196 404
196 361
196 707
197 716
197 212
197 273
198 454
199 456
199 233
200 456
200 661
201 666
201 379
201 779
202 243
202 705
203 616
203 432
205 734
205 271
206 223
206 599
206 442
206 479
206 526
206 492
207 471
208 666
208 341
209 656
210 503
211 758
211 672
212 362
213 524
213 369
213 274
214 249
214 517
214 327
214 450
215 393
215 522
216 252
217 346
217 535
217 774
217 385
217 697
218 308
219 658
220 327
220 784
220 735
221 609
221 603
222 791
222 285
223 502
223 390
223 240
224 579
224 476
224 390
225 261
225 785
226 701
226 334
227 479
227 237
227 662
228 258
229 670
229 591
230 792
231 248
232 361
232 527
235 267
235 325
236 756
236 644
236 526
237 288
237 346
238 606
238 747
238 614
241 363
241 520
241 595
243 306
243 716
243 668
244 458
244 574
245 369
245 771
245 755
246 667
247 415
247 453
247 495
247 520
248 564
248 596
248 634
248 789
249 780
249 586
250 418
250 394
251 646
251 643
252 396
253 578
253 394
255 309
256 745
256 346
257 334
258 692
259 638
261 491
261 606
263 581
265 399
266 642
266 291
266 568
266 402
267 590
267 629
267 414
269 422
269 279
269 421
270 334
271 493
271 545
271 687
271 670
271 540
271 516
272 294
273 582
273 441
273 791
274 486
274 785
275 438
275 455
276 796
277 386
279 458
280 293
280 488
281 411
281 761
281 461
281 455
283 295
284 652
284 465
286 340
286 441
287 553
288 753
288 565
289 678
290 504
292 749
292 559
292 431
292 687
292 718
293 347
295 764
297 481
298 488
298 561
298 425
299 377
299 684
299 758
300 544
301 542
301 522
302 452
302 424
303 564
303 770
304 394
305 592
306 659
307 579
308 788
309 361
309 713
309 733
309 317
311 570
311 674
311 359
311 601
312 387
315 421
316 783
317 445
319 502
319 525
321 501
322 752
323 723
323 773
324 677
324 763
325 676
326 448
327 746
329 566
329 521
331 732
331 576
333 599
333 344
334 493
334 738
335 484
335 701
335 508
336 675
336 715
336 402
338 675
339 767
341 664
341 724
341 503
342 384
345 467
346 410
346 371
347 791
347 726
347 422
348 784
348 490
349 576
351 618
351 559
352 435
352 563
353 585
355 471
356 465
356 727
358 554
358 709
359 800
359 739
359 694
359 375
359 368
360 722
362 723
362 648
362 654
364 571
365 619
365 601
366 799
366 514
366 396
366 510
367 676
367 764
367 438
367 637
368 778
368 717
368 463
369 796
370 681
370 375
371 481
371 434
372 458
372 569
373 751
373 790
374 794
375 731
375 717
376 434
379 545
379 479
382 544
383 788
383 462
383 736
383 400
383 590
384 761
386 661
387 781
388 513
389 564
389 441
390 788
393 637
394 713
394 787
395 419
395 754
396 579
397 547
397 633
397 636
397 791
398 577
398 611
399 740
399 588
400 723
400 792
402 568
403 595
403 687
405 496
405 558
405 782
405 438
405 417
406 735
406 467
407 432
408 550
408 731
410 526
410 785
411 756
412 440
414 720
414 587
415 521
415 681
416 566
416 658
416 420
417 770
417 752
418 664
419 452
419 547
420 446
422 770
423 473
423 487
423 714
424 701
424 562
425 771
425 660
426 465
426 571
430 732
431 707
431 560
431 482
431 546
433 791
434 694
435 741
435 579
439 642
439 475
440 537
441 563
441 663
442 568
445 572
445 483
446 582
447 763
448 606
448 465
448 567
449 458
449 640
450 534
450 660
452 533
452 496
453 745
455 772
455 696
455 460
455 467
456 635
459 595
459 601
460 788
460 555
462 503
463 475
464 605
467 779
467 513
467 494
467 745
468 650
469 751
469 727
470 743
471 695
471 615
471 506
473 622
473 539
474 621
474 745
475 556
476 624
477 705
479 484
481 674
481 675
484 648
487 592
487 508
489 603
491 633
492 574
492 560
493 719
493 640
494 684
495 716
497 622
500 518
500 593
502 644
505 588
507 704
507 570
511 676
511 638
512 674
512 589
513 709
516 687
516 659
517 735
520 675
522 579
523 689
523 766
524 737
524 615
532 664
533 654
536 632
536 619
537 656
541 653
541 742
542 749
545 688
547 742
548 615
548 686
548 781
549 564
550 656
551 587
552 765
555 788
559 572
561 748
562 602
562 734
563 649
565 603
566 585
568 714
570 690
572 613
573 685
573 660
578 724
578 701
579 754
581 674
585 674
586 751
587 650
591 747
593 795
594 790
597 787
598 633
601 614
603 680
604 633
605 721
606 749
608 706
611 785
612 755
613 707
613 709
614 791
617 630
617 796
618 707
625 707
626 746
626 708
627 768
640 661
642 683
643 789
645 745
649 794
653 682
654 726
654 667
654 738
656 684
659 770
664 791
668 781
671 789
674 695
674 794
676 710
676 697
678 708
680 749
683 754
684 741
686 711
686 687
690 734
691 781
698 764
700 798
700 754
707 768
710 741
711 783
716 740
725 799
734 775
741 755
742 800
743 790
745 777
745 753
746 764
748 776
755 787
755 777
763 765
