1000 1000
71387 82982 47438 28458 37336 70250 46454 36054 57932 60967 58065 69528 32621 53928 27087 4324 18804 45152 77772 50513 685 50869 36942 84293 59454 57497 54143 68539 84440 70254 52728 41704 56751 10598 39451 63088 47589 79175 50751 9501 27895 39960 15078 39551 44107 99743 12453 14349 3989 83897 94514 70145 60815 3122 88088 80244 19796 38358 3205 12056 83794 9548 34849 7973 43010 16871 84409 31091 7741 46594 41548 16187 43944 1316 92866 55478 14536 55904 74429 65220 97352 62224 53585 35416 75931 27993 20652 37835 68069 23024 56239 80289 37130 79672 16301 47276 88383 21791 86742 5276 71803 2585 64555 87067 22093 29949 41926 71869 38617 18370 20743 70213 15962 65745 34602 70334 52302 41031 54728 73376 43395 73339 23983 69988 35133 38195 44964 74179 45677 60292 35004 35500 65117 55503 54498 8978 59426 5435 1638 77025 90921 98071 62105 62577 32421 14774 6151 16953 88229 16577 74328 66318 19176 12354 87698 43521 42436 57620 94830 61316 11547 41059 62897 69331 64119 37268 67276 46751 80921 43248 42426 85256 15090 63769 55591 61302 30741 9704 99307 37156 94885 34275 83867 14062 10481 56738 28654 73747 21895 2207 66588 18695 43087 94933 33965 54743 38227 93739 21403 58662 61891 1208 50610 49204 31574 78631 95556 33858 7938 85192 38519 83484 59008 42991 22104 79959 38622 95495 57799 79712 5350 76097 45617 86064 63204 14558 60667 37535 70545 65640 24623 16603 97842 90780 48801 45547 76191 95825 80390 88842 62478 41072 72622 19931 95309 70602 10942 86701 67534 28596 42847 85897 90640 25416 14117 64208 33635 10113 29736 5298 74855 25896 37139 27444 42111 91793 91545 34978 97229 86959 86829 76636 59121 15749 44802 93918 55624 52939 32262 49675 24743 10666 76889 35274 26220 36683 5431 93433 97303 84222 40394 57088 33833 59752 15640 52048 71344 10287 81631 68814 56981 17635 98513 17987 56254 94164 75798 37326 62540 29867 60071 20027 71757 95706 35343 21798 58650 37458 54869 6003 10383 72653 78536 33207 66962 22015 25685 92505 99668 93795 47686 38455 31755 44320 90233 8899 58450 43495 36023 72965 2003 34123 86614 16293 17977 65360 62375 64690 91890 35229 49834 92641 40318 43468 30711 4330 8521 99629 51433 7627 43756 14667 8288 30884 49932 62740 36377 76869 44042 91198 12104 78380 8048 67717 25788 11583 32752 71342 53999 33766 46702 15631 41477 41258 28946 9517 62516 96002 48593 85793 35150 15570 18267 5122 6882 34955 17415 24969 98828 54930 95763 23503 25783 18378 40555 81395 15433 32645 84610 62786 66434 54264 76578 22424 84832 66723 65504 8744 61326 1651 68140 78165 48285 39403 34998 96062 51643 91242 81440 36658 73324 84623 97062 7857 95122 37636 66042 30448 26662 17475 28182 7789 23419 81313 18340 37450 73335 38098 36094 41795 43916 92625 94257 95848 25285 39047 81544 51497 54558 38480 63845 78296 52236 46609 98709 42527 48313 49312 30874 59679 69057 48115 75884 77427 79590 79537 5979 68063 83305 58054 90590 16788 61748 66776 53657 51176 92394 83206 1682 7776 30929 1630 98230 53525 70537 27738 43177 40617 3226 14558 40182 76027 18126 18995 76101 12726 93869 32273 51404 76318 4757 21376 51210 5182 36138 59602 50594 30596 57691 51292 47607 52341 33860 20457 46718 86245 18593 51530 70325 1399 53284 35354 12081 76707 91054 96066 1515 35033 41951 1258 93160 95517 94724 44875 80547 68437 88216 55534 1308 41903 1337 54873 85129 8310 15117 2280 60720 6679 13786 77984 66034 58658 66175 59526 14197 46652 73563 500 98683 92741 3094 66896 18662 49493 34464 89574 9846 26157 52557 39822 23150 59247 39270 59586 60539 28078 98330 66511 49409 93235 63746 94093 27080 23390 46598 96795 91082 13101 89313 69381 63010 12363 40173 73968 33636 89764 7340 60604 14000 38305 21181 70571 10802 37557 33063 86503 102 82721 60928 8554 30965 68158 85503 97904 47417 39294 52356 39859 89042 3487 69966 8169 97922 31960 98250 45781 60147 10767 92774 51108 28845 14843 85601 44730 70582 57120 20495 15424 49087 12644 59003 5728 73739 48653 30145 90547 59817 73396 72756 56598 70680 72446 59720 82024 41698 17741 62003 54962 70785 1059 58604 90155 55359 16646 45287 6398 32384 68512 14308 44776 81537 29932 66699 93862 88165 29685 53994 78389 64465 415 79021 45930 30584 30407 88449 39111 42785 97898 82287 39513 99876 9209 58771 70992 25929 17010 42641 56300 30373 45796 19165 7400 87968 84632 80398 22345 46506 41801 88950 47762 88579 56019 77049 70623 44889 23790 72637 1453 84404 25090 69766 13912 50378 83842 41174 18731 97081 86870 75206 17903 39185 28659 51284 44236 25536 53544 72895 76346 38063 64808 95196 62552 28976 13260 64916 53171 70838 97833 62105 48752 93579 20400 74504 60133 62094 48606 65257 7059 67881 81201 742 16038 81195 25321 94698 53364 8162 87893 38654 97520 33888 37389 35192 47397 11351 35870 40224 29654 91028 26061 47801 98104 26700 10588 13149 49452 83926 20190 88546 51725 8941 35799 55633 87050 27959 25853 53902 90111 23442 6543 43474 40317 20799 56343 71537 53487 87684 75831 70255 13391 94443 33089 98290 77474 71679 96964 50883 88211 14849 61210 53312 1568 17948 13932 25216 38203 53853 35822 98863 78933 78442 33395 66337 98898 98574 45280 15015 46313 45261 27131 38487 58497 31533 12276 75410 74512 73452 51272 87482 10342 58142 20850 78350 65282 38532 65384 69870 42732 93083 56647 91898 22141 7536 79854 177 49188 54595 4835 21135 17049 81380 47403 44106 69595 65189 6698 76205 63931 78594 77581 84362 95811 91498 63436 46919 74949 93187 91955 35926 24664 14770 57471 93195 43193 93530 80762 35094 40930 46744 32246 45120 87773 18661 90788 70497 72090 14345 97191 59903 10236 55042 20873 38466 57728 89519 22747 88684 67678 19172 57857 28394 77819 98298 34615 64818 44302 69016 99794 91862 23927 61870 56778 96123 30390 54391 64323 40054 62554 43232 17124 2458 64064 76549 37250 23723 55151 9192 58063 36644 24921 72408 25389 50394 50720 21145 3341 27409 92027 17690 2600 62899 64441 70144 64676 56949 21342 20718 80149 15276 56184 38019 26591 53991 2426 72302 6832 19958 66244 6280 41582 97879 17059 19114 22661 14525 52397 22942 2037 61287 26538
1 998
1 214
1 513
1 238
2 41
2 420
2 423
2 757
2 351
3 395
3 942
3 799
4 145
5 88
5 298
5 796
5 160
5 213
6 419
6 335
7 662
7 8
7 478
7 85
8 526
9 16
10 836
11 525
12 208
12 470
13 539
13 813
13 876
14 952
15 225
15 446
16 793
16 399
16 941
17 213
17 125
17 675
17 750
17 340
18 640
18 89
19 961
20 593
20 275
20 748
21 800
21 498
21 728
21 272
22 759
22 489
24 778
24 411
24 920
25 990
25 317
25 539
26 613
26 797
27 126
29 795
31 716
31 309
31 840
31 868
32 442
33 790
33 160
34 832
35 106
35 877
35 815
36 414
37 915
37 447
38 642
38 553
38 426
38 634
39 294
39 347
40 248
40 903
41 366
41 363
42 91
43 795
44 332
45 952
45 701
46 768
47 384
47 87
49 72
50 523
51 766
51 826
51 602
51 291
53 149
53 440
53 178
56 432
57 340
58 254
59 313
59 346
60 847
60 572
60 562
61 296
62 889
62 197
62 388
62 494
63 414
63 262
63 762
63 246
64 249
64 66
65 306
66 753
67 648
67 90
67 454
67 552
67 762
68 655
68 156
69 422
71 221
71 316
71 99
71 892
71 664
71 167
72 262
72 485
74 152
74 869
75 454
76 852
78 866
78 663
79 247
80 521
82 657
83 604
83 835
84 600
84 674
85 118
85 954
85 387
87 941
87 718
88 294
88 841
88 322
89 798
89 828
89 286
90 950
92 881
92 197
93 691
93 288
93 101
94 137
95 172
95 358
95 892
95 758
96 444
96 257
97 375
97 479
98 423
98 591
99 214
99 756
99 139
99 875
100 796
100 444
102 604
102 340
104 333
104 417
104 975
105 447
106 532
107 707
108 973
108 892
109 184
110 649
110 897
110 661
111 694
111 555
111 215
113 160
113 512
115 953
115 682
116 536
117 978
117 943
118 701
118 317
118 385
119 292
120 126
121 752
121 287
122 331
122 859
122 365
122 698
124 526
124 847
124 667
125 730
125 743
126 469
126 428
127 569
127 656
128 747
128 490
128 750
128 472
130 487
130 401
132 195
134 900
135 722
135 193
137 794
137 163
138 497
139 257
139 796
139 368
140 216
142 783
142 661
143 574
144 522
145 260
145 383
146 471
146 470
147 784
148 552
148 339
148 720
149 498
149 773
150 572
151 758
152 563
152 980
152 842
152 416
152 307
153 868
154 369
155 551
157 639
157 209
158 359
158 881
158 788
158 188
159 271
161 383
162 779
162 688
163 416
163 523
166 536
166 517
166 398
167 575
167 504
167 330
168 805
168 787
169 383
169 484
170 865
170 315
170 215
171 934
171 583
171 246
171 841
172 886
173 737
173 789
175 751
175 709
176 881
177 431
178 577
178 418
180 622
180 424
180 825
180 290
181 375
181 322
182 268
183 952
185 427
185 217
186 533
186 605
186 803
187 833
187 770
187 378
188 260
188 488
188 233
190 357
190 364
192 616
193 563
193 405
194 570
194 1000
196 486
196 678
197 476
198 519
198 551
199 960
200 585
200 214
201 761
204 846
205 546
205 927
206 800
206 300
207 221
207 858
207 334
208 918
210 628
211 647
211 522
212 870
212 330
212 864
213 307
213 841
213 865
214 633
214 291
215 456
215 985
216 435
216 763
217 239
218 795
219 775
219 985
219 712
219 653
219 564
221 861
222 558
223 276
223 418
224 315
224 806
225 527
226 982
227 405
228 428
229 926
229 367
229 997
231 737
232 1000
232 580
232 531
233 832
233 806
233 432
234 268
235 315
236 540
236 505
236 657
237 924
237 852
237 769
237 807
237 983
239 758
239 953
239 602
239 270
239 629
240 455
242 660
243 697
244 961
244 463
245 694
246 970
247 792
248 278
249 575
250 736
251 523
252 547
253 526
253 655
255 995
255 777
255 390
256 446
257 938
257 271
258 427
261 466
261 987
263 950
264 675
265 697
266 524
266 858
266 1000
266 959
266 969
268 404
268 361
269 389
269 596
270 277
271 355
272 445
274 981
274 678
274 901
274 398
274 747
274 576
275 562
278 819
280 804
280 866
280 452
281 571
281 916
282 321
284 451
284 805
286 752
286 782
287 908
287 820
289 494
290 917
290 579
290 883
290 384
291 791
292 725
292 808
293 617
294 584
294 933
294 451
295 893
295 732
295 933
295 382
296 497
296 988
296 540
297 962
298 567
298 817
299 842
299 404
299 810
300 686
301 970
302 506
303 871
303 674
303 964
304 769
305 643
306 677
307 725
307 382
308 806
310 602
310 732
310 875
311 478
311 813
312 559
313 656
315 387
315 955
315 639
316 831
318 738
319 549
319 436
320 836
321 840
322 415
322 672
323 474
326 769
327 374
327 623
329 914
329 374
329 597
335 397
335 594
336 400
337 467
338 987
340 714
342 512
342 981
344 509
346 348
348 804
348 953
348 777
349 622
351 1000
351 970
351 556
352 951
353 443
354 444
354 677
355 418
357 960
358 365
358 589
358 837
361 629
362 977
364 462
364 403
364 431
367 916
368 829
368 735
369 500
370 574
371 889
373 795
374 825
375 487
376 415
378 392
378 560
379 808
379 754
379 681
380 513
381 534
382 497
384 674
384 439
385 909
385 506
386 860
387 626
387 884
388 546
388 961
388 701
388 954
388 752
391 997
392 444
393 993
393 597
394 410
397 748
399 794
399 575
400 461
400 410
400 747
401 461
401 799
403 791
404 607
404 661
405 495
406 729
408 748
408 782
410 712
410 691
410 453
411 504
411 514
412 963
413 470
413 628
414 830
414 540
415 760
416 770
417 538
419 554
419 595
419 832
420 552
422 644
423 625
423 459
423 837
424 902
424 710
425 909
425 551
426 869
426 695
427 590
427 931
427 753
428 789
429 679
430 997
430 695
430 927
430 795
431 781
431 467
432 545
433 617
434 898
435 955
437 650
438 485
439 620
442 969
443 551
443 993
444 872
445 587
446 807
448 767
449 814
449 991
450 724
450 703
450 974
450 496
450 959
452 894
454 650
454 618
454 774
454 893
455 567
457 907
458 556
459 642
459 806
460 576
460 998
461 532
461 900
461 645
463 477
465 565
465 775
466 562
466 951
467 629
468 537
473 783
473 618
474 928
475 518
475 775
475 847
477 620
477 500
478 607
478 792
479 709
480 658
480 595
481 576
481 969
481 839
481 599
482 866
483 898
484 856
485 548
486 898
486 548
489 547
490 755
490 587
493 884
493 581
494 937
494 719
496 708
496 768
497 739
498 843
499 846
501 911
501 692
501 631
502 536
504 933
506 770
506 724
506 834
507 521
509 567
509 900
511 735
511 653
513 652
513 751
514 924
516 773
517 553
518 888
519 837
521 697
522 820
522 906
522 868
523 988
524 764
525 967
525 539
526 976
527 645
528 896
530 673
531 746
531 723
531 541
531 922
531 807
536 875
537 932
538 902
539 586
540 903
540 973
541 751
541 727
544 935
544 554
545 586
547 644
547 895
548 902
551 590
551 999
552 774
554 831
555 782
557 822
558 779
560 921
561 836
565 694
566 927
566 590
567 605
568 939
569 944
570 801
572 582
574 621
574 593
574 758
575 658
576 592
576 715
577 962
580 633
580 963
581 694
582 750
582 836
584 644
587 957
587 829
589 721
594 778
595 936
595 608
598 741
600 901
603 833
604 970
604 847
606 609
606 656
607 625
608 877
609 899
613 742
614 765
619 906
623 753
624 891
625 969
626 814
626 834
627 874
627 762
628 932
628 705
629 871
630 818
632 667
634 952
635 789
637 646
638 691
638 934
638 946
641 758
643 889
644 663
647 863
648 915
648 723
651 868
652 716
652 938
652 920
653 936
658 974
660 909
661 831
664 778
664 728
665 810
667 850
667 812
668 697
670 948
671 817
673 795
676 848
678 966
678 776
679 955
679 910
680 827
682 718
682 726
683 953
685 701
686 850
688 706
689 959
691 912
691 805
691 797
694 706
698 887
698 857
699 861
703 778
706 748
706 787
709 920
710 940
710 913
712 820
713 903
713 926
714 895
715 810
716 991
717 983
718 903
718 794
720 881
724 901
724 977
725 764
728 968
731 842
733 939
734 933
735 871
736 762
737 881
738 772
741 758
743 766
743 975
743 826
744 943
745 833
746 921
747 754
747 833
747 960
748 987
752 789
752 941
754 909
756 957
760 938
761 864
762 897
763 871
764 791
764 896
765 963
765 982
766 872
775 902
776 850
777 907
779 966
781 951
782 1000
782 974
785 931
785 951
787 960
792 878
794 990
795 912
797 917
798 809
799 992
799 990
805 815
809 894
815 845
815 867
816 980
819 985
826 942
829 946
830 849
831 888
836 840
839 883
840 874
845 857
857 958
858 885
860 985
862 893
865 896
869 876
870 957
879 920
884 891
891 983
896 929
900 928
901 964
901 946
904 986
907 958
911 942
914 920
929 942
935 959
944 950
950 993
966 976
974 995
