20 1000
10000 10000
1 15 8468 42
19 19 5725 9170
6 6 4465 6963
12 2 6828 3282
17 8 1943 2996
14 3 4605 2392
17 2 2383 293
7 8 9896 9719
13 10 1539 4772
15 16 6300 5668
14 3 3812 8704
12 2 4665 7674
5 8 6869 8254
20 18 2758 2663
19 10 9742 8724
3 11 3036 2317
3 1 107 289
6 7 2649 9265
11 11 6730 5891
9 14 1102 5007
15 5 2624 9630
17 7 1841 8757
20 5 6309 3932
19 18 1324 4627
2 10 2083 6119
19 20 1116 4834
7 18 9931 2705
6 2 2387 1674
10 11 9073 6925
13 18 5574 6778
17 2 3291 3987
15 16 4768 2356
11 11 2053 4032
11 7 1725 6942
18 8 192 1108
4 14 2288 5458
19 10 8910 4946
7 3 8589 4222
9 14 3031 7507
16 3 2592 901
18 5 6360 7411
2 16 6484 1549
17 12 4351 3603
2 17 1021 9375
5 9 3200 7349
20 14 4735 8282
9 1 7939 6419
14 9 468 8128
2 8 2484 4649
15 14 6618 4311
12 16 7617 4310
17 20 5250 601
9 5 304 2799
3 10 2610 5845
4 14 486 3196
4 15 1588 524
19 19 5201 7449
2 19 9797 581
18 10 799 9590
13 19 3623 473
18 11 4180 6039
9 16 6192 7959
15 3 1512 9157
7 9 56 4273
14 16 4887 6363
17 5 143 9870
12 3 1999 1882
17 18 5700 22
13 16 4390 7893
10 4 2511 2601
10 2 4689 7862
6 3 6424 5256
7 9 286 4183
13 13 3758 8618
10 2 2155 4170
13 9 1330 9977
10 15 556 1426
1 6 9513 7442
4 20 3754 1719
10 8 5997 6280
10 7 7438 2550
17 18 3196 194
3 9 6106 8287
2 15 5735 2456
4 7 672 1317
14 6 4356 4314
6 13 809 913
19 2 7757 4314
5 2 7983 3647
2 10 223 3197
7 14 451 5536
20 13 1660 2045
11 15 25 7254
14 7 650 4746
19 9 8023 4475
12 19 9906 8788
15 18 3626 203
15 15 5825 9315
11 14 160 4373
18 19 8298 7488
9 4 2271 7774
1 3 3986 7193
20 3 7628 9214
5 4 2626 528
2 2 9973 1024
14 6 7433 1004
3 13 3032 2726
1 5 1287 7223
15 14 8361 9188
14 16 9171 4271
8 17 5761 9712
15 1 2551 7286
6 20 1625 2696
3 19 1695 6577
14 19 2467 7372
5 19 5485 3852
8 1 3153 1120
18 11 1927 1061
8 17 316 2171
10 5 2759 2044
8 6 7087 7883
8 6 4475 9578
1 4 1929 5630
17 4 4963 6903
6 16 3262 3738
17 3 8261 1265
12 12 327 5031
1 14 5548 6412
4 9 4925 9791
10 3 852 4941
19 19 7714 901
1 18 3008 8366
1 4 6440 6059
9 18 2325 9358
11 2 4888 1114
5 14 2429 4461
5 12 6541 9406
11 13 2357 2836
17 17 4486 8824
18 7 9358 1627
2 10 3272 9338
13 18 3023 2897
2 6 8697 2718
6 10 4130 4424
16 17 8933 6560
15 5 6963 2054
10 18 6973 6655
4 8 2964 2533
9 8 1636 912
3 4 2939 4676
16 2 6512 3755
11 2 7826 1460
4 6 1935 1627
2 20 7399 3851
15 18 2735 2194
6 17 1994 5557
1 2 549 6963
16 16 6642 4414
18 12 1463 3143
4 13 2679 425
14 1 2674 8297
11 19 73 876
16 13 4933 1018
9 1 3832 3170
10 18 9091 8686
15 14 5146 5991
19 5 6741 8652
6 13 8760 336
10 4 2182 5265
18 13 609 3776
8 2 9557 7550
1 10 9542 6468
18 2 9175 7814
13 14 8684 216
20 13 5602 5825
5 8 6429 2671
11 19 8787 76
4 5 3848 6288
4 7 2664 1222
1 10 2172 9011
14 20 5543 2165
13 19 6705 7592
20 16 5206 751
8 19 1423 304
5 12 3649 3585
13 6 1076 2914
3 10 8679 7547
5 10 3986 8520
9 6 8541 2866
4 2 7871 8319
8 13 4473 1133
4 2 9764 8571
10 1 3528 4424
4 9 5566 4016
18 4 2089 5348
2 10 6464 2410
1 9 1343 1589
9 15 1759 1222
4 10 691 4147
8 9 5621 1431
7 16 784 4537
10 14 7039 5186
20 4 5749 1225
16 5 4767 2258
6 12 2727 3319
17 10 1002 356
3 5 9516 8585
17 3 7914 8076
7 7 5073 1949
6 5 4430 6174
14 16 9813 627
2 17 6037 6566
13 17 5995 815
16 3 839 3937
2 11 1132 1016
7 18 2012 4626
15 3 1651 9691
13 17 354 894
15 14 7263 4009
17 4 6635 6304
14 18 1125 149
1 1 4029 7110
16 11 6859 1319
17 4 5265 1362
2 3 6910 9644
14 3 4949 8490
4 3 2221 675
20 19 9370 3832
4 12 2620 9009
13 5 9782 1946
10 19 5314 2686
11 18 5939 2723
2 9 6235 1462
10 16 6494 3960
1 19 8870 4938
16 18 6265 3972
20 11 7816 4556
15 3 9289 213
15 5 711 6086
2 12 9816 8381
19 11 1680 8116
13 18 789 3074
9 14 8690 9957
4 4 5791 2942
1 19 5185 29
12 15 1886 5072
16 14 2868 1334
10 17 826 2169
14 10 2599 8651
10 17 81 4687
5 20 1529 6668
17 7 8406 9422
8 7 7727 7517
7 1 9965 7682
5 2 1663 6022
14 3 416 9310
3 6 3942 7125
9 7 7532 8424
8 8 5603 9319
11 17 1013 3482
17 5 6810 4115
13 17 1294 2291
9 9 5346 1055
15 12 3713 7492
5 3 7959 6440
20 10 1053 6996
7 19 6424 8239
17 7 2499 7660
3 19 6634 7463
6 18 8393 1147
8 3 9459 648
1 13 7831 4099
9 13 800 7279
16 16 541 3883
18 17 9568 8763
12 9 9898 1419
6 10 4231 6817
1 1 230 659
16 3 5148 9561
15 2 793 676
7 15 3147 6399
4 19 9570 1189
16 2 4516 5076
11 15 529 5616
3 18 9465 906
10 10 525 4162
14 11 1924 331
17 18 911 2926
17 14 1279 8338
10 12 8165 715
5 18 2506 9136
11 5 2624 6338
6 2 569 5609
15 13 8374 9153
13 17 3827 9877
20 15 4641 6250
10 2 2612 944
6 6 5566 8420
10 16 1451 6217
15 14 9167 1065
14 16 301 3510
9 13 3162 5590
7 9 6032 7359
20 15 423 8511
12 3 3553 911
5 15 5765 5496
15 1 8256 4903
8 3 6822 6973
16 6 9790 1578
15 4 7951 7595
20 13 1013 2482
8 3 5913 3429
4 9 4416 4409
7 5 6435 1760
7 6 959 4320
13 8 8701 8167
15 17 8533 1788
3 4 5022 3448
9 4 2377 9332
17 19 7983 2724
17 3 1112 9221
7 5 8926 9491
15 4 5970 9678
12 9 2669 5678
8 9 7784 2197
13 18 5872 9427
6 9 1028 8704
18 19 7186 9509
11 2 1314 6444
10 11 2112 5129
2 10 1455 1193
14 14 268 7466
11 13 5473 8635
18 18 8443 4902
2 5 703 5771
4 18 8824 6591
8 10 6596 2180
19 3 1311 2043
9 11 9488 7927
1 14 2259 5652
11 3 1287 5784
2 15 7129 4473
6 8 3504 719
11 18 1882 939
2 19 8599 8615
19 8 2757 6064
16 6 9436 9490
1 14 1387 7587
13 9 6049 3331
16 7 3841 2434
13 18 1600 9811
10 13 7329 1983
13 9 1795 1245
9 16 7433 1648
10 4 3498 3265
1 10 6842 2016
12 4 649 9813
1 12 8634 4475
20 18 9991 9855
5 12 2579 7781
6 20 3488 3341
14 13 5539 8484
15 1 5012 8253
10 6 1498 1841
13 12 8806 1541
20 19 3550 3211
14 14 9278 972
17 7 1498 1621
20 19 6583 9791
10 20 6490 419
9 1 9073 2925
4 18 209 7968
15 17 2608 5371
2 20 2612 3723
4 4 2891 1057
2 13 9933 3717
17 3 6814 4955
20 5 616 5461
13 19 4681 137
18 1 2585 4388
3 2 8671 7007
6 19 3524 5250
17 17 7096 9622
19 20 179 5679
10 8 2751 7578
17 19 2996 4082
6 5 900 7754
4 13 3609 3094
16 9 7515 9930
9 3 5974 1192
7 5 987 5652
17 10 6518 1578
13 10 5792 5875
16 12 694 8147
13 1 6858 6950
7 8 8552 237
15 4 6956 8163
6 6 6098 181
19 19 9262 2514
8 12 4141 6879
10 16 171 2446
6 14 6150 4751
13 8 7283 2215
3 3 6368 8897
8 12 7642 1811
19 2 6480 6706
7 9 9448 1352
3 10 5760 2277
9 16 8487 7667
18 14 4861 9615
12 2 2504 1349
7 18 2456 9083
2 17 5822 8753
5 8 4456 6022
15 17 9136 8319
14 15 4999 9860
9 4 636 6923
1 8 3233 8154
2 11 5679 9927
4 16 4200 4962
6 2 574 5717
14 11 8275 6474
11 20 4288 1182
10 13 7466 8644
2 17 2113 9982
6 12 6891 8248
1 10 33 2373
14 19 5432 3166
7 9 6579 7207
18 17 8167 7172
9 10 3695 1021
19 10 7985 110
5 7 4016 1618
18 9 7907 9169
6 20 4391 8119
11 1 9200 4487
6 16 5814 8272
8 12 3581 319
8 7 3445 8388
12 15 7828 4361
14 9 272 7153
5 12 338 9886
3 9 407 2678
18 3 5001 9414
10 16 1389 39
5 14 3182 1648
18 14 762 988
6 8 7483 9502
16 5 2105 754
2 5 222 3526
4 17 8107 4873
9 1 7081 2594
12 9 3714 1412
1 9 2080 7217
4 20 2934 1532
16 17 6654 2260
16 1 1875 4366
6 16 8977 5681
17 20 4809 4072
1 6 7833 5603
3 6 1563 7376
3 18 1837 1081
17 1 81 509
7 1 1494 9059
1 18 4774 475
8 1 1073 3336
9 2 667 2956
17 16 7169 2482
17 13 1010 6226
3 4 8763 1456
9 13 7923 22
15 18 7369 6019
20 16 3291 7651
1 4 1896 3170
12 6 4200 1980
14 13 8682 8662
3 8 2030 4034
15 1 84 6254
10 4 2245 2719
11 10 8865 653
8 15 1048 5006
1 4 3277 4327
11 9 3991 7680
11 2 7946 9272
19 16 3590 184
16 3 5007 4780
9 14 7197 3488
11 14 9780 2936
6 2 8966 4963
15 10 4568 1808
6 19 1458 2672
5 19 4219 3598
5 9 8564 7373
5 11 4724 8802
13 18 4228 1602
4 2 364 9772
6 2 3566 7722
3 2 496 8611
16 16 9152 1813
3 20 8739 3394
8 3 2655 1609
11 5 1339 4246
4 5 3155 1340
2 5 79 2226
15 4 9734 2331
6 8 8847 9131
10 11 8617 8806
18 16 1964 7339
9 5 1631 2210
13 1 4475 6738
2 15 3856 294
16 5 7607 1057
13 2 4120 8383
4 20 2780 4685
19 6 837 668
18 20 8029 2738
16 17 4092 738
13 14 1902 6061
8 16 4581 2137
11 20 8075 1185
10 12 42 477
12 13 2975 6291
20 11 5788 2190
2 4 3054 4894
20 17 7006 5904
19 9 6140 1696
2 16 3640 1084
19 3 5827 9994
19 20 2582 4829
15 4 1024 1892
8 3 7350 4244
7 8 5142 503
1 14 4638 5892
16 3 1691 2817
3 18 9411 9127
15 6 7190 6261
7 16 723 2664
12 9 6039 6361
8 6 9468 8246
8 4 543 3190
4 20 9618 503
12 9 1204 7227
8 19 8637 1571
3 12 9406 8457
12 17 7976 6820
4 12 8045 1496
20 11 8916 3389
14 4 5792 6273
1 10 4643 1776
18 6 2079 7955
4 11 894 5334
12 3 7234 4751
2 19 8991 9612
19 13 9048 3259
11 4 5303 480
16 3 5569 3
3 2 8009 6136
19 9 3700 2195
8 2 1358 4043
14 1 6346 7470
6 2 5711 4965
4 3 7505 74
10 15 1070 8103
11 10 2075 1553
19 10 845 2245
14 13 6364 4066
12 8 9732 8471
4 19 4399 5870
4 14 5680 7353
15 4 1089 4523
12 1 7023 9851
18 1 5652 9493
1 19 9877 7617
20 19 2349 4616
3 4 6858 1636
11 1 8263 8903
7 2 9274 9023
13 18 3918 8889
6 10 1268 3699
2 20 6933 390
12 9 9131 2004
13 11 3153 4590
9 16 6408 9865
18 11 8491 9682
4 20 5237 1072
14 18 7634 6841
3 14 275 2631
3 11 7462 2204
4 12 998 2308
4 1 6718 8891
20 2 4884 5567
6 12 387 8246
18 10 6841 9602
2 19 9251 7284
12 8 582 176
20 5 8000 4288
2 11 701 2139
9 1 206 2119
1 19 1623 4460
15 2 2936 7099
2 17 8494 9568
19 11 539 7747
12 18 1556 1477
14 19 5753 6761
2 7 9066 2256
9 14 2760 3035
14 14 8793 7274
12 11 7104 138
19 8 4669 3695
8 20 5249 990
16 10 932 1150
20 17 5450 5599
15 12 1444 124
8 6 4435 2862
7 5 1394 817
5 4 309 954
10 9 2668 793
11 15 812 3931
20 5 3744 5428
19 7 7196 6475
10 10 9859 7590
5 19 41 1448
4 10 27 7976
11 1 6413 67
7 2 5396 4677
4 8 1110 7652
7 11 3391 1086
3 9 1382 4756
6 5 863 4278
9 6 833 3873
4 19 890 6647
6 1 1266 4926
1 16 5822 779
12 15 4774 2928
2 15 3337 2676
11 15 9311 2738
16 1 1072 357
19 6 7283 2146
19 18 4713 3574
13 18 7163 9906
4 7 8048 9540
19 20 4116 232
20 15 2646 830
3 16 4273 9646
19 1 3774 2073
4 9 3543 6898
2 15 6126 3278
17 10 8383 9079
2 19 7940 7479
16 18 664 1427
2 1 5982 6725
16 9 6003 8863
8 18 4017 685
20 5 1285 3994
9 4 7059 822
2 18 120 678
16 4 5265 8892
16 2 7930 8073
20 18 2537 7616
2 14 3453 701
19 8 2449 1830
14 15 325 6225
3 11 5039 2886
19 10 5085 2630
5 1 7086 6924
6 13 3106 4194
5 18 5408 5768
12 15 4791 705
11 15 8086 622
19 7 7999 543
17 18 425 5622
8 9 9670 4255
3 7 6069 2494
19 20 2601 2439
17 20 4985 2291
15 19 4633 5809
1 15 7240 3788
2 9 2555 828
2 3 3643 6799
10 17 3947 105
14 2 7709 9834
3 6 4805 687
1 2 7261 8843
14 8 9579 4344
16 15 4592 3064
12 13 9762 657
11 19 6252 1960
5 8 5508 6125
19 10 3102 952
13 14 1791 5442
13 14 1061 4856
14 4 2677 5403
9 16 7652 6267
4 10 762 533
12 13 7108 2730
20 11 8393 7954
6 15 3408 9473
10 3 384 8441
12 1 8039 8608
15 8 655 1172
7 10 1230 4524
11 13 9757 7888
4 3 667 5740
12 6 7554 8161
10 8 5387 1260
17 6 8318 43
7 15 5453 3389
12 20 7761 1834
19 17 1268 6739
8 14 6321 4315
3 3 4217 6470
8 1 5464 9008
4 18 8631 3794
18 7 5315 1377
13 12 621 1335
14 7 9155 8965
13 1 3776 665
20 17 7552 1101
2 10 7878 944
5 15 8273 1386
7 5 5564 9562
11 18 309 3889
7 15 6465 5124
12 19 1982 3838
4 13 7592 6293
11 2 6992 6462
1 12 7370 8499
15 18 4118 4180
8 17 1442 1596
14 10 1454 7029
17 10 1504 7982
3 6 5368 1884
8 2 7158 5231
12 8 1867 8311
19 5 1246 3478
13 16 2048 7672
14 6 2658 7312
11 1 581 7172
18 11 4321 3676
10 5 6587 999
11 9 9745 9632
8 20 6920 8719
17 20 8120 4610
19 14 1397 6301
10 7 4594 831
15 1 4273 4855
10 7 6334 2055
2 20 429 472
14 7 2689 9422
2 10 2271 6686
3 3 2209 2861
18 20 6879 2507
4 10 6539 7888
14 7 2796 7541
15 18 4558 3510
14 19 8136 2054
12 7 1694 7844
15 18 1095 8141
16 12 6098 2513
18 13 3493 1818
11 17 614 7531
7 10 5629 2390
10 3 8841 1745
3 13 7394 6121
15 8 2528 4215
14 12 4714 8706
16 4 9665 6694
10 7 4382 7763
12 5 1769 1049
14 8 4236 7955
18 8 1863 8241
1 3 2341 3818
15 17 6559 8401
16 12 6431 936
8 3 5624 3538
15 12 212 8030
2 14 2254 6881
1 4 6529 786
13 11 4672 556
15 1 4632 9376
9 15 7987 8041
13 17 8766 1540
8 12 5053 7263
17 9 2558 4465
2 3 5451 171
5 13 4100 3294
11 5 76 2332
2 19 4067 5027
1 2 3844 9624
4 20 7919 9696
15 9 6330 2629
7 10 4980 8614
3 18 7578 7680
13 4 3293 3116
9 14 324 9449
9 9 5198 4396
2 6 3994 7412
17 9 7611 3203
10 4 8966 7706
5 6 254 1716
14 1 2146 9479
15 9 6901 9286
2 9 3886 6634
13 11 6257 8033
16 7 3902 8983
18 8 2472 7861
16 14 9769 8344
12 3 7604 9172
14 13 1035 7880
19 15 4162 531
4 12 5907 1927
5 20 228 6189
5 16 9094 5225
8 8 3583 8095
10 7 1147 2006
20 11 8238 541
4 18 8957 9579
6 12 6301 8043
16 17 1596 1144
2 9 1007 8805
14 6 699 336
18 19 2313 8024
15 7 8340 8397
12 3 7044 7847
8 19 3456 6281
8 14 991 8871
13 17 3455 3414
7 2 7242 4451
10 5 8214 3526
14 15 5404 8696
20 1 2188 6068
1 15 8126 42
13 2 4908 3001
4 18 5118 5294
12 20 7894 3944
9 19 4029 6926
15 5 2893 2851
8 17 4354 3624
5 2 827 1347
6 7 7572 239
8 9 2057 5300
7 12 2020 3752
8 14 5847 5718
20 8 2913 1422
9 2 9898 2445
9 9 7105 4943
1 3 6297 6642
20 6 7919 1245
20 5 8175 7585
4 16 7015 3150
15 18 3852 5033
11 20 4652 8364
5 19 1684 5918
9 10 3587 7253
9 5 2398 2138
3 14 8149 28
18 14 7670 9272
4 5 9105 1015
13 14 6812 1496
11 20 1991 6799
15 10 9075 8494
19 10 174 9315
12 19 6834 6866
10 9 6464 3253
1 12 2246 3089
2 9 9272 107
3 8 4158 5259
7 4 4123 8239
6 17 190 8707
11 19 6924 2352
7 12 1837 2098
1 12 5814 4511
6 2 4744 7845
15 6 4950 4579
5 5 9228 9786
16 8 3918 8357
19 9 4287 103
19 10 1412 8980
13 11 776 3491
13 11 7297 7090
17 13 2530 123
11 17 5554 8278
18 12 2653 9086
14 16 9002 9752
9 17 7917 5073
17 19 2126 1512
7 17 1545 8940
2 9 6759 2903
9 18 4109 2587
1 10 6948 1980
7 3 5129 3246
8 12 678 4720
5 7 3232 3786
17 10 6770 1955
17 6 5946 2422
11 16 6498 1861
7 6 8050 5678
18 4 8676 3389
3 16 8488 131
10 15 5001 5254
11 9 5216 2489
8 18 7800 941
6 18 305 8455
13 14 793 2500
10 12 2984 8683
5 1 5034 7138
11 9 1858 3684
13 2 1709 1969
2 20 1685 2438
13 17 8584 9870
11 13 2088 7641
16 4 4836 5821
15 15 8678 5898
7 19 9534 7554
10 16 2735 5625
13 5 6985 713
14 16 8823 6505
1 5 4474 463
3 18 6054 1123
7 18 1338 9751
17 6 2198 4932
19 11 6600 358
13 5 1448 986
9 16 8997 8726
16 9 7343 5339
8 7 38 743
7 6 9794 5054
6 15 3925 3610
13 10 6207 2240
2 17 8176 6500
8 14 5619 3648
2 10 7897 5713
16 15 9091 131
5 7 3524 6287
14 17 2038 2737
18 5 972 1950
6 11 6201 9286
7 9 7119 8326
6 2 4009 9730
11 17 1981 5537
17 9 8748 5385
5 4 701 6205
5 11 6041 1412
11 2 1767 3484
17 9 507 846
19 18 8267 5108
12 16 2675 4200
17 19 9833 8991
8 8 8291 8918
3 3 8247 8235
7 16 3427 8240
20 7 351 8315
2 20 5823 7777
18 5 5677 5813
5 13 6039 2571
4 1 8181 6562
20 8 8062 1857
20 13 9291 9809
5 8 1420 2619
14 16 9978 4548
20 3 3372 8710
15 2 2622 6337
10 17 1359 8130
3 19 8505 2898
6 13 1239 3106
4 20 4482 2517
3 14 1772 1728
20 9 4817 6141
12 20 5514 5590
19 5 3284 2272
2 20 3185 3013
15 20 8734 9575
2 3 6596 7650
6 13 5378 417
8 11 139 9892
3 5 3788 5056
5 9 7442 6440
13 2 9369 7835
18 17 9975 2669
19 6 3242 634
7 13 2975 1016
2 7 5525 8957
17 15 2241 8145
19 6 5028 1877
12 6 1642 4292
18 1 6260 2472
5 5 1944 2017
7 3 1158 1506
10 13 2047 9276
13 4 2146 6047
5 14 8327 1902
7 6 351 9650
16 17 8971 1026
17 13 1324 9794
13 17 3211 5897
13 16 5291 4551
2 17 8316 7351
15 10 9985 3761
17 7 8083 6051
3 18 791 5585
