99 99
12 158 36 2 417 256 6 59 20 675 97 263 160 5 60 37 424 690 12 7 23 100 86 31 5 231 10 1 17 978 52 372 605 141 69 16 298 41 785 8 112 5 185 1 484 25 5 310 189 500 26 9 44 811 117 70 15 54 147 11 91 390 7 241 19 4 34 631 31 982 142 19 87 54 7 230 3 10 605 375 101 271 166 2 441 39 13 4 8 712 22 62 89 20 11 4 53 5 32 
66 76
18 19
61 68
13 86
72 88
48 87
89 90
10 19
23 33
65 65
1 14
17 31
5 8
48 57
52 56
22 92
85 98
47 57
81 83
48 57
34 89
82 92
25 26
12 22
26 34
23 34
30 34
86 88
10 92
28 31
85 98
61 62
60 68
3 10
51 51
22 22
47 59
50 52
45 46
23 31
1 95
15 36
23 30
40 46
23 38
96 99
61 68
12 20
62 67
2 8
71 75
30 30
50 55
12 43
3 99
18 23
73 80
66 79
72 88
56 62
8 17
12 21
58 67
85 90
64 67
20 54
51 86
86 86
11 59
2 13
70 79
9 86
81 89
35 39
96 96
1 78
48 52
84 97
5 12
52 79
22 53
21 39
3 93
71 76
23 30
1 1
96 97
59 59
69 75
95 98
58 62
63 67
7 49
14 22
5 72
11 62
69 80
34 53
23 34
