1000 3000
346 91 4326 15622
109 208 3889 24904
546 853 6137 13750
627 273 4327 31977
374 213 2960 25413
484 811 9062 25349
353 42 9989 31329
862 808 13969 16940
828 159 12330 17368
514 83 19845 25551
928 338 8713 26839
596 813 26448 27266
573 703 11493 18923
823 131 23199 32083
791 619 28257 32218
183 142 13605 20325
587 673 10761 12309
53 482 16463 25141
854 136 11219 13633
575 759 593 11157
663 59 1764 9062
189 699 5019 18221
128 464 2207 5611
44 686 2772 29069
665 98 11557 20493
119 492 6244 13207
508 279 25542 28534
890 15 5386 31472
162 914 8165 12880
573 498 11236 30455
645 2 10494 24136
991 855 24138 31718
524 537 10174 19057
840 458 26179 26467
730 278 1536 30278
141 812 8137 24119
479 308 22101 31017
704 1 7141 16438
437 993 378 3043
374 394 1605 10660
980 199 27299 31583
544 516 4029 20410
711 214 14029 22616
362 103 11566 26810
838 920 19323 20380
582 471 3039 16025
794 140 19911 25080
746 534 3861 6246
971 236 1604 5976
830 289 21676 31921
229 879 23443 31540
159 399 12486 23772
118 607 5410 12493
639 429 2326 16589
50 556 8269 25871
163 764 6978 26518
552 439 7209 22981
35 497 14608 21049
482 936 17183 29437
806 469 22089 23763
785 96 5198 25768
347 723 22679 30132
966 224 19889 28531
952 132 12593 27323
130 240 475 25100
767 278 6250 29887
23 689 10268 32761
613 104 30154 30333
725 756 7818 22163
681 152 5414 20092
118 769 2149 5539
875 173 10220 15550
234 481 13207 16609
66 397 11081 17319
220 619 22697 26359
628 121 3713 10388
875 131 10774 26942
51 76 20852 23648
970 758 13748 20805
730 520 7304 19067
280 871 5827 13772
12 809 734 23982
632 78 18359 24568
869 359 17943 25436
595 404 3536 14009
903 648 12454 14382
105 328 10789 17599
54 220 22500 27904
36 69 13333 29962
652 560 2864 7869
405 825 10118 31660
855 452 11798 17213
60 399 2053 2473
190 972 4634 22137
997 630 28224 30330
119 418 817 13581
621 64 317 24025
308 418 1725 9287
265 29 13832 22288
609 517 7096 14573
104 349 15921 23937
296 15 2343 4055
700 81 16013 20702
165 282 8089 29546
813 563 5348 18047
498 712 8747 14740
365 497 26600 28777
660 468 19784 25615
677 126 10934 28880
412 466 14309 17953
391 113 2965 8788
471 467 17301 31627
970 140 15751 25969
15 26 19685 32556
441 678 4673 32141
736 9 9610 22481
316 9 5930 19183
163 805 3148 10064
133 725 7490 31199
751 189 700 15307
341 11 5654 15535
387 199 17259 24699
349 427 7007 15135
69 99 584 17496
445 151 23028 32359
982 767 788 27291
112 630 22545 25075
291 385 13286 30528
758 802 2019 6102
645 632 3320 5691
64 241 7564 18886
930 187 4071 9008
608 416 3913 28661
499 112 1606 29161
326 107 19754 20570
276 87 19996 26836
476 774 3609 18604
255 980 11139 30305
452 24 8207 29994
257 817 11141 21802
700 467 12122 16468
314 393 17188 29674
201 917 1435 23283
465 278 15461 28526
801 601 71 23697
23 924 13504 23339
727 87 23856 28147
560 484 2334 31803
506 216 9855 13344
837 186 2099 7686
511 691 17366 30270
52 271 3574 24009
459 595 21786 22984
422 167 8474 21532
690 383 9079 26761
16 12 21492 23312
931 680 10702 24369
674 554 3838 19108
385 166 11834 19148
267 633 1360 27477
763 244 27141 30671
428 670 7482 21630
796 735 30061 32085
840 482 5388 28308
693 747 27601 28653
171 890 13259 18797
70 790 9351 24524
776 189 21105 31235
913 139 15929 25700
520 953 4978 10733
623 912 2457 10429
986 230 13799 27447
704 480 6660 12745
942 73 1924 19816
472 114 5412 17862
49 555 12851 30441
228 48 21983 24654
452 23 15473 27562
97 785 19075 19242
372 383 4762 10963
926 120 28571 31360
340 8 21719 26582
309 866 16706 21115
758 602 7555 11018
846 148 8265 22828
638 681 12746 26642
268 403 10501 22196
960 94 13372 29249
741 10 27707 29534
916 622 15778 27337
190 184 4851 19145
81 530 14703 19274
861 719 11876 13056
71 518 5563 31961
302 222 179 27316
140 771 21786 27941
350 903 11723 16234
264 636 2481 6757
75 537 3810 28916
929 724 5742 14623
882 984 9056 22411
943 847 16077 27491
719 801 7329 20232
345 381 16452 20062
377 958 7983 19635
478 26 24300 29875
580 112 27366 28182
485 664 13602 32217
477 808 2930 24454
950 539 10923 26103
697 412 12082 31804
742 844 17577 23790
30 744 8434 11163
319 23 1852 27578
904 731 25394 31980
134 317 9329 11393
262 694 62 28224
987 259 7773 28539
458 664 30417 30422
701 945 4573 5936
101 701 10156 28796
891 956 25986 28807
369 90 1004 8254
532 444 4675 20768
276 19 7030 16117
528 159 2057 31164
188 109 11237 24926
628 188 4288 23092
573 444 12086 16493
194 568 11447 15380
181 294 19571 32670
302 61 19824 28365
609 870 9484 30370
707 414 11604 14083
349 170 4701 27350
668 100 5882 11843
248 462 10598 25222
803 468 15735 29106
365 623 8331 30265
342 975 3168 14609
539 672 22511 24395
701 760 4653 13137
830 680 5210 13323
933 234 4256 7479
44 418 18976 29653
728 751 6498 11187
904 692 4089 19258
746 250 9261 23744
931 793 22264 29445
886 654 21550 30973
870 111 9693 27630
39 701 13811 31935
770 849 12428 15906
247 538 8621 15569
296 598 6195 28697
419 743 14039 20940
233 472 4913 30134
677 112 17214 30735
63 342 14702 23270
105 334 7735 23432
585 698 18961 21748
609 205 6872 11389
227 4 20739 21503
929 566 5516 30966
84 357 17258 32126
460 174 5261 21319
119 661 11611 30102
989 524 1802 14819
771 318 4639 21966
102 687 25552 32697
203 55 20765 32549
884 622 6087 17588
406 970 9097 13160
121 134 7216 9857
639 997 13532 29621
513 920 5493 18616
726 701 11562 19753
445 177 1353 10690
150 462 20013 29393
396 304 112 21517
309 540 1654 16763
749 83 23009 31218
343 150 1481 8797
774 962 23791 25215
203 478 3468 4509
400 122 19221 29365
813 882 7302 10656
8 331 13936 14858
490 870 11433 31793
472 363 20201 27713
767 863 4537 10980
604 345 28528 31536
610 689 22622 24321
693 531 772 14513
823 611 6307 11781
841 376 17581 32178
765 238 19999 22649
153 110 22330 22893
639 753 6837 32306
338 22 7459 24720
171 552 21255 26845
789 899 768 27070
934 352 5522 11236
679 975 6669 23056
302 492 7252 27082
626 949 16774 17075
734 76 2097 32708
514 272 1960 9968
534 384 1775 14009
424 515 17649 26597
16 681 9658 10182
346 847 18817 32291
156 961 13219 28858
225 64 9020 31381
485 494 13340 14490
938 864 22911 29120
394 148 1053 24958
302 458 2349 26301
526 352 16259 23089
634 40 2537 3325
504 541 14453 15820
791 662 3736 28358
676 850 22462 27228
923 821 1657 13085
872 514 13340 16530
862 529 6047 10829
344 754 12208 15701
838 859 7586 13870
643 71 15929 19077
900 208 1953 13103
747 86 9144 30554
749 728 4613 25995
208 490 3999 13361
49 856 20801 30089
166 690 18632 23960
759 632 3386 31514
682 568 7248 25714
632 422 1632 32696
186 323 2941 5905
967 425 13776 25930
690 29 18637 31525
312 54 21081 26653
343 62 17076 31235
398 478 25710 29171
696 615 9083 30658
498 350 12362 30427
136 320 15148 24656
563 775 23796 30002
566 187 1632 30627
833 532 571 28326
813 486 19432 29458
560 6 3237 27459
268 509 801 10751
588 763 14620 17611
398 478 25085 32465
95 898 2048 23204
131 963 14154 23465
764 721 7254 14753
630 915 22808 31487
720 616 6855 9233
941 185 20137 21680
420 219 8491 24869
52 604 12960 13011
556 244 21127 22523
570 462 21323 26727
531 310 7257 20819
507 13 17199 30673
157 499 10717 27460
308 220 1374 32125
555 71 19774 30478
370 683 6042 7362
674 978 15813 25069
956 963 972 17766
292 778 10115 11371
740 779 25535 26341
118 335 13254 18669
385 830 27396 32144
984 158 29952 30415
440 34 7914 20878
217 63 8517 11999
942 387 20013 22067
176 862 23760 24541
744 926 8387 20785
820 365 5246 31490
4 870 13006 22182
509 649 20598 26705
5 690 26903 27553
920 712 9711 15319
75 829 4676 15338
351 90 8377 21281
57 501 1515 12788
519 549 14113 18516
653 141 20129 25547
360 895 10249 23323
931 19 19101 26990
257 704 6315 31200
18 490 2647 21812
417 13 4189 19719
565 497 23295 24663
439 174 11824 26708
403 546 6619 11919
579 881 5522 9541
128 100 13017 18056
434 69 19967 27233
786 977 3716 31460
14 671 14029 15982
813 777 4204 8924
771 785 18682 28066
983 398 25634 25662
868 774 9496 17079
469 350 4416 5738
932 96 4414 12281
516 76 11000 27068
517 434 9237 11067
697 382 29665 31428
749 949 6676 16282
705 416 4701 13538
972 303 21337 22180
641 896 5802 17197
199 864 4260 8795
232 440 7162 18021
503 387 18604 20198
696 456 24016 30350
803 491 13488 23801
1 729 6742 22430
906 988 6931 7741
454 739 22711 27168
418 477 3385 7792
774 135 13140 14342
357 181 11433 25929
948 86 5202 20240
638 795 4093 30848
959 568 16902 19306
352 836 461 25579
602 982 12871 31573
47 65 9502 15366
173 633 1575 14957
660 486 2372 4378
939 232 6297 6665
926 964 5260 27535
714 879 3450 26922
28 647 950 4975
599 442 5187 26831
508 241 17938 23374
511 277 11344 24237
735 230 20706 21479
510 264 29987 31721
842 430 9880 11226
828 707 4164 4667
159 247 19879 32737
147 574 1304 10005
962 720 2537 18534
290 356 12668 23050
173 598 17960 30457
925 955 27341 31430
836 347 7166 21877
979 510 1058 6608
937 482 1477 6923
766 940 22200 30499
841 932 7637 21512
831 494 10306 29404
533 102 8246 26400
496 956 10586 17866
786 960 7266 19115
664 384 8641 27690
290 456 23765 25625
98 41 6197 29911
545 565 10236 28162
342 490 3663 7271
880 973 6535 9681
422 321 8554 25415
845 472 21893 32682
802 600 21446 23447
417 66 5289 24872
437 255 14361 29848
209 404 3932 23876
918 88 19283 30698
782 4 20692 26691
561 282 17972 28405
437 640 886 29270
131 303 10845 11481
487 231 14207 26602
129 366 11981 22763
242 417 5783 9500
241 370 12085 22127
7 242 2175 22534
583 176 12464 30413
418 483 16229 23406
41 45 12047 17238
405 128 21765 24739
708 565 16352 20788
788 435 4172 20700
645 821 17185 26552
362 992 21644 25859
817 283 2357 4455
683 807 5624 6201
46 17 12225 22043
345 725 6171 12383
759 685 10296 11131
959 475 9715 11515
283 876 2300 31442
625 885 3698 20917
175 986 6294 19680
98 676 16604 28926
471 587 12408 32275
451 245 9698 23025
57 198 9800 19517
603 416 12058 28635
963 300 11912 19179
306 506 7171 27706
688 614 31577 31651
797 715 4149 12167
71 996 15014 26299
605 473 1397 5677
428 983 13348 29783
376 323 614 26824
845 808 10212 25810
190 535 6123 26068
814 830 27193 27620
349 500 300 2204
949 892 15379 28476
957 912 12501 17151
118 560 19694 31637
829 356 1029 29059
208 982 24049 30873
261 603 12173 29970
287 11 2209 6441
129 702 10052 12969
560 794 19975 25405
397 627 499 30314
192 626 22309 26218
91 162 9689 28186
454 814 12207 22574
774 438 13220 17705
268 172 15611 21494
715 482 10887 26516
482 935 16913 28191
11 706 21902 23453
602 981 13619 21852
490 413 19732 26445
101 473 12843 14195
491 490 12146 24261
269 666 13389 15928
953 255 1749 9581
409 114 6945 8675
695 491 21120 27567
420 600 4529 14529
858 806 1879 21864
790 463 9753 13991
370 228 6756 30316
921 325 14695 29709
661 534 6997 7935
157 612 8924 25043
779 585 24315 30813
374 100 14413 30684
994 829 14796 28979
745 999 1918 21170
644 455 19042 31267
978 84 16798 32528
157 15 4676 21498
432 277 24209 28048
629 682 9120 10486
471 273 15669 18797
740 225 9563 12212
613 634 5372 24037
281 153 14676 19444
310 287 5052 12136
497 721 941 28228
521 668 30346 31169
815 431 2432 31833
144 13 18811 26453
902 763 12013 31221
860 399 25811 27373
984 938 1314 16870
374 152 12273 13267
243 933 5640 8535
831 217 9676 16464
175 503 14854 18700
713 395 2243 8413
257 234 11518 24424
836 895 3026 9709
731 843 9729 28596
50 604 10567 16442
921 954 18398 24727
427 766 17770 29979
286 667 8951 14649
314 129 7165 26631
85 223 6613 25526
14 434 30313 31588
928 996 13902 24306
34 910 20012 25884
565 112 6394 13868
421 24 17248 20244
459 874 16899 32546
971 568 27457 32682
706 802 1412 3261
218 663 1210 31777
792 780 9428 23749
909 276 17642 29473
477 529 20263 32311
349 882 11195 32545
512 405 534 30663
827 239 8979 32307
871 602 10515 20327
927 406 10368 16215
739 835 5907 6044
149 14 5097 29392
162 811 6585 17240
866 865 9218 13481
459 796 818 25369
147 311 15322 17962
605 744 12680 17562
439 432 3235 15120
921 595 10412 24518
40 613 8369 9617
395 126 3940 16585
446 912 788 1469
893 374 2293 30059
547 55 4605 28183
901 907 10560 16365
704 845 10073 12807
298 514 11460 26126
527 201 18507 27981
154 131 4926 32100
983 829 24181 25033
302 955 5752 15248
299 456 16515 26086
20 259 24128 26953
27 156 5346 22761
725 304 6135 20938
442 313 11901 32043
453 41 1026 7263
190 600 11314 28592
750 149 8803 26324
723 601 15350 23548
197 530 13989 26754
64 822 3762 24371
635 470 24389 25062
664 894 10452 28305
45 794 10748 28509
203 850 8630 12025
733 353 6824 18740
330 755 4854 31911
935 934 9480 28910
359 866 5588 17611
892 3 108 25752
499 759 749 31950
882 419 16404 28007
973 843 17877 26045
250 458 2803 12017
450 822 11277 13391
705 479 9594 17516
575 793 20634 31822
632 993 2915 11735
833 365 14755 18939
956 438 387 9522
342 250 4558 32687
342 909 3999 27556
297 345 8642 21340
716 966 7428 21476
729 979 2599 27529
495 477 21716 25834
979 111 1569 21466
227 859 2748 23614
36 152 9323 23285
713 645 2900 9363
208 277 3638 17053
448 915 13374 25772
726 903 13055 27370
88 289 8902 22456
529 502 24009 29692
158 250 3104 23575
600 501 17204 18165
875 392 3594 27063
870 209 4391 32070
581 173 7778 18812
52 758 10340 32284
524 53 12097 30763
266 986 23386 30352
182 737 15518 32705
234 887 26546 30488
308 670 8947 26573
93 374 7410 17383
67 845 3196 28472
851 607 12575 22343
651 417 10318 23594
560 346 27678 27964
771 635 9735 26456
257 617 710 16236
227 489 165 14383
339 947 17766 19875
361 290 10153 25267
85 155 5786 15858
53 283 12275 15774
897 78 6447 26070
829 350 2893 4571
343 329 11243 25960
586 646 13466 13651
122 441 13354 21442
120 661 27803 29993
904 745 1596 11686
818 814 23610 31341
118 784 30282 31634
300 547 19334 31270
514 840 17077 32356
839 199 19015 21429
376 311 22453 25277
40 365 1783 24806
510 666 4461 21994
769 496 5248 14123
487 469 12279 18647
95 145 14798 16138
451 605 4388 19796
715 764 8701 19187
621 886 22439 26086
17 371 14067 25510
989 77 6726 11669
236 305 12735 16077
548 88 9918 19470
631 856 20413 28897
186 488 17678 18768
373 445 12096 22395
267 670 19822 28347
219 366 5007 31831
85 243 4674 13340
513 475 7186 25896
36 159 26525 28456
292 418 24281 24596
103 227 9612 26671
247 137 4884 8245
72 38 12956 18078
549 600 10778 19353
592 908 2407 25195
937 795 4164 16738
41 146 20924 25069
502 53 11788 32682
705 732 3963 8709
39 992 7221 13913
686 775 9718 10680
881 110 11589 25774
956 151 23016 32572
507 84 6698 13205
465 922 19202 25958
653 313 10300 13995
618 555 3553 22715
886 723 24451 31989
107 304 2379 10539
357 890 23477 26334
515 997 8188 10058
801 875 10389 20705
405 999 112 2947
337 239 23635 24608
120 889 4472 8327
964 762 28370 29221
688 226 20645 23516
626 796 11248 20885
419 573 7695 26903
593 803 30321 31304
541 760 9588 30662
185 895 19216 32056
540 102 15161 30049
649 868 14294 20517
436 245 203 24563
999 635 2872 17792
245 184 8586 24621
629 218 9880 16611
368 534 10324 10968
334 136 14979 25043
630 433 2950 3030
125 290 10219 27018
177 8 519 2073
902 8 28824 29061
384 773 23507 23572
459 32 20332 23102
112 752 19206 27059
888 842 1292 25985
957 762 18254 27623
239 299 8797 13048
925 35 192 31444
885 75 4452 24127
118 693 24658 25172
299 646 15019 24714
507 791 9316 15469
919 383 1483 30483
283 915 28465 31205
648 960 21157 28900
209 23 3423 4783
77 715 7101 13182
613 936 9329 11892
175 20 21055 26063
714 362 14684 21770
538 684 3648 9976
646 49 1799 12008
208 592 7577 18026
285 4 7242 24111
38 368 2396 25976
854 901 5113 7578
77 833 9231 28694
245 890 7184 28757
827 932 15889 20347
511 271 5593 6358
279 308 6398 15797
457 721 1514 8158
368 731 26494 27873
17 92 20080 28976
735 862 25091 31078
731 903 5047 11785
368 333 2620 3468
462 323 5997 26841
957 476 26363 27789
917 791 1703 20035
635 524 16053 24341
558 495 10080 20125
379 602 25091 28616
926 872 20969 23420
946 655 1572 30651
899 589 2828 25752
609 255 12152 31482
208 237 5094 16106
374 490 11270 21761
357 659 9808 16201
210 342 7671 13635
932 373 10482 15701
153 619 5657 27558
645 862 11295 11675
573 294 1284 15965
763 492 13081 20304
930 166 5209 14252
413 83 1737 12444
699 394 8159 13255
510 624 19554 20210
780 41 12548 19540
109 574 6507 6668
151 568 914 6836
366 324 4872 19358
847 344 151 25630
79 669 14418 29694
288 325 25948 31140
468 318 14852 22904
357 456 28877 29134
588 796 12687 22589
456 774 4864 16401
689 748 9622 21727
637 839 7590 11104
291 657 16087 24179
687 263 155 6300
38 186 2736 8959
450 193 5981 9241
727 9 13199 19992
263 399 9357 27939
756 349 387 32582
852 259 15472 21113
409 536 10895 20660
577 57 22384 26315
571 970 5503 19295
60 371 1179 9537
529 868 4340 18183
926 492 3571 5154
942 886 21846 24377
243 933 4721 20956
145 826 6814 13454
142 883 20416 21053
5 446 22785 25336
459 599 10060 16495
649 366 28484 29297
691 52 648 25000
512 528 919 27938
372 517 6225 30417
794 294 15932 31672
534 404 21365 23799
394 407 12196 13899
423 44 20802 30144
94 206 10250 25534
383 408 7915 12549
618 82 1384 8911
693 922 1312 26681
309 44 3330 26506
176 77 5379 22645
451 677 12710 27657
463 363 15915 29560
457 965 4693 18635
794 912 11042 18979
460 997 26739 32133
7 853 1787 28134
995 358 1437 19014
230 382 30890 31849
472 327 15537 32123
292 772 11390 32016
754 91 4881 22944
916 403 6376 25399
430 128 4673 15019
9 501 22527 23467
273 922 881 12664
822 54 2351 29179
104 534 12336 31268
431 974 4344 14266
585 975 30982 31843
549 514 11582 30513
503 740 1144 5003
973 83 1069 19320
922 528 10732 31396
121 853 9567 9807
653 113 12520 17455
598 465 20500 28908
670 650 5103 11850
924 668 2841 15116
777 969 12866 26604
369 142 11860 22637
605 681 4894 9383
495 332 7056 12032
773 521 6110 8583
17 535 2035 21620
848 251 1613 12739
82 778 6714 14070
698 126 5233 10731
638 175 17831 26952
337 220 9995 30830
815 67 30747 31653
473 925 16521 28071
418 189 13589 18370
80 627 5620 15851
727 548 1744 18095
603 396 10257 24429
28 6 21851 24771
23 930 11607 30534
691 889 5238 18103
649 62 13940 27633
495 534 19290 20710
678 729 1997 8903
139 705 24661 31408
947 138 11166 25828
219 946 16277 25257
919 467 4365 5908
233 655 21724 22507
316 612 7459 24530
681 624 4555 15048
842 918 9807 17106
494 1 1693 11027
540 353 5870 30061
931 100 10305 26878
633 126 11050 30665
58 12 20626 23532
76 662 19754 28583
448 75 17263 29777
124 193 1634 19987
311 981 3793 4767
76 680 7488 10423
315 595 1695 12916
428 916 3847 5886
750 865 23137 23522
951 404 13796 17157
468 528 3919 4199
963 267 19942 31643
543 141 6007 31422
69 632 14533 26496
332 816 9768 16767
154 412 27147 28732
629 910 3283 12594
14 208 9794 14826
917 647 6257 17907
153 884 17520 30916
879 608 3843 29934
453 200 6562 31894
143 706 13990 19526
777 367 13065 19870
54 330 25159 28014
761 615 23337 24161
706 351 28638 30175
68 803 19046 29209
276 695 4981 31516
516 177 20950 26856
177 930 4535 30493
154 709 12072 17136
50 869 5000 31674
272 508 4338 21249
21 353 3342 12961
277 353 542 27186
665 273 8682 16412
668 67 7143 7392
69 712 1889 2027
725 237 14198 26641
218 528 3806 10687
746 709 26150 28722
244 388 16493 19901
395 805 9736 25490
245 471 1344 16641
899 781 26207 27877
722 67 25112 25134
354 159 13762 23589
587 331 16943 23941
41 682 9860 31012
264 449 14909 20706
464 304 9709 17246
183 977 13867 25863
627 800 4446 21446
543 731 29357 31493
720 324 12420 14753
464 93 16229 28949
827 532 6208 20117
240 551 10580 24360
338 401 1195 29608
152 966 9509 13218
314 619 9909 15010
141 2 6833 20173
856 220 26651 30999
888 887 12918 15462
665 3 3807 23532
534 271 6023 22701
763 289 1135 14131
792 638 16751 19844
617 767 9597 11601
932 429 12076 32368
986 278 23949 27251
866 41 4892 25520
235 782 13969 19436
776 137 4564 12897
369 336 22767 30521
783 755 2570 23449
239 484 2458 21214
228 359 20181 31015
382 267 13417 21267
215 673 15052 16749
336 894 7748 32408
567 540 11185 29374
372 13 401 26950
236 562 10913 29224
310 185 1016 13646
684 157 10468 13736
972 131 12052 29059
647 466 25041 26947
122 538 21101 28263
779 825 4007 8492
110 737 3324 19360
305 566 9008 26917
772 86 18643 29524
389 682 5562 6533
267 989 18764 25335
218 50 20613 30407
631 91 9320 26865
20 895 4397 13346
573 795 14084 18277
876 364 2975 6295
994 420 26488 26771
936 348 15970 20896
437 65 4597 18809
648 386 2998 24859
256 32 5720 8962
97 911 16028 32570
339 884 2046 20784
806 743 8150 19590
160 219 8258 22432
419 828 9757 18602
464 760 14086 16385
928 689 9895 10476
509 18 17192 20636
628 56 1012 4193
334 339 7377 24840
455 349 16316 17659
110 226 24635 28259
902 585 4068 16793
525 346 2041 22536
787 432 16801 23010
253 345 3051 30624
659 307 4452 18778
142 137 8213 31047
919 14 13820 28475
268 58 7658 26946
955 339 10807 11230
844 38 18120 18562
225 646 18916 19117
778 948 16680 18037
279 895 19059 28814
701 198 29897 31710
565 900 18324 22074
177 970 983 26790
416 836 15089 30605
532 925 1494 4092
442 84 9170 29403
418 171 20355 26472
544 77 197 30279
298 777 5612 19133
730 188 5576 16546
38 395 28811 28920
559 841 4770 8710
591 198 12939 27134
142 593 8984 29357
398 768 2354 14130
478 133 12255 14578
340 74 6796 17349
486 320 7769 12450
635 405 27294 30349
462 149 22655 27142
603 298 7759 17937
532 742 2883 4743
598 128 7438 19946
912 366 13310 20034
892 162 3827 26527
409 528 840 7209
872 943 8706 23653
638 110 6698 16343
809 464 18364 32394
326 123 8837 12328
714 518 14724 23571
111 873 7288 12495
602 521 6493 13566
811 764 10071 20581
773 130 7324 18314
870 260 7341 29795
33 649 18056 27812
434 887 11778 16987
329 376 22037 24861
611 237 4687 22922
470 806 10092 31533
740 843 14687 26223
481 725 26041 28576
216 768 6416 31888
218 677 19964 26117
41 907 6318 12829
149 318 7264 16984
916 603 14463 24420
383 778 3015 15481
515 765 14110 16502
261 128 4779 6724
162 986 15449 29000
198 11 7584 19477
67 382 22146 30564
228 297 2885 10198
570 602 17144 24671
119 605 15254 28840
425 859 7594 22870
729 917 3347 20678
701 593 3954 10130
155 60 10492 25661
935 769 10552 21607
279 209 29701 32578
548 195 3058 27699
268 630 3874 17506
494 709 13580 30965
389 538 7999 21446
633 526 14326 28610
394 567 6041 22499
39 11 11335 18845
830 589 9591 20664
868 526 11578 27394
847 301 26546 29518
250 922 2877 14667
329 847 8652 28057
654 976 7666 28604
339 453 13425 17662
273 381 5360 21944
64 846 5300 5648
744 370 15800 24532
688 11 6926 23702
956 899 8212 23151
60 341 136 28000
35 696 12073 24491
534 581 16563 27469
806 871 3986 6215
519 563 18864 20034
433 920 16817 30804
278 792 2046 28257
382 759 15489 27492
912 924 7435 17524
482 926 5231 21677
106 616 20033 20961
469 800 14301 22921
849 733 4779 18946
391 231 15350 31650
691 779 3083 12312
798 719 17684 30600
99 907 2501 19284
969 465 13004 16297
377 470 8595 25903
672 977 672 8354
63 219 22135 22892
345 80 2950 27822
653 821 3361 14524
909 714 6028 10508
958 474 1252 18116
209 601 13704 25417
945 390 12549 30669
790 233 4072 24947
289 526 7768 16940
993 34 3564 26590
477 101 21402 21733
227 473 7318 14132
409 219 4577 20023
650 647 28464 29421
835 33 4428 22006
398 193 16311 26602
78 102 9005 12884
301 918 3600 13369
595 516 15052 22060
231 980 13172 31404
795 908 25127 25398
243 475 8897 18826
654 230 6539 8565
113 736 11245 24087
264 266 14198 22099
438 115 3271 31450
326 66 22079 28154
139 546 1460 6617
45 413 8477 9544
678 212 10187 17790
436 918 4426 9140
519 767 3345 26468
333 210 2610 5659
844 498 8336 26419
112 390 8868 31884
901 436 14812 22050
440 783 20351 30369
377 243 2037 11029
491 744 2586 29713
471 981 25260 30775
430 72 18122 30002
462 731 2561 4765
975 840 5995 32612
742 473 32657 32724
914 705 5558 10696
269 975 18855 22997
325 693 26127 29033
27 331 24655 26865
747 89 12731 30219
206 733 15918 31221
828 338 2078 12264
854 274 11140 23085
987 276 43 17733
18 377 5255 10248
24 924 11515 27865
513 793 7654 17810
132 216 1126 15925
722 217 672 24992
935 513 19501 23447
933 174 7678 13524
69 232 929 32581
791 137 884 4287
796 238 14407 32234
226 134 29161 29589
784 739 1636 32008
163 150 18599 31297
216 872 3544 5409
642 838 14253 30477
919 716 21347 26475
726 38 8451 14167
739 611 17753 28706
502 611 20486 21308
561 122 13468 17548
185 61 8721 27639
175 789 13845 18560
687 417 1377 29685
416 977 22291 28935
461 49 22940 30037
763 354 17164 30106
109 39 3392 31604
133 238 3929 15207
180 965 17068 21734
435 584 10165 32725
202 856 19862 23810
329 742 14464 25913
141 465 10790 11203
438 260 10797 20082
87 491 8311 31051
61 63 7035 7080
275 135 3399 15406
741 218 2213 6688
364 355 1529 19574
778 76 2142 15934
878 374 12200 13195
218 224 3343 14666
979 62 7215 22063
25 516 18771 19439
335 171 9970 32432
189 522 10429 25722
317 673 7295 31821
234 683 26281 32521
288 586 15026 18957
144 15 904 1849
298 873 23028 27779
56 158 23924 30359
728 928 22586 28111
299 506 18651 21238
708 291 3479 12294
291 978 15299 31273
258 467 10371 14329
607 112 24214 26675
60 68 11939 13146
844 188 9320 22025
558 983 1804 21900
406 47 8017 31794
155 248 1325 5032
195 713 9510 25875
110 409 2534 10868
889 332 13190 24538
17 582 13982 29252
659 447 2220 7862
665 775 21711 24178
200 203 1379 27610
80 841 18073 21449
779 585 21889 30728
202 525 4035 18055
924 435 190 8377
424 71 14045 24630
126 950 230 4327
393 697 11904 32115
23 670 19609 19796
804 926 25170 26594
227 394 7061 26423
631 791 3842 9528
929 52 6996 7848
275 521 632 15882
293 586 13184 21796
357 932 18823 30487
340 784 12297 31355
223 78 385 18107
379 883 19227 31192
461 134 139 21393
80 991 17119 31490
296 169 514 20252
255 883 8138 21261
838 689 12492 21095
967 288 1889 18578
664 433 21676 30652
427 901 24604 26321
259 43 326 21146
601 165 15155 27363
952 282 518 2770
534 80 8001 12309
924 735 2666 4919
304 566 9317 10949
497 384 2414 7485
914 471 3337 18083
331 493 5978 21020
372 430 6888 26787
747 146 6049 14334
232 985 20254 26096
903 560 3625 17329
942 643 12156 21915
56 115 806 15308
273 26 790 19206
19 253 2777 22515
856 514 3700 28858
849 537 16850 19345
574 583 26802 27201
871 441 14624 16554
522 719 10060 16224
414 297 6495 31696
288 870 13138 32223
332 650 2591 7093
942 551 9440 13585
233 328 24938 28842
440 34 1691 26968
587 684 3694 30967
341 865 9025 23960
147 163 19841 29648
863 714 868 3189
86 733 19016 26165
798 320 12870 14973
845 111 17653 31918
526 370 29081 31078
85 385 536 641
44 330 12513 18348
567 968 10471 19042
558 910 17423 20725
296 341 13462 25634
552 771 19193 23963
595 269 7559 31353
415 30 22011 25867
899 895 6931 30787
170 233 7059 28453
721 457 30971 31243
212 756 12124 21575
252 108 15598 20357
148 961 17049 21436
204 443 14142 29147
813 862 7944 20464
69 823 30362 30450
70 335 4801 31114
931 934 8436 32644
626 881 2609 11379
208 151 7586 13311
649 121 8391 13870
55 296 5453 19348
774 51 2376 9342
837 105 10352 15549
519 339 10706 16483
483 190 486 29098
648 96 10493 30717
925 384 7915 10052
472 123 14264 27566
574 821 8344 8877
11 29 1346 12573
946 860 1914 23724
646 822 20793 22574
402 345 13366 18439
550 847 2636 17223
899 511 28383 28976
458 249 448 19156
919 193 2769 24934
52 563 10294 14206
179 840 1590 26163
931 232 28050 31037
984 473 9375 15825
420 758 27287 29896
130 955 12216 32120
260 184 6595 8624
987 685 18305 18469
312 829 8239 30852
985 982 15350 23535
974 960 2809 19558
724 971 29421 29483
233 94 8309 28889
353 237 874 20505
425 491 2286 26627
410 825 14974 16133
865 645 4978 21725
388 782 14548 24503
495 270 21235 29972
391 266 7164 17193
623 223 19306 27367
42 597 14638 22473
848 368 3300 31002
324 628 9722 26563
829 233 3344 24677
308 527 23480 23698
101 836 8970 31404
722 500 4142 11610
500 456 1533 13146
171 66 16876 31121
312 959 17554 26360
369 670 20073 31196
981 993 5541 18802
8 994 10122 12680
217 968 3269 18583
491 145 15752 19368
737 745 7863 32410
453 932 3703 12940
954 513 13460 30195
384 321 16048 32345
217 662 5924 29952
186 750 12705 17202
459 386 11837 21932
675 930 28242 29627
254 684 6175 25871
336 44 17399 25478
30 222 27843 30495
483 898 10281 28626
552 456 28022 28182
272 388 9190 31128
723 219 24326 30536
985 607 15380 17404
626 38 10429 25378
3 738 14787 21267
916 613 5121 15500
280 52 19502 20700
588 158 8510 11011
971 756 14756 17246
865 698 7968 29275
175 951 5714 7382
14 914 15129 22841
912 141 17976 24777
107 927 11477 21665
359 453 17280 25768
579 496 4721 25279
723 493 5695 16145
20 1000 11965 25506
427 226 7296 18118
3 126 3006 28092
253 406 4610 12780
453 507 14631 26217
42 797 20349 24005
366 839 7402 26721
935 263 14856 17999
750 941 4677 15269
966 794 9567 27386
991 362 4909 8983
419 941 6631 12196
920 874 4361 23232
688 501 3734 10676
445 195 19596 30453
289 755 9405 19274
965 976 3938 16810
984 732 23596 30245
266 719 11182 12788
842 945 3890 9880
133 188 6147 9998
88 845 9555 18395
896 980 283 3496
967 913 12402 32223
930 202 6459 10108
177 915 26623 28960
470 165 1178 5609
922 642 1991 5844
300 480 9404 26013
307 292 17068 17716
918 16 3613 20450
586 704 3157 20688
796 890 9310 13689
208 469 10841 16985
362 843 13874 31142
562 745 2072 10709
213 726 4400 17760
913 634 26567 29834
369 2 5204 11221
802 657 14116 32589
837 417 7907 21117
783 314 2519 25380
357 306 13216 17648
403 294 114 13630
855 775 3539 14035
674 921 26563 28330
151 40 4473 19123
7 20 6115 29764
907 870 30463 32065
36 395 23458 30278
920 209 2320 24202
821 584 6678 28095
259 115 8205 28031
165 223 9567 21705
361 411 12632 16291
328 368 19990 31265
520 674 7708 18764
144 912 16323 27561
939 385 874 1151
464 400 11621 28902
113 409 12615 20714
396 404 5506 19950
143 730 25997 28665
631 997 10436 17356
538 429 763 25804
250 856 12865 28467
653 842 6135 25717
180 85 14387 20175
993 962 3815 31902
877 817 7773 10200
832 93 4823 26084
50 532 10284 27381
945 142 18663 24934
4 476 8996 20686
656 923 7032 25753
89 240 28770 30601
523 950 16419 27223
393 605 11698 16566
46 934 491 24482
922 317 8747 19377
311 462 8933 22789
556 811 1121 30325
426 916 5560 20498
278 256 7278 25223
750 492 7935 22781
928 706 21249 27895
591 91 20783 23994
854 255 20656 30209
394 908 23694 25857
492 926 1083 8659
796 518 15292 23754
876 550 19435 22054
76 44 20668 21571
273 309 20369 26436
92 580 781 5300
192 507 2284 30372
236 945 31041 32490
970 372 6270 25870
718 529 19214 20520
675 258 7943 8231
251 543 14736 16609
118 96 905 25447
597 58 27929 32236
246 256 6011 31469
299 908 20353 25902
582 30 11769 29510
264 156 7188 27829
275 379 8906 14706
684 493 3831 19019
725 843 8663 23137
201 284 879 3123
370 247 10421 26740
168 542 16827 25166
194 500 124 18588
394 320 10488 27447
244 866 16111 22588
599 341 3717 11230
327 45 2663 12343
426 500 10305 23628
346 176 14242 28193
242 462 11521 24108
405 709 1151 16519
883 740 12154 22751
653 462 13414 29063
875 176 18195 26544
356 991 4271 28001
374 511 158 24596
766 66 13130 24285
347 230 19641 31309
782 306 1514 30480
932 849 24257 26997
311 936 8271 13856
746 493 27433 29738
52 225 6474 8503
38 71 25458 28561
424 965 12686 32438
657 275 3131 16461
934 730 29861 31806
557 719 1375 18775
994 847 5539 30975
562 429 1361 1969
622 850 5133 26578
994 804 909 7906
615 178 285 28909
165 671 2851 7549
901 214 21529 25753
430 61 13764 30983
750 12 3967 15609
28 991 7696 29360
475 458 10008 16130
242 46 13037 31482
602 265 3187 21751
823 898 5285 27547
531 245 3500 30377
575 227 7822 29907
131 503 10454 32008
504 132 5615 17806
595 203 19504 26866
597 931 29721 30784
690 345 13942 27101
631 611 10297 26653
871 104 19399 20471
367 747 3373 12863
888 951 19130 32268
933 676 30839 32179
862 186 23368 24991
997 310 455 27377
383 27 1552 25254
708 803 14476 30025
706 558 7891 16394
607 250 14972 21342
278 12 15402 16118
381 86 1327 31880
732 146 6488 20483
32 669 504 21498
456 247 9768 26202
832 178 3900 13936
93 937 6890 10934
375 83 6260 22824
598 64 1079 5795
30 3 1907 12191
93 232 354 15625
879 905 8126 18233
655 892 4098 26022
361 543 28026 28495
53 54 10400 14170
711 924 10649 19464
573 808 12971 27451
953 706 8016 18397
872 927 7109 15428
834 17 1011 29380
226 178 14193 28324
776 114 9395 27499
885 287 9523 12453
935 629 20534 27810
438 207 6133 31295
806 348 12233 19247
198 501 2971 24202
80 717 9620 20111
154 578 1355 12915
213 52 18551 19491
84 268 9857 16555
790 231 11467 21865
696 475 11849 28521
365 24 719 28818
471 946 3317 13240
155 55 8563 17591
695 820 4499 19196
855 853 3880 10246
417 652 7953 19669
374 330 9626 29449
818 388 1519 30820
829 935 9524 17447
827 815 17980 31063
945 21 4276 23305
537 423 10945 13241
80 420 4480 19273
389 120 22636 31625
901 773 4399 23015
781 979 15765 19567
680 457 17718 18589
370 684 368 24919
995 247 15800 32275
176 700 929 7117
310 602 4622 28749
240 608 11908 30916
940 976 12266 19601
529 536 22246 22481
588 605 11675 31776
475 384 4617 11310
665 238 13661 28647
539 450 10405 28856
394 582 5077 10495
714 611 33 1456
947 301 28712 30620
278 138 4446 24829
274 35 10619 29832
23 772 6313 25901
738 905 4889 31744
363 266 24787 32096
996 257 2469 12160
291 881 17652 25228
497 977 26500 30812
980 889 11781 17628
649 581 716 24782
326 495 10465 15536
816 338 10191 20586
816 996 12462 26421
203 859 23223 24967
186 427 2060 21560
751 183 17814 27178
554 151 1108 25060
443 944 8655 27041
504 458 21035 32559
385 262 14343 16269
570 279 7562 27347
689 331 4320 4653
121 49 16228 19626
758 429 7228 7703
193 841 17486 22018
502 471 16253 32504
877 589 14082 32286
590 279 15434 32721
337 547 3763 31453
476 953 12576 12645
782 338 109 13921
452 403 9400 21970
825 602 10088 19891
564 448 4584 11185
36 607 12214 27933
855 397 11166 24863
260 954 9101 27103
477 951 2023 32684
898 607 3349 26461
353 970 6115 27504
346 400 3433 26396
483 499 7522 17516
543 488 4608 6756
564 32 1807 16732
756 209 1887 5764
492 418 5130 8991
628 495 14722 15209
103 98 7891 24782
692 691 5210 6696
699 961 11633 28305
460 1 2240 5891
148 774 9075 17057
977 51 26169 30376
137 629 1810 10020
942 363 8933 23877
997 930 22825 22840
230 724 5996 14739
542 42 6471 23518
820 634 9416 9751
697 786 6219 23645
579 469 2787 31095
452 725 18054 31525
470 667 12946 17293
146 251 3352 26989
370 3 12902 28553
227 53 588 3035
694 970 1107 5461
649 706 19020 20683
186 250 10273 15900
524 493 27630 29321
653 814 7990 12162
551 484 6357 9768
486 823 6552 26024
553 787 12816 28136
124 314 14004 22874
565 47 18399 20596
926 200 7995 19773
402 659 17592 17619
899 541 11035 28365
100 462 6625 31959
459 737 10337 13953
441 603 13830 17796
116 530 19181 32534
125 192 874 16351
430 615 14293 24871
646 55 3354 21179
352 303 551 32117
496 424 800 7558
904 320 2860 17306
699 342 13124 22150
720 737 2054 29549
360 701 14228 21335
299 352 10992 23242
776 690 19223 19249
660 116 19330 29764
637 251 17226 21613
943 709 129 29786
486 179 21080 31058
414 79 6153 22601
192 776 1052 29196
173 291 1803 23959
127 444 6074 25111
974 790 15613 30041
465 695 6795 13393
662 992 9064 27561
84 699 3001 20064
486 957 6397 29585
659 791 9726 32243
356 567 1234 31441
157 372 6530 21984
647 83 7502 10733
813 451 13233 32083
422 120 9417 20111
891 661 8704 17416
426 331 7403 12077
154 458 20930 31090
959 341 5895 8614
208 171 7360 22314
303 851 10251 24154
633 88 804 15868
551 997 13845 22924
428 699 4279 10159
224 416 6404 10714
189 202 19187 28657
64 564 9363 25886
209 177 8480 31545
302 439 6732 30071
533 581 14546 24908
113 320 12098 15001
567 618 15439 30164
610 685 14802 25344
627 550 7442 15581
253 445 14428 19522
744 364 10325 27979
508 983 2428 4556
169 547 2706 25695
444 577 15135 25816
68 332 6345 13159
814 169 15068 25352
222 208 10669 32152
847 216 331 21017
749 887 10546 31613
520 106 3073 27873
852 9 8028 27435
615 743 6449 20146
43 929 765 5247
37 389 3838 4869
612 517 6730 8076
366 132 21064 26027
279 536 12311 30302
676 760 18324 18671
15 864 9235 11196
667 123 15501 21253
723 672 6943 8664
518 657 3138 4317
22 463 6433 10098
905 474 8764 27137
975 976 10837 25997
46 619 12332 12780
442 952 288 14492
912 972 9504 22482
461 930 14032 18114
699 540 7801 31920
28 438 15788 17599
994 81 3085 13858
134 814 8005 20129
207 912 12273 21921
37 984 745 22611
630 643 5641 6122
729 479 2841 10019
754 934 7759 8641
862 242 24782 32129
431 745 5398 20133
170 763 8393 17577
238 362 14763 28982
592 544 1383 23000
837 976 19899 27338
119 502 23651 28547
900 920 8999 9373
107 545 4022 15224
449 820 17894 19690
851 710 4694 8479
421 15 15139 24276
714 930 6740 28258
588 66 23659 28207
575 823 25578 28565
785 442 12608 21750
469 430 25 22495
624 216 3526 31641
299 416 18639 25617
74 639 5216 7777
204 771 15556 30156
373 802 4653 6130
160 676 7969 19159
97 395 1202 25251
2 151 2028 9137
428 797 15392 23863
520 584 7612 8422
718 563 6506 21446
678 414 7570 12843
486 863 15977 30364
60 698 21358 29905
491 4 10683 17751
651 69 16789 17274
140 524 1481 9951
643 791 7846 20230
913 603 4682 18156
104 769 28169 32037
888 418 25815 31846
345 636 5388 10810
129 212 23396 24055
480 719 22346 25585
10 308 1110 16621
148 485 3348 18905
187 134 15111 25530
874 460 10221 32741
578 194 5189 10354
439 943 1807 12526
905 292 6867 24400
136 45 7140 8494
252 391 8497 23526
403 57 20679 24206
36 21 14871 17321
195 752 4704 11834
62 408 9128 18874
352 182 22768 23138
220 4 4013 28075
925 97 7633 29621
355 498 659 898
360 3 1848 15516
227 687 20537 32237
933 781 5097 29836
810 67 15088 30270
283 551 21134 30634
442 131 12788 29941
733 865 7576 14829
310 919 17403 26160
626 533 1223 29844
265 813 1827 30909
534 90 9027 18192
32 972 24370 32473
711 194 18050 26394
442 250 14610 14774
337 981 4033 13885
311 198 25338 26705
162 188 1091 18582
390 334 18752 20897
335 399 28359 31325
206 643 9558 15508
309 360 17294 25314
830 192 10731 19194
633 718 3855 7381
820 367 5757 19688
280 923 1453 19858
346 747 16839 32079
24 534 12377 28545
12 927 17988 31862
565 473 18291 20017
252 582 8135 14696
636 219 8539 20170
807 553 6504 27393
412 632 3393 11322
381 804 19989 22108
176 260 8075 8663
404 161 7909 32648
855 596 1615 28119
253 299 26150 32113
948 574 11739 25557
438 836 24568 30797
878 547 3923 13613
174 744 11227 28422
952 452 12923 26162
836 472 12319 31441
442 434 2876 18349
721 16 12270 16414
55 508 1757 8346
921 857 9172 32022
117 613 9950 10846
214 904 8841 26574
937 924 251 1970
734 13 5977 7899
408 866 1810 21448
976 892 11975 17335
334 391 9450 15232
666 280 4255 10155
155 110 23749 30683
958 571 4282 25095
529 596 6808 29111
256 959 13314 29224
255 877 22755 29704
841 648 31481 31717
745 463 13449 20207
583 560 15005 21941
134 261 27118 29100
595 362 11733 15933
480 565 16243 30482
66 743 7239 23674
304 395 4085 29206
877 260 15662 25581
136 139 5699 22863
858 106 13526 32286
623 163 4569 31043
824 148 12051 30500
504 799 21068 24562
102 820 6845 10541
763 451 6341 21094
917 495 15499 28826
706 244 15625 24223
873 421 2275 14652
238 87 2538 5674
76 290 6321 20594
56 977 20607 29164
963 208 20225 26258
496 21 13211 23966
991 378 1801 26596
545 242 16515 22053
285 266 3769 26891
250 410 12301 16232
750 244 12931 25152
551 348 18817 30842
592 640 9952 27854
646 954 16930 21253
403 188 320 20770
859 236 3622 31069
717 888 1438 8244
284 451 6739 19419
55 649 18535 22690
990 335 15487 26464
598 182 3706 11697
318 506 14339 30690
963 534 11593 11819
673 970 13402 30928
67 864 14757 31892
85 171 3172 31945
631 9 2765 4887
493 307 10883 18562
93 386 1116 8350
664 804 15458 30209
909 975 19756 22761
435 366 9608 14597
197 258 21542 22211
515 402 8616 21436
622 781 21852 24041
299 735 23307 30548
461 59 27712 28616
260 153 11050 23141
58 400 5871 20291
176 981 14358 21124
476 157 1448 6188
558 383 1595 22919
676 981 10528 30714
234 964 5690 26274
821 106 11882 22751
498 264 5058 5785
890 721 13088 13468
818 250 4566 9838
8 441 1067 15548
320 531 5993 32207
176 648 22725 26257
544 50 4560 13213
263 615 6179 19592
657 722 16387 31155
925 569 17466 19050
399 778 3830 30594
401 248 27872 28980
255 133 8886 22526
11 79 14600 17630
62 920 14108 24549
377 769 20084 31659
139 519 5251 20493
651 673 22482 32520
312 816 14352 29720
231 735 4011 18335
173 118 9942 26195
37 594 11079 14710
508 375 3963 25871
492 472 15153 27235
462 54 9246 20413
827 712 24290 30059
301 18 15369 15419
577 857 18040 24578
72 589 11859 13105
614 304 7478 30354
418 158 6853 24111
975 957 1024 30971
499 368 19174 32157
182 463 5901 7136
765 912 8180 12742
256 820 8324 15631
233 291 15151 27016
374 345 4797 12348
752 118 6407 15916
860 408 29441 31553
778 372 500 22920
181 653 3050 10944
690 971 803 13401
124 856 19637 22992
591 607 1401 5689
380 342 3707 13252
821 46 6681 16412
217 104 18716 26175
874 691 810 14986
789 339 4749 10472
946 3 17081 32192
469 222 7668 9549
204 562 9134 32693
737 479 11608 19507
290 839 12792 13042
624 46 8956 27450
557 284 853 5319
481 64 4290 9339
526 527 13490 26352
315 966 653 2858
246 588 5901 6576
517 963 7385 19442
943 337 290 28960
855 562 3712 25153
177 56 18832 25107
464 165 1376 10899
6 936 17846 18992
261 391 12093 18584
246 292 24487 28934
296 491 18153 24841
452 715 8460 29730
191 931 23323 31188
671 14 22486 31075
913 2 25308 27818
386 493 10977 20821
36 58 17014 18711
852 387 16621 26424
154 318 29165 29953
841 629 1409 29469
951 761 9902 10751
399 111 3960 27222
509 958 20617 32606
713 639 11115 11286
712 86 12080 15262
832 760 1605 28111
139 957 12832 15247
253 73 25542 31674
121 917 14820 22537
304 403 1633 10226
204 442 9761 24291
461 222 21047 24193
793 620 3516 16844
73 940 10834 24345
34 944 7670 32303
185 444 13133 29049
491 287 11683 12539
220 889 7674 29118
150 349 27042 28974
684 729 2475 9502
287 523 8533 27224
585 95 24272 30281
896 838 27946 32023
21 553 17698 30269
822 550 16085 21980
329 442 7081 15171
770 136 26284 28300
95 520 8240 28790
705 988 8281 26832
494 568 24380 31954
517 992 28980 30398
265 613 1266 10570
842 107 20065 23476
168 573 10455 11271
458 50 8259 28651
454 901 18479 25872
529 463 8873 10055
513 807 5255 9908
657 245 22286 26139
5 483 980 7288
551 453 19339 24879
929 971 8084 21229
876 828 17221 31836
712 277 6158 23412
509 419 2095 24513
778 205 16953 25943
579 229 11758 31719
984 657 20789 31563
452 37 8231 8810
388 195 2897 9586
657 230 17060 27870
407 235 2615 24619
134 352 2375 3027
240 258 4778 23377
821 138 12101 22176
300 39 11784 22463
251 634 20824 22577
208 982 295 10093
937 807 20433 29679
425 996 13244 32016
628 16 3197 3808
509 173 9192 20358
117 346 3663 13053
167 175 19833 27032
922 277 15710 31285
407 172 10813 24744
819 599 270 30525
543 195 13059 19119
950 720 3349 20372
775 495 1145 12383
708 93 12028 13565
154 14 25918 32272
946 254 6939 16259
887 548 19516 21609
449 744 10539 14312
889 102 19853 21110
798 267 7787 13443
351 175 965 17252
338 108 14509 21805
717 919 16982 25369
3 644 9423 29643
137 534 1050 18090
169 559 2663 8098
246 629 6365 26067
370 247 17006 19887
205 110 542 21813
487 607 8044 22389
663 119 20690 24465
44 320 11850 24877
300 428 11537 21794
60 463 2219 3698
216 865 15655 23425
139 508 18306 30372
120 532 4143 6676
138 901 9149 19264
922 257 5133 15119
527 873 4349 25642
106 931 4329 18168
10 358 1613 32241
53 2 1512 32500
9 227 13538 27158
306 616 12316 27854
476 22 6194 17901
308 379 10893 14841
338 456 8616 30191
937 694 4072 25815
570 172 11920 14029
598 407 7024 22218
155 764 16330 19640
17 178 4053 5221
725 28 22088 28141
454 405 1209 26332
710 12 25232 31272
227 931 14184 25172
566 858 2940 15084
579 625 13953 28980
27 574 3786 27117
934 907 112 19632
77 532 18828 28581
184 968 10165 20354
3 206 5067 11953
598 338 8448 32456
92 160 6938 12343
612 535 11959 21891
503 602 2919 25118
89 435 7079 8423
228 641 10758 17150
137 268 4951 7941
152 30 6289 17984
258 948 5019 25656
445 309 20337 24726
360 962 9181 23262
504 583 14540 21520
98 497 15875 29041
609 249 990 9149
307 216 7174 17391
295 195 11990 12496
537 201 19609 24117
657 866 3721 14834
681 370 3322 6445
150 278 1502 2767
1 6 2443 28981
390 508 22201 29231
340 61 24775 31273
838 741 9847 25719
114 480 22954 32766
568 342 12907 20017
13 862 2863 5696
369 702 6795 12379
421 514 7431 28253
241 131 22274 29143
5 530 18986 19478
158 430 5261 10762
324 273 16115 32351
682 346 2334 21309
917 950 1302 10860
520 896 4654 4940
103 212 8272 17920
571 550 2752 11425
654 920 3184 4195
367 347 5658 23158
320 478 17086 25597
774 973 8956 21674
73 788 19429 23403
468 692 9375 32184
143 700 1533 8822
292 524 21405 26832
758 470 9571 27702
849 71 12839 31909
678 397 6788 25679
893 808 15192 19224
512 165 14004 16662
582 177 10438 12967
293 987 4742 29751
515 302 15358 23537
215 61 21015 23915
955 200 9658 31102
789 974 3954 14106
287 531 5743 15928
156 820 2256 7951
731 1000 6539 26914
657 953 21795 30971
162 155 18892 22538
199 981 24816 26767
543 126 8670 24041
703 562 11750 26860
476 309 21687 29059
43 54 1082 21062
990 760 5590 19503
154 653 27485 30762
583 148 21776 29954
79 389 2597 16474
203 730 19352 23246
282 384 10311 30802
948 566 6137 16163
798 654 18334 29438
470 154 24719 31449
665 784 7468 9915
171 600 10706 28355
39 854 17762 28689
32 220 15346 17685
583 841 14602 29637
694 519 13567 26172
933 738 20833 20930
250 365 2085 24734
118 913 3270 30569
286 624 2072 9524
919 351 18557 23757
94 523 5543 32755
478 973 15038 24999
443 408 1279 14728
847 138 3094 27376
379 834 8427 31517
97 553 22276 31306
255 356 7229 9196
143 265 1543 18158
724 127 6307 26986
959 227 234 26463
427 497 1291 32741
294 23 18501 27887
713 328 20168 20575
2 88 29439 32053
448 419 9557 31686
22 83 11853 18709
228 778 327 31499
138 692 3671 4886
614 840 7004 12043
608 737 2679 27175
540 104 16864 29230
656 541 575 15251
199 230 4023 10332
989 6 5649 29043
412 241 4146 16934
14 327 11467 17398
708 216 8423 25076
550 31 2866 22784
652 674 18520 27735
469 113 21709 23114
581 764 15623 18424
828 338 8935 21857
53 79 13552 13601
172 37 15759 22948
916 727 7303 7606
464 530 5090 14081
880 109 10317 27309
735 875 1194 19529
170 718 14450 26464
443 790 2353 21359
735 338 1675 15070
84 366 1225 26861
184 198 2004 3240
46 33 11881 22837
722 970 23829 31688
335 307 2417 16103
46 347 6411 8047
858 482 7898 16545
706 858 2017 26227
342 961 1642 24269
190 548 24788 27828
415 981 17908 19297
712 144 658 9657
572 299 22444 31367
256 164 17836 20795
216 407 4713 12641
253 40 11737 28903
658 182 8592 25881
119 417 16450 30992
741 686 1577 28878
891 240 1522 13632
800 377 23828 26209
586 937 15934 23756
782 733 7702 18022
633 468 1859 4442
327 726 30995 31206
890 471 17657 32465
846 171 11152 13284
498 657 12495 12978
793 709 16406 18682
858 761 5674 9895
172 268 20825 25383
606 357 19086 28494
71 1 756 24612
929 396 29661 32001
675 28 9906 25356
47 820 14616 21011
912 872 12563 30430
329 452 17758 18129
658 226 16638 32203
436 108 10396 20432
656 518 17332 25667
858 440 27234 29214
524 795 7190 12460
784 177 22393 23717
405 850 19317 29077
527 619 2722 9839
560 698 19012 23554
355 448 8210 16940
275 198 12588 31066
343 108 804 14203
576 181 13102 25669
462 431 4317 26477
872 498 1575 30499
483 662 516 26981
389 714 15515 26954
99 594 14427 25830
703 601 6642 20929
782 391 9691 12624
601 237 3013 25848
33 615 11603 23628
265 616 19036 27462
199 468 12872 24798
243 874 16743 20273
139 322 2483 23986
374 462 12545 21360
311 842 17192 21230
253 184 9332 21280
257 712 3391 9423
959 342 8060 11140
945 718 6433 32535
800 28 25644 27938
220 895 7544 31010
534 157 3745 5901
268 269 14665 14852
309 657 11997 13320
557 35 2585 18797
147 753 18792 28911
426 116 10743 22681
165 357 12277 15107
518 369 14624 24497
320 935 560 5673
563 39 11420 22054
665 926 14878 18309
167 383 7471 19145
141 572 2679 3613
922 157 3403 25811
26 687 11667 19186
17 825 2663 27026
524 220 5699 10018
774 473 2983 25789
568 671 16669 31135
53 349 6711 26395
141 157 10863 26683
144 825 15804 24853
958 554 12684 31577
900 599 2998 14925
986 307 14509 21779
747 754 4208 28596
156 445 14189 21939
616 548 25148 26444
699 276 4155 23883
310 129 7354 15327
123 62 3806 17451
89 586 8308 9321
202 437 13014 26500
603 19 15413 20924
147 208 8266 28534
64 621 15767 17646
254 338 8730 25599
138 405 10641 24021
103 26 1704 18232
542 403 19637 29125
555 953 12838 23037
661 196 16041 20242
150 863 8095 20971
573 696 7222 27142
832 391 22597 30992
85 940 20758 23060
531 366 13633 25369
420 993 16233 22879
246 376 18437 23559
747 4 10803 24895
893 651 5918 25170
822 996 5408 12669
111 658 6389 17202
343 583 8526 14980
695 947 8497 9272
387 557 7771 13148
131 97 20777 27099
187 651 14215 29568
224 219 13815 20587
692 698 6713 13149
124 236 2635 16694
608 206 21032 30504
2 505 1278 31484
843 783 5029 27538
418 917 20716 28944
278 675 13192 29922
110 160 4699 31988
103 537 18212 30198
719 396 9052 14583
311 703 17416 30602
982 647 15308 20274
459 686 6223 14059
435 812 6924 9943
588 329 7231 15178
105 170 9589 32178
711 506 20466 32549
471 515 9454 16029
622 997 12334 25181
745 694 7954 8788
108 771 6495 28238
107 360 14431 14652
455 618 3646 4351
602 242 15139 17155
330 556 14911 15700
437 328 3210 14493
915 48 4532 14059
742 694 2166 17564
688 747 16800 26624
862 635 7284 8511
996 575 17832 30985
929 867 9759 10516
92 585 6779 15689
311 125 11930 27254
211 995 30046 31300
61 862 4280 12388
263 546 7638 27926
482 196 10754 24710
938 889 10806 19689
2 340 1149 16475
450 132 531 26486
6 973 2530 4360
209 493 408 31932
986 163 22068 27585
454 739 18950 19839
246 860 11991 22959
346 254 14788 25135
638 246 7614 10180
331 445 9978 28503
689 952 1310 8714
53 232 3043 10309
838 364 8113 16988
116 182 11128 31074
746 276 6139 10275
747 120 10205 12485
891 538 12806 23965
288 220 17479 23368
609 742 4930 24309
117 883 20487 22661
479 836 988 2038
265 411 9448 15220
887 155 5639 31674
61 846 18822 26385
899 998 16891 30639
336 369 15469 25155
93 623 11898 23056
171 798 2857 16327
320 776 1002 32204
917 946 1857 18489
884 576 3547 10243
905 544 10611 21971
110 244 19363 26212
187 484 4917 29170
245 707 4472 15638
142 313 11761 13524
310 449 6702 17403
945 523 8060 12328
497 685 22056 26302
822 5 14897 15852
282 955 3082 13088
945 445 17149 22884
481 402 11781 21168
191 443 9035 27695
483 255 8783 29003
452 558 10970 27505
31 689 12391 24289
516 775 4408 5459
953 715 3023 29622
643 740 13337 20919
762 21 18920 27014
869 726 5219 13341
182 122 28804 31734
935 452 612 11898
637 699 8467 19553
923 77 11362 16801
970 99 12846 14167
544 145 1095 13979
127 402 21567 32491
656 609 2222 21655
759 347 109 2762
353 819 12933 21064
475 357 11742 16893
604 583 365 2182
494 589 7010 12346
537 885 1238 2100
624 522 15060 27011
496 989 6132 23879
183 824 13263 13940
826 724 802 19559
17 134 11430 23111
582 718 5861 30438
996 496 8597 10916
204 862 16780 25642
686 886 1020 16236
726 280 560 3490
661 747 27291 29042
402 448 12410 30215
816 638 1688 29824
42 584 2219 23633
492 660 12851 14234
827 966 6598 27792
448 900 592 8827
145 811 10440 23473
17 674 5864 29726
826 717 3764 26737
967 773 1333 26520
94 502 4860 16377
310 593 11182 20249
846 299 3152 31755
198 734 18215 19913
946 894 8334 25106
852 999 12034 19099
233 13 13817 20717
343 43 8688 12942
316 8 12034 17444
323 568 20446 23993
627 647 10788 13072
465 459 14634 32541
783 522 8602 28701
309 176 10899 22448
991 958 625 28866
662 17 9296 24136
676 87 14821 32540
482 223 11147 23843
4 312 6477 29956
856 210 17152 18496
706 205 14994 22173
844 31 1344 21031
860 698 5187 7482
423 397 18759 22086
68 473 6951 21708
980 799 8060 19199
433 976 7890 24145
523 421 3835 21330
227 600 22326 24898
226 683 16051 17606
297 56 16283 20376
431 416 5014 6199
854 816 22158 25823
159 600 10484 24699
368 374 11703 13666
163 659 3348 23752
784 116 14606 24050
533 620 3670 23188
686 840 21806 23703
808 443 3562 29149
786 746 921 4936
837 531 30542 31914
355 386 26057 27611
87 324 20563 22025
747 376 1872 3306
624 162 24714 24990
569 305 10089 28475
217 372 7363 12072
78 345 2191 19756
910 326 16574 20426
473 108 19150 26469
79 112 14782 14978
108 915 4386 24177
200 229 17768 23614
956 157 13066 24629
402 237 18361 20720
108 676 17334 24506
352 19 12284 28051
891 388 21432 29310
771 855 359 1678
393 791 22225 27052
975 269 5242 23896
14 315 23010 31524
116 668 20237 30565
180 250 5984 27659
685 312 661 12007
240 986 977 9037
340 449 11980 16162
452 507 3664 26647
740 866 30591 32157
840 683 12382 12557
190 59 12788 23490
524 29 20938 32598
437 671 22668 25140
616 414 21499 29279
41 854 8311 27169
900 479 10123 12599
600 204 921 16987
456 614 6609 31754
536 704 16173 16310
838 188 17728 31421
750 927 7231 25482
739 864 8879 19115
907 398 2096 4660
978 643 1839 32718
201 995 22933 32054
585 138 2423 7760
842 197 15065 18322
441 655 8040 15369
314 743 20087 20626
794 512 19453 29074
280 242 17923 27585
621 383 10796 20060
969 88 5436 23765
104 808 2374 7001
341 265 5312 17405
118 502 5231 29312
592 617 17404 19188
124 214 18845 26316
50 376 6197 9457
461 763 1323 30634
944 393 19058 28610
591 856 13960 15181
577 932 2464 4266
811 321 15661 16568
361 876 9622 30807
769 579 10962 27780
185 89 8051 24967
522 831 6864 8321
172 423 14853 28577
781 195 2644 17027
940 286 18015 28962
699 616 3222 18221
708 448 611 28685
698 661 12514 27365
195 342 9036 30308
293 851 710 12455
783 755 11153 26438
874 255 22676 29313
64 551 8614 22317
811 875 12772 16918
801 93 5825 29736
806 430 6430 9743
138 853 15281 16392
189 303 23013 25269
681 563 10028 30986
463 150 8136 14904
660 783 7270 25161
645 803 16958 24507
584 403 22192 26393
149 908 563 22725
382 712 4609 24962
555 347 12741 21634
80 857 9940 11615
67 438 1894 14240
289 334 7182 9591
392 86 5837 25187
778 34 4206 10514
480 729 16245 24866
837 838 1412 8189
125 128 11037 27848
46 244 12680 22454
438 433 15187 23622
981 156 14014 23304
404 789 8280 19641
486 778 5717 28199
246 579 7166 32125
497 214 4173 32212
101 4 765 19942
651 395 634 28495
953 357 6402 16424
386 337 10688 28193
730 801 992 17705
285 492 4262 27786
55 524 3357 6646
898 962 4504 28731
379 785 2922 23879
277 584 9819 29158
451 420 25023 28518
696 726 584 20990
809 616 2884 9541
597 326 27826 27992
676 147 843 32644
118 497 22145 22150
245 493 3671 24681
622 914 6741 17603
932 45 1622 7848
877 537 17950 22855
545 20 18636 22071
160 569 19218 24167
876 712 22224 26447
319 835 5568 32366
453 602 8819 10251
925 321 4836 28120
556 872 22080 31714
747 356 586 10086
3 476 1316 25279
254 342 2400 18575
511 467 21617 28163
900 56 2506 2542
379 566 2256 12942
507 573 13295 23473
484 989 17516 27032
898 293 4680 26957
710 895 4967 9015
933 827 15339 22001
669 340 22341 31225
414 608 28252 29112
165 291 25570 29932
463 806 12750 17507
731 700 7152 18977
232 366 8099 21984
586 407 10506 26005
103 42 14336 18351
135 11 6958 26813
883 3 4036 30189
813 896 17576 19862
737 684 8355 22078
778 757 2834 29864
199 581 220 20241
248 123 1521 17769
212 138 597 1923
316 840 3929 15508
182 121 10941 15941
18 949 19155 25676
745 775 18457 25607
32 896 25929 29479
327 388 62 6915
238 603 8292 32729
482 26 12612 17796
621 171 12529 16834
724 370 3401 14636
173 2 21536 31424
56 176 5740 29169
829 533 20812 21591
918 994 28 16339
31 623 682 5645
219 756 28389 30217
313 260 12721 26621
471 63 1552 11370
829 287 10348 16518
709 117 27332 27461
433 836 505 29385
358 974 7799 24560
24 639 19213 19758
38 975 24608 27291
120 115 18400 29294
462 270 12742 26555
2 788 2423 17228
128 359 3399 10827
269 654 21656 22182
806 738 12499 15943
547 91 11219 11876
100 859 30658 32476
234 729 11072 31425
281 736 2290 14090
100 401 13194 28219
210 799 15143 27715
992 817 14960 19477
271 293 3982 29416
623 171 1750 27461
108 720 13505 23109
472 4 6001 28360
289 966 17500 32252
460 774 28795 30445
234 395 2432 28289
882 71 14538 25407
768 943 10653 22353
436 447 25515 26541
846 702 8942 28536
345 830 1607 22047
693 830 7269 30882
649 235 14312 15667
952 941 1279 20166
684 678 26862 28748
393 360 10436 25132
99 7 845 9744
106 245 8361 13955
61 541 9963 23307
709 570 2156 31756
92 865 2955 28355
501 827 7133 8524
301 352 2915 30756
786 49 10382 28766
187 156 19570 23336
65 157 15868 19917
989 459 3332 6999
170 185 23137 23227
443 654 10181 22188
24 511 14477 22030
333 715 4268 10164
668 344 31739 32600
669 108 21860 25629
602 846 16663 30100
192 350 10108 12680
915 578 19000 22825
288 347 823 23998
745 584 7917 23453
541 681 8272 19685
766 414 203 22985
439 833 18537 25110
750 785 3744 10149
662 664 11177 18873
96 719 12364 29549
603 369 9192 13665
897 166 4054 31635
380 305 7799 20737
657 27 20117 26762
859 513 14907 25546
11 508 19896 29516
551 136 4064 9988
177 407 7125 18111
826 358 1675 28755
327 976 13312 28581
234 162 12622 13128
459 16 2339 24642
681 246 5557 31183
507 688 10676 15270
476 878 1701 10325
935 274 7001 18696
327 940 20007 21245
891 336 718 31459
416 974 19180 32533
838 811 10299 31130
119 646 25004 28863
902 62 13616 21638
445 754 818 17380
689 784 4066 30127
634 186 2814 3211
525 165 16564 27462
164 212 5515 24477
2 446 28986 30630
551 11 17124 20295
866 428 362 27423
160 611 19977 29340
304 1 8305 23073
969 615 13016 16039
478 447 14591 24562
649 564 1867 3120
237 247 1993 5932
280 84 21423 32388
689 188 16903 25146
255 212 3261 10331
955 589 991 19447
718 733 15268 25297
773 231 1968 32600
732 934 21012 22615
145 680 496 31380
307 361 10252 17896
435 108 11270 29515
825 298 11197 27171
898 740 27364 32488
496 723 7850 18226
747 931 11111 25926
671 138 1237 4754
102 735 10326 27048
23 249 18821 20312
942 254 19224 22798
822 598 16042 28100
165 318 16632 17389
776 753 8259 18144
46 564 20348 22739
417 745 17138 19694
26 310 46 18340
52 910 25883 31042
436 521 26312 27243
199 752 13561 25909
101 948 3043 10670
261 975 16971 22383
401 674 10052 28956
154 537 13513 27772
455 828 11759 12417
411 951 15468 25979
844 173 9738 30428
299 384 10116 12559
361 620 9580 17106
47 685 5524 14207
545 478 14948 18668
155 747 1167 11384
164 313 14003 14230
810 428 17086 23595
247 306 9917 12017
163 103 2431 12174
