1000 3000
27 580 9278 28291
388 542 6344 26382
587 817 20142 32259
100 812 13334 16132
523 648 21061 31520
850 187 6825 7870
427 644 19986 23260
839 34 5494 16963
511 457 5104 19202
905 143 795 23305
869 804 29144 32731
399 993 14969 29787
296 619 27873 28709
265 256 3179 6305
903 225 728 27269
869 944 16809 23166
894 452 31280 31888
115 346 22778 32162
444 694 28956 31408
626 435 1038 16613
828 991 24513 29946
816 154 2344 9130
261 41 13926 28663
966 558 4011 8265
985 402 8650 22350
857 54 17772 28097
770 310 16378 24563
667 664 15158 27186
952 227 9339 31480
328 298 4422 5475
900 315 14309 19702
386 836 6973 29648
409 326 16198 23974
941 428 26489 28238
189 813 15868 19721
147 536 26075 29255
388 128 19676 29508
665 592 13950 18948
341 216 1373 19564
584 225 3319 16493
443 342 15149 30207
749 651 21033 26161
630 74 20827 28843
426 396 14604 17413
208 669 7019 13892
891 499 16489 32739
456 784 13666 14517
593 966 16833 21799
722 746 12806 27328
563 700 3205 24658
677 70 4493 24655
600 380 2493 17001
835 467 97 1712
573 508 3707 30078
237 930 6191 14981
341 90 14953 29985
229 11 27219 29785
469 807 2969 4500
497 417 3628 20814
268 343 13894 24330
583 545 14643 29187
553 362 9004 24138
331 279 4693 32314
332 118 7876 21621
835 481 1711 1823
523 227 15087 20575
916 442 2064 24513
767 5 24565 24715
882 568 3987 4477
333 62 8927 25557
436 790 21741 31662
502 593 22592 32165
533 603 8590 14220
519 240 11244 25914
340 42 11022 21695
169 40 7301 12576
749 608 8725 16759
762 167 5757 25383
438 832 26134 28079
826 620 12517 12953
899 306 12673 22018
519 920 9572 31557
530 824 13983 32195
586 677 6338 15341
624 376 12675 21529
120 262 10988 11593
274 485 29975 32233
482 559 22842 26300
933 621 8425 22285
557 824 2418 14931
670 268 16548 27098
794 639 14555 19636
762 224 14928 30688
655 651 1858 12566
304 396 57 7937
148 257 11212 31598
682 221 15017 26300
631 75 1777 5497
528 496 3816 4137
609 204 976 9316
77 682 16691 27395
190 733 7649 10778
703 389 4867 20064
9 659 9757 18206
851 954 10666 26901
550 278 4644 21092
223 34 3609 22771
582 908 7349 32729
295 379 9764 10364
446 628 2615 17113
73 465 27901 28014
753 892 3635 28600
33 539 6816 22613
553 604 1750 26427
765 50 6078 22431
770 80 10099 13083
801 662 571 2594
952 250 13055 29320
596 728 431 16787
267 949 5796 18067
402 872 5392 27622
154 475 13294 28420
280 657 919 14688
429 536 1587 27632
867 208 9869 18897
969 300 20015 31009
41 225 29752 30882
480 541 2600 7401
22 491 366 4676
599 571 3156 30921
249 535 13446 14402
855 883 13608 22038
581 876 8740 31597
732 973 24276 24964
136 109 4803 11613
521 637 5848 30864
775 801 13248 26202
873 134 1937 9968
272 75 13576 32440
311 522 28674 30156
918 928 1361 18840
208 483 5394 8577
121 708 3742 12136
788 301 5024 20109
731 157 3000 3941
696 889 4709 16042
836 541 7505 16767
799 340 23242 32505
743 268 6873 15484
404 374 1853 24754
427 989 15663 16972
649 780 14126 19489
548 244 21732 24776
828 126 1100 12906
783 375 23137 30853
589 18 3463 18823
737 674 2488 6155
761 911 13644 29969
304 328 22496 23952
746 419 29724 31395
232 233 10225 30917
693 853 1304 15438
535 118 12812 23272
922 27 5185 20829
769 863 19559 25789
759 382 10185 17411
422 974 11452 31768
686 49 20887 26324
911 858 1946 9105
522 174 3443 23964
709 493 2204 6479
774 328 13923 28416
762 430 11889 29176
614 634 16670 28943
38 119 3929 11070
580 295 7837 28073
603 799 2605 12751
748 143 1758 16068
737 626 23812 25012
624 441 4557 15489
523 372 1318 7515
742 3 11623 28167
992 58 6382 19132
277 36 2355 9482
443 145 7697 13319
843 147 2888 28614
403 749 1448 8868
458 605 19359 25775
747 564 7172 26202
598 619 8089 15848
315 496 4355 9209
129 409 13155 18143
150 856 5550 28354
711 56 8711 11069
914 807 22408 25616
458 389 17327 28581
483 820 18674 23034
607 864 7080 10926
89 80 25693 29472
687 645 12560 13108
101 531 10092 23174
528 767 9738 28713
527 848 3525 24518
385 616 22651 32468
899 60 2160 30383
929 682 22572 25519
48 27 7504 28366
81 161 4783 25989
488 947 9182 28083
741 735 6516 11864
691 327 19534 32456
127 135 23050 23078
515 149 11203 32290
764 738 5373 9990
49 496 17466 26516
333 701 2598 20442
695 519 11087 26347
999 904 9732 17913
899 341 7475 23540
916 281 3501 27704
739 55 8884 11130
744 23 27316 29191
532 824 12931 29947
276 264 23743 26844
153 304 1379 30076
686 12 14531 27638
74 161 692 12797
415 719 10990 17778
330 921 18956 25822
772 18 9268 10177
592 451 9619 25226
710 643 8038 28557
951 766 24526 31393
226 49 4950 6295
951 932 25199 28723
562 368 8572 22037
705 764 17490 25272
722 995 1130 19254
911 224 12233 16083
171 117 12322 29141
762 8 1937 20553
475 31 8993 12394
689 973 20108 29021
259 406 13779 20883
561 543 16751 26639
272 481 3987 13850
55 632 937 4160
467 527 8726 24708
912 542 21846 23740
97 535 3875 30304
497 941 771 32373
683 798 2688 9554
319 323 363 16330
999 29 15733 26262
713 106 23934 27512
605 968 23193 29233
81 522 24233 24923
187 857 23578 26538
775 740 3473 9902
210 770 7050 32056
686 343 1812 2571
54 982 10831 20059
925 415 6587 23800
634 561 6188 7243
71 505 9696 19138
114 620 4327 5975
971 73 4581 31560
487 338 10543 22777
21 716 6866 14683
791 709 12234 14769
83 270 13384 27078
802 682 15889 18305
264 926 19441 32490
750 168 1474 24351
189 357 11010 11825
668 773 7454 9942
35 498 26893 29760
296 66 6091 7330
2 256 25353 29937
861 34 488 8739
470 158 850 27214
167 406 24187 25891
420 879 6425 25639
871 140 23848 28908
97 80 557 5444
930 236 14150 30763
315 133 22138 32490
66 274 5656 30135
311 684 7316 29515
244 494 13426 29170
473 104 9253 21023
721 527 18423 24707
623 799 10991 23194
21 123 25379 25939
543 532 6867 17515
411 385 8072 12618
67 926 582 32325
759 616 4887 29709
44 831 1107 21725
578 509 10059 19402
453 862 19132 30664
401 192 5194 28962
324 726 24141 30763
622 607 9632 31074
604 644 11240 31402
598 747 9299 21370
949 573 25802 28201
537 222 12077 13993
546 422 3836 29271
638 395 7328 26531
882 698 15450 30630
932 438 18690 29006
441 543 2783 30213
778 119 16460 25091
892 713 16755 26378
200 827 1956 18696
912 966 17700 18368
803 11 7703 23766
99 233 6145 28872
541 932 5464 26962
913 735 17741 24869
891 989 4507 14080
160 44 3168 10847
901 972 19641 20175
517 927 20152 31089
937 41 6859 7308
205 594 733 31459
689 865 10378 14201
781 435 8284 9679
960 405 22824 27512
163 998 6938 22414
481 632 3699 14310
378 377 3192 8602
352 45 13191 27627
322 918 4054 17409
47 110 9672 17537
389 804 12427 30324
51 902 13499 21395
195 646 29185 30504
516 504 6198 20698
167 259 1106 19771
96 837 14621 30739
384 980 27036 31329
97 491 20259 29257
433 873 1533 8673
194 577 16325 24017
905 237 24082 24862
550 75 3062 10149
139 693 27684 29033
417 492 11638 21769
751 197 3350 4621
981 159 20227 21081
32 83 20058 29023
926 13 165 9667
60 890 16737 28751
398 626 11216 16924
991 155 17369 19639
257 463 12928 24136
185 224 15754 26651
87 757 20513 30354
998 131 8354 25750
281 451 21133 31317
77 220 9692 14381
208 501 12435 18635
738 237 22169 24212
123 847 67 29638
981 56 2260 27709
732 715 5884 24226
987 863 9676 14001
81 399 29148 29903
252 234 4834 15019
548 300 6271 17952
508 821 2935 28992
924 977 12431 21033
354 615 5001 27712
754 910 24589 25859
67 757 19982 28378
988 441 13682 20008
728 364 20104 27403
678 732 14387 20204
379 394 8277 10571
276 660 4354 20800
887 734 11264 29242
441 204 19739 25440
589 483 20165 26149
83 993 3165 10432
512 241 395 9473
429 419 1071 22050
978 276 27351 27519
28 922 328 3793
780 611 14036 18946
474 679 3094 32568
218 778 19162 24601
910 382 4798 20965
692 561 13694 15209
97 667 10984 27834
238 619 22245 24167
882 698 12323 12680
473 744 14679 30390
996 397 5956 27062
624 675 11507 12414
171 226 24139 30036
132 156 8231 11502
675 995 24678 30237
641 407 2228 18491
777 676 5611 28288
23 227 6599 29319
543 872 6143 31983
97 109 4408 20894
500 516 8590 31216
777 922 19280 31798
778 675 14497 19910
210 688 28066 32271
806 992 5934 26265
261 526 24346 28399
884 63 17214 24413
932 311 20595 22814
456 533 14000 30467
578 587 5311 12265
254 122 3629 24715
49 646 18914 22048
763 766 2934 8121
563 400 13464 20759
409 146 26777 29910
274 115 5994 24745
527 699 6099 15320
872 712 11837 21168
879 42 197 11814
575 530 11406 13251
599 31 371 16544
617 208 2952 4135
977 49 1956 18744
274 416 1509 26342
666 959 4911 7081
465 455 7569 29491
54 514 18614 30137
443 650 8450 22029
194 569 4081 16372
192 912 21063 32307
369 844 27204 30222
932 477 5039 27258
448 169 21964 25309
783 809 9241 15493
410 906 8075 19752
462 687 12167 22307
125 845 4952 9914
63 767 20382 27872
531 355 5349 12891
25 628 13329 18061
914 170 5385 11654
258 599 14559 31754
508 266 10213 14658
910 154 4859 30362
895 843 6099 9785
855 397 24788 28505
870 622 17108 22082
872 796 3154 31816
798 248 7709 22491
936 711 5224 5552
299 323 7951 31788
917 857 10031 11022
169 924 954 28039
735 26 25234 29029
186 365 16833 32644
409 741 1447 8420
694 444 7548 14042
339 171 4016 9448
967 323 10577 18703
155 742 9256 26347
305 966 6277 10399
647 174 13003 13696
976 289 9682 23914
44 287 1908 9072
730 943 6917 7188
835 65 3253 5159
320 427 5907 32499
838 815 5520 8441
361 67 8513 20962
383 961 15941 18260
663 312 8789 22550
802 859 18845 31349
120 216 486 19914
638 779 13157 24556
399 780 8543 27708
264 918 14061 30752
784 234 12569 29590
744 875 5832 25993
136 803 2062 4661
482 247 11123 19732
314 110 14020 28871
438 832 11880 23040
635 740 20854 26396
505 258 17383 25383
719 226 19313 32709
145 933 6134 23791
137 579 22169 22427
197 540 15157 27516
920 763 1843 6377
538 575 10284 11367
156 116 8935 11121
943 571 11479 31783
5 253 18995 27126
243 285 10640 17970
644 438 5289 17667
369 658 7813 26238
472 222 7067 22325
19 426 17462 24586
19 165 26839 30087
44 960 9045 29688
642 970 6739 27304
772 916 24693 25829
561 398 13711 25230
736 890 962 7721
436 518 17955 27381
272 400 31718 32760
207 662 4229 16272
47 131 281 11090
327 785 15617 32277
550 339 14692 27832
950 153 22150 26224
274 354 3311 22250
739 133 4252 13257
1 345 18138 28934
400 758 2964 22361
505 619 6572 24857
147 18 16939 27077
169 736 16422 23122
341 153 6263 23345
877 468 14736 20397
934 762 5076 23122
687 941 6492 29527
903 127 14812 29817
512 24 4864 22991
422 741 9983 24055
531 53 11869 21635
885 757 201 16089
379 14 2787 7590
804 317 7742 10638
888 468 16050 18456
787 120 12932 28473
15 779 23172 27252
632 938 2189 17162
318 137 10818 28030
967 309 6289 25540
996 378 19583 25515
757 926 19517 30345
246 270 3012 32462
212 841 13281 20661
963 682 16157 24209
650 345 24367 32278
594 595 8287 18733
362 905 7413 16442
718 7 12463 13795
201 398 16730 26410
641 292 2308 19320
338 74 13206 17081
622 366 27813 31934
347 914 12470 16058
893 941 3338 21416
310 785 3869 24197
851 180 12984 14200
401 291 8410 31133
568 308 3712 27258
718 51 12296 15952
335 759 8149 21169
452 509 231 3744
833 750 6145 9634
444 941 13362 23788
242 11 13030 32398
620 846 5853 31537
531 695 28383 30107
599 756 6154 9240
222 926 1692 21740
691 515 11529 30193
109 662 528 5821
626 45 5468 28086
820 979 3542 31993
978 519 26164 31366
882 894 202 23202
158 85 11245 23343
716 225 17373 23291
418 994 9830 16596
194 917 10880 14371
346 521 22316 32706
520 628 12784 27329
596 751 3329 8936
982 175 7912 23384
729 918 9622 10529
328 385 15966 20617
681 459 29252 32626
871 355 11767 13723
556 705 1165 29590
358 334 3291 22701
217 660 7234 25804
38 948 3461 10210
115 887 717 26517
578 199 9532 12520
222 175 1523 10732
236 880 3822 11549
367 453 12604 30948
198 305 4160 11142
49 120 13706 30732
266 379 23281 32351
505 1000 6515 28697
835 290 10818 19644
715 316 27774 31398
697 996 6116 19612
587 534 4709 30192
377 349 7188 12742
229 145 236 26120
499 542 355 2312
557 554 18298 27694
10 649 3382 16050
224 580 3899 9658
439 807 13593 30789
184 698 11610 22745
846 875 14111 27414
52 273 14596 32146
576 804 4772 12933
86 755 4592 13876
791 334 4234 30406
43 38 111 3667
957 713 4927 11225
591 146 11364 17094
334 817 14807 23919
742 487 12326 19909
649 133 27005 29821
836 565 11550 20818
947 464 16135 29855
630 817 19950 29710
827 483 616 6067
631 295 6367 19913
647 784 8114 17355
756 987 7889 22420
182 560 8344 24755
248 854 1201 24908
325 295 15334 30581
832 191 30259 32223
170 947 8121 30496
824 775 1102 25553
371 377 8783 29437
637 884 5050 7609
184 255 20095 25873
921 248 2754 23417
13 379 21570 27804
498 415 12074 29515
881 306 27180 31637
387 668 21702 29240
170 866 18379 19285
697 812 7435 31612
742 681 25438 28122
151 49 6599 9425
715 868 9539 18780
99 729 11575 30046
705 825 11647 25028
927 37 5064 6894
482 53 10349 29438
640 618 3305 24612
721 134 4449 32080
163 315 4772 29665
912 746 10971 31796
803 517 12621 28819
160 830 450 29198
516 394 17555 24099
829 336 19262 31070
331 526 20219 31102
64 510 30947 32650
339 13 3490 8146
627 829 3176 8245
706 451 2230 7442
80 787 8251 11165
618 698 2676 29691
507 485 13234 18801
865 584 15602 24391
491 306 30636 31536
762 863 14087 17356
965 301 1451 5135
601 883 5304 30468
608 455 13330 29623
698 895 5601 24430
426 794 15533 20164
195 217 15441 30061
570 80 16260 31465
205 265 16118 20251
572 874 11914 12875
439 845 16017 19100
433 962 9913 18780
75 608 16786 20790
740 929 17051 19290
272 599 1302 9569
110 993 3421 22067
838 603 10792 13433
410 165 6765 12785
869 890 13226 30688
554 963 5450 20449
766 981 4784 10138
912 153 31970 32317
208 355 4629 28095
766 269 5504 17717
292 709 2941 12404
215 316 10308 22146
698 712 27418 27945
283 788 2921 5139
250 534 21091 21729
255 794 4149 4395
507 325 1683 31922
274 733 11061 14617
360 631 24136 28457
802 72 13711 15597
430 296 9318 10339
709 524 5052 31676
399 75 3538 24404
88 780 10526 32265
674 566 4280 19843
611 807 944 6424
760 865 17388 20133
299 778 7059 24157
497 3 10910 29677
230 627 10476 21665
781 93 5670 24891
811 103 6275 29282
300 812 8875 28539
600 981 13554 17315
911 891 1448 23834
378 376 19380 29663
492 479 19747 28118
865 153 3554 31819
661 754 134 2270
368 123 1129 7840
745 553 1504 29333
377 341 7065 10378
386 638 4528 23492
255 876 19547 31097
702 54 27210 32058
331 222 21317 23170
694 515 6276 9755
16 496 14980 25471
994 723 18426 31389
87 41 12859 29098
459 248 4743 10126
459 581 796 25608
111 734 1393 15402
966 787 3219 11321
1000 209 9229 26230
322 246 1948 31400
494 940 275 30956
953 368 12849 25112
561 314 2619 7645
598 234 26301 28468
863 49 7997 8050
185 398 24087 30099
92 418 23427 23805
631 230 3193 8642
85 339 4209 28585
47 370 8093 18978
588 413 14118 14276
286 805 16903 23207
31 670 20409 23670
876 672 7695 24773
713 712 29093 31327
133 366 6774 15842
840 199 9469 26973
682 766 9217 11447
597 31 8592 31852
221 165 13250 27142
615 557 2791 9380
544 361 10475 27085
231 569 20380 20708
30 711 10860 25760
685 90 4895 8976
248 38 4247 15628
803 946 14076 26051
410 18 11958 25852
541 814 8719 9253
4 514 4247 12080
247 223 1750 8848
602 82 6987 7548
319 955 10495 14345
684 33 3206 12394
886 77 13318 30365
406 364 5935 31146
203 296 19232 31353
80 9 7731 28732
752 584 22139 23464
439 197 15036 22843
291 258 23109 30224
771 199 2102 19162
687 95 3703 20640
304 571 12136 20551
384 541 3436 19902
677 560 27832 29289
666 782 3613 12301
911 74 23142 23720
619 911 13135 27192
535 816 8845 31205
204 354 5082 5553
48 607 16054 25581
797 68 9255 26674
778 14 10572 16643
374 696 4098 6375
234 96 16522 20466
246 506 2539 12321
79 461 32299 32603
440 189 26484 27132
822 736 10697 27229
616 614 2690 11281
607 746 4551 11935
419 350 21106 21341
630 942 29096 29959
277 923 5960 22543
355 844 2656 10333
480 616 8935 21326
427 591 18725 32130
644 593 247 3666
773 734 2394 16511
505 288 24503 24727
405 430 10062 12491
278 651 7925 16353
324 742 24764 28619
182 171 11059 25623
670 866 16064 17877
678 174 19376 22588
123 89 18980 31985
800 966 1470 22040
406 903 4795 18542
979 232 10121 23152
489 531 7222 10012
489 302 10111 17569
439 90 7991 20781
912 437 26393 29394
817 915 1446 19174
633 592 19450 26588
562 73 64 15888
268 355 14640 28928
435 116 9464 10904
114 673 756 12594
935 928 7279 26641
697 215 11311 17032
631 988 549 21640
27 54 114 23372
576 252 13858 29148
264 693 7663 25342
56 839 17417 19880
623 164 27834 31251
365 570 1836 3118
81 554 11464 19192
814 380 20088 21361
399 992 2736 13391
232 48 17704 20857
943 900 12419 22298
794 38 6959 25332
586 871 908 22520
553 810 4115 14160
577 648 554 24650
229 763 8969 12197
628 191 15544 25680
322 973 4636 20112
49 546 2989 3077
633 415 25700 31988
195 107 17892 31702
100 38 1860 7109
88 743 6823 22941
517 873 26617 31093
522 721 13014 27251
487 531 21956 24264
182 949 10172 15070
867 44 12031 12481
337 630 19813 21373
149 480 9965 22994
678 233 22071 29803
629 46 19177 21424
817 799 13154 29649
678 130 7400 31690
639 111 3826 25302
106 524 11629 18524
828 649 7701 14933
924 191 11571 26048
412 724 10202 13089
61 218 14878 30848
410 162 8400 26982
856 242 9022 18514
180 551 17852 24813
269 823 10638 20055
180 893 16637 24261
426 58 11838 13783
441 578 5518 23860
621 390 8551 31878
892 456 7931 19141
595 940 3273 22218
723 164 20727 27065
285 276 1125 3615
66 464 10661 23734
734 571 10463 11703
453 834 4543 9637
198 160 16050 31302
551 547 6011 10695
945 358 7193 29460
350 368 6389 9814
697 981 983 17982
853 756 8976 20629
704 281 13125 29088
456 980 20367 22212
687 193 15300 30824
68 817 27830 30584
106 234 22524 31953
68 26 15442 24983
825 169 3723 27774
837 72 250 9748
40 108 5858 19089
227 488 17267 20874
64 522 8841 30065
817 28 3544 28697
517 902 1691 27721
118 450 565 5576
301 672 23539 32219
706 699 2460 11883
223 268 835 29548
933 46 15195 30074
850 242 21909 28478
873 691 7031 30343
161 228 13507 19230
131 936 19375 31557
534 618 12575 16823
149 375 483 5151
508 345 13831 28930
903 22 7627 24957
412 280 3227 26251
465 302 14297 17386
641 746 2609 24579
899 460 16076 23925
11 736 5302 5594
710 51 15275 19650
536 756 11126 24955
928 304 9529 14480
358 934 20759 25165
523 37 6470 21865
330 986 6493 24305
446 750 26945 30736
301 584 4449 11276
163 127 20304 24423
418 979 19600 20040
960 156 1518 31703
145 795 29297 31627
134 288 2568 27692
614 915 25357 26001
653 447 20796 26202
211 91 2581 13768
446 755 8828 24023
882 95 8717 31008
647 130 2575 28319
4 822 11472 13966
83 895 3420 26726
260 725 5515 15370
167 709 15245 23793
933 481 2492 5266
190 767 24733 27666
664 784 20389 24764
566 691 3355 6873
247 41 21810 22217
313 682 545 9895
277 48 5254 19740
493 841 4702 17183
131 811 17512 22730
652 443 21483 26447
581 791 23395 31104
452 285 6969 12748
730 75 863 13539
464 457 19220 22434
520 275 3114 4874
365 900 980 5162
86 271 24561 30984
86 47 862 18441
760 458 8793 14539
737 578 1170 30913
622 612 8990 11653
872 404 24328 28661
389 937 10784 24222
913 388 537 24411
853 351 1494 16443
910 292 24895 29541
873 195 29628 31190
14 680 18688 23886
634 940 8535 29752
266 763 11642 17298
61 855 8208 21662
961 563 17237 18426
800 369 22574 22718
932 872 11917 22485
137 545 13218 23294
338 153 4049 32148
23 715 2678 29952
69 919 2098 7201
790 454 9121 28115
259 55 1359 16815
376 15 16040 32594
191 164 28669 30738
311 811 1891 4440
925 539 396 20092
891 354 4393 19870
401 6 5150 18469
146 758 28284 30469
257 786 15184 25249
267 272 9274 17776
119 529 8768 14046
771 203 3475 12482
920 600 6728 18784
353 943 25209 31096
775 609 4781 20895
9 623 4348 15945
26 355 12896 16186
780 492 4687 30237
844 5 18007 19109
133 224 6775 28518
394 775 7295 31029
830 867 7630 22937
934 761 8417 16123
266 738 12415 21679
407 577 3680 27910
992 90 7949 10147
423 154 9617 31113
94 746 1784 22220
115 255 4711 31030
828 807 7782 27440
14 708 23530 28282
885 853 7768 30550
95 486 22364 30058
65 852 14706 28533
839 678 8115 19254
661 937 13658 16159
244 146 19784 30088
394 345 4071 13065
80 684 1638 28912
914 89 28647 30541
482 25 6581 13686
166 857 837 2107
4 35 17382 28659
387 101 25476 31977
171 303 12908 24150
120 362 17510 26495
123 368 16645 20762
178 399 3082 11303
657 194 22517 27663
312 785 12444 29264
758 128 11271 25938
367 70 17358 18496
683 30 15130 26566
911 107 2388 7056
367 352 12689 27809
580 797 429 7526
634 369 547 17055
62 916 11073 20569
638 76 6942 22459
545 812 1576 13222
257 79 2560 29849
982 123 772 25434
893 283 2941 27520
264 901 4265 31140
360 678 2886 14222
288 363 15145 16082
108 449 16499 24407
337 591 2740 31081
303 186 50 301
325 553 9634 23327
12 955 7173 13290
526 158 17889 31339
936 465 10499 24231
870 300 9352 13814
254 798 17187 29816
312 807 9375 14539
388 768 4909 19829
780 143 24371 32076
428 375 20521 25681
367 384 25119 32100
164 986 14631 31630
537 504 21054 24405
934 355 5990 6742
277 388 12054 24848
776 759 13055 30418
964 700 23176 24447
77 767 10634 24196
939 922 25655 31273
539 18 20002 30018
96 119 3480 24082
627 104 1130 22836
121 631 6929 9134
428 472 2152 14836
805 168 1916 10830
752 107 4418 29912
632 486 5259 30407
949 15 4635 29453
595 50 5991 13773
741 941 7227 18037
42 430 3973 21538
463 508 11899 14649
5 251 5992 7375
476 747 4962 11948
152 387 5315 30728
747 650 12341 29498
931 871 6967 22377
149 514 4754 11728
250 979 24083 29498
161 609 3723 8381
654 789 14122 21141
202 96 4362 5713
514 1 25828 31831
444 580 9129 31747
775 688 9240 11335
882 920 7875 12131
569 836 248 12586
35 808 8615 25826
543 686 23452 30517
808 704 9892 21196
815 768 4896 19441
248 603 6541 14783
647 203 14904 30889
365 701 4501 10707
829 627 16655 18311
988 282 4881 8149
849 214 407 1606
568 876 25084 29121
925 33 691 12810
760 577 3857 24753
76 722 7007 9013
788 386 4752 32012
712 342 1385 10670
620 190 1906 19037
522 709 31323 32505
986 829 2218 8457
262 666 5618 21182
811 965 602 31777
437 380 5782 22868
434 416 16890 26678
137 271 24118 31200
924 907 25134 30342
292 339 7170 13219
957 529 5544 12570
322 140 26229 29412
393 54 11094 13715
114 609 16754 23008
580 285 21532 28280
409 69 7709 28648
123 27 1901 3481
503 337 485 2395
73 394 22273 30551
144 759 5155 10502
891 974 8601 12002
572 745 5746 22219
900 331 4414 22267
839 456 15754 30152
601 821 3294 8022
737 69 2283 31659
622 54 7401 7933
80 428 15395 26219
688 676 9778 14447
817 651 3133 24029
992 712 11495 21928
283 984 2185 31204
903 81 1437 5650
428 737 11163 16507
284 359 3832 21478
794 881 29837 31597
24 488 5225 24675
708 561 7548 20701
387 966 4513 16227
446 341 11200 25094
36 743 7112 7454
552 67 21971 29790
436 603 28674 32427
727 456 6356 19209
371 490 23429 30950
338 538 18646 26005
74 148 8599 18802
38 975 4586 11748
168 495 3240 9377
627 925 15098 17500
150 532 411 24875
630 15 17256 20798
130 978 6175 32464
653 479 4340 9675
207 226 5476 10924
853 238 11227 12057
395 473 8581 26821
487 5 8120 9276
656 641 10999 28576
335 328 7381 21489
92 928 5520 6199
140 342 28488 31869
97 151 8637 30154
995 10 12839 18305
974 261 15611 25691
44 69 19639 23496
884 338 8798 10033
219 226 18293 30518
514 300 5974 19214
63 224 5658 29652
753 861 11973 25112
111 75 134 3542
160 195 21587 22412
216 244 1734 3740
921 551 12826 18694
432 604 11776 28359
42 502 24210 30626
303 517 14646 27763
878 971 4294 4799
625 978 27886 30351
298 291 18047 28885
5 721 5375 13842
784 352 14450 23112
209 960 13427 19735
327 927 9060 24390
747 446 4655 6456
568 313 12294 28391
577 397 19783 20022
730 782 12232 31069
722 526 6079 19003
952 565 9247 10157
859 389 15904 32067
870 413 203 14440
596 601 7670 16800
383 935 2254 8630
16 77 1143 11347
962 346 17014 31821
224 282 3147 15937
65 230 1556 13234
704 819 13686 15180
641 481 12593 29201
592 639 10866 13367
812 102 6743 11110
69 131 13945 16222
890 648 8056 28197
142 677 23771 28767
155 67 23082 28143
143 474 18463 22521
303 172 1660 15304
329 49 18117 22089
734 756 3056 15382
640 197 13838 24324
408 33 3102 30469
724 767 9379 26063
255 549 3462 11438
353 482 10176 30739
376 204 3669 24917
407 918 8978 17443
494 594 28074 29478
714 821 17419 19680
38 363 2473 23325
994 672 3518 27878
20 58 1127 10016
124 267 2564 5218
917 979 8962 14819
504 933 6825 18149
362 761 7389 31404
818 842 8446 8916
228 648 26600 26637
753 113 5209 23016
570 731 4358 32381
723 318 10384 31150
837 648 14325 23408
614 312 1032 1154
540 847 6533 12831
792 164 2191 22442
656 647 15508 32141
648 104 9499 26781
186 153 13697 31767
795 257 16655 18623
744 346 9538 20310
736 174 65 12375
156 429 22314 23908
21 826 13864 14949
628 799 12420 16437
104 334 10445 12461
307 586 4823 8797
998 5 5415 30301
174 355 2722 12110
487 935 13657 20688
496 764 28866 28918
199 934 23831 31273
911 298 294 6151
623 716 11190 32319
373 584 15184 23160
299 83 19279 27264
128 706 4824 25093
490 610 7316 28952
546 859 19114 28649
569 423 3970 16190
434 15 12588 32706
487 600 3807 8380
681 73 20880 21814
978 377 2755 25694
461 879 13730 22828
681 49 20044 21829
754 865 2848 29551
216 829 9063 17945
820 38 4512 31691
56 332 7180 22224
222 735 6863 30924
860 304 12882 17304
798 338 3302 15437
844 931 9375 22442
654 224 1710 15981
702 984 9304 28053
853 439 11277 12295
464 694 1072 20471
220 465 1365 23141
848 649 26278 31219
850 995 19504 29005
772 537 16909 25142
88 55 15068 17099
738 624 12506 22944
781 434 14874 26689
697 696 7079 28741
756 607 28755 30270
854 795 18838 21512
865 442 23978 32624
568 441 12855 19896
447 158 5106 23474
508 13 2997 25055
477 295 23444 25113
747 16 1213 9695
141 953 25762 30445
407 653 11611 17935
411 23 13368 15685
649 124 6640 12750
660 853 4664 10313
45 16 19377 25084
276 438 9266 16201
684 632 12157 26920
79 46 6731 12251
273 809 14778 18098
57 762 3246 3942
742 594 16127 23840
510 603 3001 18933
924 95 14751 23446
979 264 17551 23719
894 119 18732 19790
738 113 8086 30256
839 606 1599 13526
298 204 26453 28410
119 460 8789 15150
13 163 11561 25459
34 547 19567 31275
240 619 4344 19285
536 885 1938 13559
447 591 4086 27112
494 756 4421 24719
23 267 1349 27737
596 928 22550 31811
577 658 6904 30658
37 501 533 14905
950 568 1199 19842
83 402 855 30699
461 369 14482 20812
944 803 1700 17524
814 392 15799 22972
838 39 17415 22794
307 505 6827 16589
215 147 648 17976
922 160 195 6031
854 278 16881 22820
733 319 1700 10899
740 891 3446 14303
953 468 19063 32452
748 666 986 10306
466 32 2317 14650
88 815 2177 3552
366 121 2149 5049
177 417 4819 10657
373 761 15136 30776
675 228 22790 24048
648 61 8622 16058
78 512 4796 15149
879 249 18358 19021
402 513 10952 14164
789 947 9691 24554
960 518 4190 4230
320 867 2387 30389
931 150 23028 27496
327 132 11111 30660
701 29 7679 15822
884 844 1394 14772
947 77 8681 15282
127 943 11351 31795
719 809 17922 29249
571 706 28830 32480
764 659 14565 31602
144 584 8603 21798
805 160 21821 26438
464 272 8198 19111
214 759 10115 23817
763 37 10539 28419
248 197 16479 20462
587 605 1973 7195
298 443 845 5997
519 682 11954 29182
395 102 3973 19803
236 108 12431 22263
961 470 3908 9627
344 101 11323 24935
741 368 15404 28874
310 692 24474 31827
276 460 26025 31951
813 235 18964 23505
32 207 6212 13452
168 569 407 7947
685 146 2045 23687
479 417 11020 11977
356 570 3268 7528
268 272 13773 14584
716 622 7807 28416
504 227 20264 21545
476 316 1035 12348
652 975 4517 18253
386 517 1717 6836
288 135 10105 15935
454 772 1059 14268
647 521 8465 10808
832 939 4965 8794
960 513 20621 32088
222 829 4731 16568
663 589 4930 22564
567 29 17523 19725
82 351 19459 26166
203 269 1762 10014
749 254 11712 19112
881 136 5737 30400
671 894 30732 31366
576 402 3891 29265
530 315 15864 27892
165 226 30273 31862
527 266 10956 11647
971 847 11149 14578
464 696 8698 29465
550 967 1651 22328
939 273 12187 18090
504 945 12512 32331
470 466 14662 18738
925 605 1499 5415
637 255 7193 27842
398 311 7179 16190
798 479 3820 18764
337 744 8909 26219
494 963 340 21659
15 933 2156 23467
817 226 11832 18109
557 990 31275 32289
549 335 13627 22432
323 263 12 9798
415 874 18090 18976
704 267 11396 23865
646 683 13625 28999
853 324 18235 30974
27 186 1395 6115
277 692 7729 29272
519 162 19183 31308
628 559 13667 15397
797 561 11997 30426
317 126 13765 15207
596 794 17619 20502
497 638 1251 30365
142 347 19275 25407
503 816 16051 17139
923 567 20660 23094
159 78 3404 29584
79 93 12292 26091
646 940 2685 24311
663 63 2161 23977
397 884 26961 31883
856 116 4953 24617
921 489 5190 27983
257 255 474 19709
269 261 1647 10701
516 430 14000 16818
363 579 18638 27576
753 899 5566 24899
39 862 11554 14875
986 774 2163 18106
493 864 7192 16942
136 337 7885 15144
509 500 8433 21162
181 707 871 30874
414 476 4846 6499
424 350 22374 25898
112 395 4633 28027
164 9 20457 27795
377 348 2678 29489
761 566 3589 32556
473 50 23082 31933
338 933 9483 17072
173 550 4931 12163
821 407 4306 13029
576 564 23613 27283
678 916 6383 13678
469 374 10906 13073
756 102 20901 28633
255 583 15163 17109
299 291 17773 21780
362 745 16477 16758
976 399 18428 26985
359 9 10571 17303
704 232 12754 32241
707 933 18266 19685
329 744 11709 14861
384 405 20082 22164
31 302 15400 20250
827 799 8965 26726
41 829 22008 27794
660 89 17804 29741
233 332 13212 28671
226 506 3292 17017
272 468 10759 24318
660 769 848 7274
855 198 20388 31050
993 470 10999 28292
519 378 2487 16992
649 260 3593 32572
683 1 10115 23892
665 365 2304 19421
568 355 24880 25839
155 726 23279 32556
212 82 10825 20524
251 774 15777 16468
36 62 5183 9916
996 931 9523 14917
516 198 1411 16612
401 269 1743 31734
19 661 25840 29464
140 113 4955 17599
196 234 1097 23168
963 520 15909 25764
102 607 17298 20629
342 302 16817 32397
853 220 14000 15498
82 307 24220 28771
311 281 7856 28930
393 261 1658 12075
183 271 21167 31272
527 4 5749 29553
814 848 13080 16753
598 132 24461 30718
469 306 12131 32477
556 54 6187 12111
717 288 23510 31284
960 288 12854 29817
511 521 19025 26944
776 617 9024 10748
156 23 11995 25145
646 670 28367 30335
422 337 20549 25124
942 111 7268 30147
164 90 19916 24118
322 106 14453 16048
562 183 16717 22681
582 935 1178 6689
999 317 600 13405
404 955 21373 28151
726 601 23850 30076
330 870 29894 30767
702 806 2552 8337
999 884 11224 24353
378 98 16164 24483
785 864 1484 17032
265 481 22898 28908
226 284 26017 30288
678 257 13812 17394
78 978 20833 23668
193 428 2500 30924
246 46 4129 19962
349 282 8007 23003
729 329 12261 31761
64 980 1456 17230
734 976 19313 28994
998 642 20235 23567
515 107 7707 9371
926 589 10903 21103
57 807 11036 22877
755 622 6270 24428
261 517 17470 32596
93 149 3226 15083
288 144 13929 19778
526 963 89 215
472 722 13836 31612
773 329 11736 19715
158 176 15689 27837
462 646 14355 18938
198 634 8726 32513
168 965 10169 19243
986 924 26909 32683
685 605 1985 10074
287 543 16688 22284
494 95 14577 15375
14 648 8233 29318
453 595 2338 3417
92 912 4257 24020
456 580 17556 19319
195 939 2708 12646
21 55 1071 31642
494 313 109 11348
201 976 10011 21833
361 512 11485 28041
135 509 4147 15344
767 376 28342 32487
783 785 1204 30517
250 374 11084 14821
964 514 23456 31370
671 801 22700 25691
893 699 18863 28744
135 80 16981 29381
197 675 1487 19497
15 306 10381 20465
787 12 15775 28111
456 668 26328 32134
67 285 21307 23028
592 567 21206 23593
387 401 4948 23382
311 687 29125 31990
519 950 6251 22141
899 237 9795 23238
533 334 12971 30943
157 54 26641 26975
234 849 15646 23208
74 658 7121 25799
923 857 10129 19419
834 925 6857 20594
797 133 8902 24351
684 34 9918 27246
901 231 11571 29692
665 251 9984 13657
720 790 16699 32678
132 682 1159 17212
93 252 23359 24047
616 179 6322 19925
614 897 16177 17067
906 280 3304 15858
427 590 8316 10445
795 308 4011 15706
207 867 7003 20501
288 504 478 12432
73 410 1770 16885
609 857 15395 30830
443 858 13382 18808
837 352 2137 24487
231 708 9193 21731
332 224 331 540
421 17 4339 24943
564 12 11456 22988
462 330 4907 12357
733 622 16783 32697
341 735 16013 24046
485 649 18917 28843
88 217 17628 22474
333 96 9493 21083
747 279 22726 28641
721 349 16916 24567
445 117 7350 17689
876 699 9889 27131
482 888 20085 20111
361 596 4592 6793
591 228 18856 28704
820 740 18542 28830
921 870 1816 29208
255 220 8898 22553
558 50 30118 32584
965 32 2972 13027
930 390 2259 19830
947 409 17531 31537
988 957 12823 15114
321 763 8287 20432
567 878 19324 23408
166 584 19259 21425
993 50 7487 18558
897 124 6789 25688
103 881 17889 29015
761 23 12150 24227
647 261 8568 18985
102 566 2614 21138
660 334 17781 18263
189 426 13923 32203
758 444 1700 11910
304 503 18321 22041
535 944 4674 13442
988 702 9193 9669
288 940 9850 23486
929 804 10745 11467
66 606 7252 24939
798 985 2716 28151
285 433 1410 30374
322 954 6158 26310
652 572 11901 30045
156 736 18728 29493
982 129 10137 28222
308 390 6066 13925
695 7 28614 29935
199 294 5405 11499
357 929 27942 32382
823 285 16455 24069
924 629 3866 30290
688 362 20335 30886
458 677 13916 27921
477 28 24424 27463
420 489 8112 9454
873 177 2086 30298
575 411 3842 15758
414 863 12420 24445
783 386 23714 24008
818 455 1863 24447
28 767 6220 10143
412 213 292 27481
928 643 6476 7968
268 177 13296 32760
499 536 14453 18279
976 545 10596 22142
479 523 13863 29596
976 301 15380 28237
892 296 18159 20816
363 161 28909 31363
797 238 10694 18758
567 167 9909 22908
201 903 7735 24639
821 442 16594 28945
611 361 25744 28118
867 284 21012 27329
834 496 397 28624
544 185 173 5835
417 377 5445 10794
228 274 946 5530
944 449 2441 20424
837 227 12467 20796
202 92 22335 29702
163 45 26564 30800
61 310 13244 29812
677 317 2495 20166
373 877 16085 16818
673 883 22843 29678
114 53 1250 13431
576 596 3337 22256
93 851 6791 10441
807 248 7228 20942
599 18 18247 27237
448 612 17825 26855
65 426 14926 30451
63 401 5233 27973
141 700 8118 16332
629 500 11904 13681
244 415 1178 31964
713 44 25363 30104
358 846 6954 32660
818 687 2108 10549
549 351 8989 16754
598 797 16034 30276
650 549 1773 7630
326 915 13224 29214
271 663 4808 20960
527 914 15151 28342
603 887 1037 1099
714 645 18360 18806
929 157 4501 13259
141 527 7790 24120
81 937 13937 17282
193 842 3721 22239
373 188 2621 22936
170 825 15406 18298
253 416 22352 24600
338 383 9528 28793
268 219 15302 23263
366 70 241 1527
529 536 4830 21819
567 73 9515 20893
871 686 8594 27740
530 538 20186 20746
814 575 799 31170
856 53 17279 23403
680 321 15073 30828
911 466 6632 32691
444 193 5737 31158
216 887 20887 29758
206 28 8867 26430
999 68 5202 15417
908 148 1321 16521
941 366 20469 21715
163 657 10842 25582
153 477 15176 22376
856 701 21387 22378
715 125 25044 29868
704 190 15227 23333
704 456 7806 24844
280 864 18187 20414
233 754 2752 11387
606 289 13265 32438
972 420 10487 16159
222 419 13229 21982
305 115 6122 11469
277 861 10573 25038
510 302 1602 10385
562 554 16626 19494
644 979 14258 18049
480 457 5582 11563
752 874 14664 28278
350 420 1077 4250
35 511 6795 10722
727 833 5057 17023
786 925 12634 18171
202 228 10341 13609
822 518 4844 9909
379 42 14261 17113
76 972 1620 28995
864 879 22310 30349
151 924 16835 24525
204 305 15751 16763
634 973 13248 23104
304 531 26349 28207
150 182 19376 30149
781 564 19132 24955
802 573 14273 24016
579 149 8219 11531
173 288 17018 32149
518 118 17575 24487
662 48 20142 27416
859 986 6673 16032
517 264 16010 18195
287 950 19515 30376
288 323 10181 12247
361 990 18896 31305
591 796 11388 28512
523 288 11945 20077
448 612 6283 17673
676 54 4953 20964
11 87 15149 21214
81 768 4514 12258
863 430 15424 28521
264 265 6397 25214
395 663 7469 11194
267 470 4886 17716
838 313 30113 32186
451 74 14179 22605
760 761 8576 22831
3 996 20176 29751
359 56 7092 31731
393 782 6689 14874
83 130 259 29212
616 424 10613 29539
649 896 937 2403
768 20 8822 25221
628 886 3597 30059
476 16 4059 27266
343 454 3032 11695
275 222 176 18076
117 692 2283 21898
321 623 1892 16974
201 824 1470 20184
795 44 10931 24411
214 160 6528 24278
582 316 4971 7947
121 371 6752 11480
488 673 29014 29766
466 638 5868 20460
485 411 5022 25130
550 122 13576 22242
587 939 12420 19283
88 460 6032 10665
447 97 24041 28763
499 572 17369 19153
30 631 1975 20581
833 47 270 32554
101 771 3705 16783
256 302 7932 28155
322 369 25551 27514
88 996 6214 17868
160 894 22459 28921
790 852 7178 22980
23 462 1172 23335
196 488 4441 9517
281 96 19720 21085
614 203 25531 26098
758 941 6596 30605
791 1000 8105 18216
625 188 19787 26477
42 25 7042 24337
169 713 8462 13403
961 553 1494 10203
721 649 7602 9498
890 618 20045 32176
80 368 28151 30954
508 192 9665 26019
329 331 20032 28416
503 931 22768 23034
60 798 14146 29396
345 393 4236 4381
4 407 4832 7759
618 434 6172 7611
288 537 4723 31349
57 851 5783 32038
954 850 20801 21497
460 203 2579 17071
642 310 6354 19937
764 649 3804 22404
603 681 14415 16686
839 28 1292 15389
269 977 5227 17388
220 513 3482 21042
226 146 23328 27768
938 961 17591 18772
978 480 5022 6290
138 752 29438 29892
807 961 19007 30824
792 263 5277 11080
32 855 1862 11991
54 739 11419 15077
298 26 7436 31293
697 116 3561 18125
19 180 2417 10763
890 391 13164 30294
326 140 8593 10763
991 100 11128 28803
938 516 18623 25196
583 113 19697 28120
906 939 9061 31705
233 373 9589 28988
70 924 22723 29891
414 45 24129 27151
688 220 1305 26163
682 451 5283 17079
1 408 325 21290
335 242 12196 20979
674 509 9195 24187
778 923 6401 18670
787 397 3837 21572
604 451 8846 21710
847 145 13297 23735
850 323 8736 27089
285 922 9017 17315
574 527 2291 29416
41 463 9990 21676
836 751 26004 30410
482 162 7557 22550
861 905 11588 21904
801 498 17180 32643
983 213 8714 18856
48 322 17327 27568
67 855 14049 19108
641 473 6430 17651
878 865 18360 31798
282 185 17343 22981
553 422 23659 29247
976 736 11521 29473
305 336 6198 10327
360 282 12504 25106
87 907 3776 29636
920 316 18904 19099
113 64 11424 16879
740 842 3785 32035
319 579 524 21698
146 259 10136 14472
775 541 4275 23487
951 112 7333 29127
338 386 15139 19364
215 712 12771 28645
253 868 4040 14954
224 918 9481 25788
1 975 19201 25646
439 569 5551 15322
91 859 3915 23045
363 532 19614 27191
332 789 16010 28599
213 252 8548 32669
514 358 10751 13000
758 533 9502 21214
245 699 15577 18148
873 349 432 22942
987 651 2562 16149
797 135 14924 32458
781 100 16508 28771
492 937 23424 27021
847 406 22597 27640
950 54 25465 27658
364 166 14869 24147
47 917 8796 23042
632 996 1772 11979
572 224 4918 18153
436 326 9487 14725
978 638 23100 32418
174 371 17957 28766
64 650 14837 26452
478 513 19254 32235
984 234 23197 28941
698 303 13585 15375
362 440 14565 15866
483 36 1450 6563
952 172 20272 28720
917 638 6279 26884
179 432 11320 27143
907 435 7778 27509
757 667 31463 32057
129 236 7626 14202
957 831 16607 17255
376 53 29941 32264
350 459 30100 32243
773 150 6228 29426
800 689 3496 25004
474 885 9603 16632
862 993 6382 12229
604 946 9518 12002
270 620 6806 29870
844 458 9764 19309
460 362 2573 32308
406 340 7983 12914
247 813 6720 27448
277 607 4437 29095
147 91 17044 22972
4 682 2357 28225
565 672 20953 27377
46 122 2528 16666
154 849 20228 22906
216 432 29379 30667
264 603 24676 26935
74 832 18283 21472
43 322 3414 23699
249 875 25240 32461
994 722 2537 16350
184 942 517 17701
727 298 15202 23501
338 137 7494 26294
643 267 3257 14325
970 353 12330 21292
407 845 4890 11603
995 822 9310 10096
828 915 613 2247
424 69 6105 11829
61 26 15764 29102
413 496 26640 31690
831 422 10210 28606
732 217 15822 26946
912 70 24381 26512
98 2 13711 21265
925 338 6419 21717
671 448 22962 26085
386 924 6969 18545
354 804 4161 22490
166 788 15612 15974
402 497 9789 25641
116 202 183 15169
221 760 4248 28980
795 416 10282 20162
101 47 3205 14130
591 358 18994 29987
270 845 2844 31634
566 796 23545 25834
522 288 1513 17249
699 931 1066 29364
462 624 4844 9811
303 749 20852 29107
626 89 14247 17077
915 800 12218 13689
780 965 677 19164
72 983 26687 26836
605 711 1163 4896
463 817 9841 16383
955 217 6135 12535
433 344 5209 29488
358 823 14123 27722
184 363 4966 31951
235 530 3682 21540
843 525 12630 31630
667 910 2581 14180
326 523 8961 28316
805 420 26016 32037
520 82 15553 21569
448 56 10664 27981
644 335 18106 19599
490 396 11185 22523
929 309 12926 15044
460 820 13458 30228
562 194 11883 26859
84 600 231 20431
22 18 22676 27631
17 317 7621 9989
128 875 27549 28100
138 748 2938 31594
960 23 1806 15379
240 865 5639 14616
793 541 466 11447
903 918 12908 16964
281 849 19642 21057
457 462 18874 27434
588 87 117 25848
43 490 677 22391
457 604 8394 22181
998 263 3672 13438
67 989 20283 22254
343 93 21573 29792
762 142 16411 30016
592 66 12597 22015
96 413 4360 16724
501 85 2586 31021
60 92 2162 25258
695 251 2558 10171
250 66 1047 24845
221 566 8337 15856
745 410 3698 9759
822 265 2108 27499
843 2 9961 11318
848 254 16065 24977
761 398 18066 20615
100 96 1168 23339
325 475 1210 26032
623 568 26088 31311
702 37 2913 22063
210 220 21337 30426
375 345 22248 23484
387 508 1453 24962
672 611 10659 25266
642 84 1595 8848
931 793 23904 28556
838 892 5965 30826
152 814 2993 3477
93 579 6420 22958
122 104 5511 15958
927 848 20104 22342
792 226 6235 23398
796 759 7120 25863
293 539 18064 29961
425 282 6983 11177
40 405 26127 27285
79 549 28243 32500
637 119 20604 24894
12 65 6442 10483
706 148 14136 22291
1 458 2260 27388
755 338 11474 20623
682 809 14832 15842
126 651 11241 26799
208 595 9520 11393
56 103 2812 21550
458 512 883 13980
654 616 16997 29313
736 309 20356 22051
549 989 12462 16518
639 570 3298 8045
826 32 3865 31483
328 204 6595 13869
938 408 13849 20740
513 492 14252 27621
692 351 9897 12758
146 159 22659 31176
490 397 9901 26454
65 148 2756 31631
908 203 1453 26713
719 657 12995 32051
125 793 4380 23400
464 638 14984 29197
300 409 12528 20760
415 185 6180 13705
284 177 5974 19303
1000 920 4307 12031
492 157 13614 24627
700 490 22408 31272
415 427 27585 32397
337 838 9454 30237
773 253 21303 32570
999 282 12047 21677
985 818 16177 22305
452 286 13094 30613
121 598 30192 30500
560 262 20726 23578
425 349 5365 24182
890 771 6428 13253
64 60 4156 29292
17 443 11083 19742
306 912 3783 22765
164 436 12863 32445
620 565 8440 22805
555 557 2178 18819
659 776 7898 29681
852 838 18423 28690
477 805 2943 22560
167 611 3808 14530
542 530 817 10911
385 53 6450 15188
5 578 7307 15539
749 985 6343 20409
205 332 6855 20633
222 766 1031 26219
436 177 4540 19594
807 523 20439 21891
343 81 27458 27734
867 607 20844 24030
876 726 2185 14093
405 175 15601 29566
806 976 15169 31958
506 772 14345 20996
485 503 4262 25317
338 475 1352 22583
779 148 3781 23862
330 363 1960 27536
953 41 10210 21028
757 786 6409 26812
792 148 25872 26322
406 400 2489 19216
752 984 4633 10824
664 250 1544 19960
972 956 16645 18661
998 304 29895 30072
75 194 8742 19286
75 264 1882 17686
145 393 14337 22959
667 145 19555 21556
788 532 6153 20909
120 424 11091 22909
464 368 2870 23837
599 743 10806 19481
435 498 13358 25277
600 777 19264 19744
202 895 3867 32086
465 63 5359 18039
730 858 19753 30544
852 62 3615 30142
384 425 25682 29143
60 247 17550 19658
649 672 14607 21041
76 590 12592 21590
882 245 7613 14682
552 235 7237 28385
66 154 18823 25622
202 788 5283 26740
979 39 4474 10464
118 641 9519 10269
613 77 7913 22660
983 918 25932 26244
763 212 507 8852
576 765 3706 16206
940 254 10747 29717
787 250 19476 26714
387 529 10862 26984
941 309 10499 11029
647 481 18397 22661
536 307 20863 27058
771 667 7230 9101
760 780 23115 32496
79 323 16482 26208
191 582 12250 22009
94 856 3866 27251
969 354 26779 32530
190 291 11925 13432
688 786 20942 27080
723 659 12527 23243
761 665 20 31579
869 12 5325 23510
733 251 4154 21755
709 155 9352 30184
378 440 6040 19045
36 555 19399 26778
663 950 5806 13891
19 644 6872 26740
507 596 2979 3762
508 71 22489 25803
775 207 25030 31936
960 667 17455 31039
847 24 4850 8707
327 499 16243 25048
653 876 17125 17484
179 181 20279 27196
430 772 3715 9561
853 124 10707 14817
339 659 16753 21569
927 575 6023 10736
25 282 4340 22931
96 216 7701 12456
354 439 12220 27274
379 542 893 21918
930 649 6558 17495
112 276 11052 11160
26 374 7798 10294
577 168 13097 27220
65 717 3681 5697
494 981 3045 28098
430 765 9553 10449
378 337 20499 21797
374 708 25050 25780
844 199 1399 6476
636 376 7928 9837
464 677 4747 19938
620 322 9457 30790
27 935 6831 23624
816 542 13447 20011
58 115 444 30461
708 989 16417 29561
35 508 5531 18182
937 715 14237 17965
562 207 20771 24598
317 113 553 9228
85 865 5570 7645
185 179 13266 31766
417 535 24520 26308
770 251 12634 20909
715 692 9165 9602
737 229 10254 19390
432 270 9373 10802
51 897 15089 28315
645 497 19670 26552
945 412 996 25039
576 963 8143 31187
209 583 21592 22125
573 182 853 12903
811 246 18996 31016
217 249 11482 25416
685 738 21413 21896
571 895 17154 21427
240 464 21545 30683
542 335 1672 3684
872 560 17538 29761
649 979 293 2483
440 655 1139 7158
487 705 610 25022
820 493 5682 10453
615 605 3899 32713
717 584 10210 31464
373 68 4100 25430
649 15 24372 29632
871 562 23759 27845
872 831 6056 16187
160 605 24574 29115
328 274 12224 27979
345 968 982 26259
762 811 2016 14869
83 682 9529 25249
626 107 21878 25041
518 516 16673 18878
627 711 20687 31213
742 790 31599 31854
49 984 1014 2353
752 578 16072 20238
493 210 12223 27063
737 336 5330 10382
396 485 19534 28508
224 832 12307 20375
961 487 13811 16878
159 275 14712 21510
94 16 30736 31037
413 595 13264 17002
303 100 21974 23398
287 366 10376 28239
55 821 23750 29002
507 144 1804 27096
97 606 309 28943
388 413 25606 32131
9 89 24616 25413
257 123 21779 25458
16 594 15994 27325
805 982 18305 26545
667 810 5093 24705
776 25 1908 14346
764 309 3483 22585
828 804 4854 18425
912 644 16318 21945
865 904 5626 27567
31 292 22444 25004
250 565 23696 23760
800 941 23018 29363
486 621 3508 22194
962 859 12557 25973
1 847 10299 20582
588 681 4871 32338
176 557 18600 19947
414 353 18803 26651
168 374 12717 20133
293 957 7789 28217
287 556 29278 32304
123 313 25971 31434
473 423 470 20409
93 687 12281 18699
245 640 7141 14415
267 962 12248 18930
989 839 8550 17809
419 627 4851 28542
409 21 8592 27477
255 447 18613 28224
773 979 5328 32728
754 478 17619 24983
711 818 15087 29839
663 790 6882 30489
730 496 10947 15741
259 742 16482 21386
438 457 2771 28553
261 364 2527 7355
709 212 4864 30172
101 591 11794 23910
871 698 1553 12109
410 838 888 3737
63 594 10187 28496
90 119 21412 27494
612 104 16436 20910
623 656 2992 18285
281 849 17794 18329
932 354 21588 24012
141 225 13959 21567
356 57 773 9976
779 485 14130 26441
931 366 7583 31769
987 145 19882 30398
251 477 9658 21172
304 635 16395 22603
248 118 1294 14147
289 822 10880 16934
548 264 15743 25647
488 928 1919 14798
69 346 4925 16043
813 172 2637 4240
330 696 27766 32261
484 345 703 14014
89 28 1587 24009
434 482 14395 30641
772 690 4638 18166
988 324 24393 31546
759 179 19812 24613
617 419 18210 28432
547 516 11930 26269
643 772 7524 31259
231 484 2115 29389
585 908 4314 12464
82 201 24794 26438
360 248 10476 13345
762 547 398 2302
350 987 22439 30638
792 854 14095 17792
958 740 29832 31939
881 373 9799 17718
871 909 11204 31404
271 842 6252 26197
644 381 23324 30910
110 615 9970 14318
317 927 17275 29629
223 729 17599 30646
724 88 9327 31077
593 679 18414 28485
770 469 5932 25697
331 759 12301 29915
160 346 4178 20872
499 346 3150 11304
710 388 1552 20667
506 339 8800 26232
895 689 8246 27602
813 875 4572 26184
650 443 31257 31672
61 48 9775 21589
419 640 18151 31510
432 489 16776 31669
537 469 20213 24583
271 748 18538 25919
469 662 24720 25159
798 921 597 24040
233 863 4180 20952
463 132 1812 20593
751 167 497 17731
150 287 13306 30507
461 600 25011 30475
886 205 5349 31218
872 464 6185 18696
3 872 2810 11894
589 403 11898 30485
39 692 2984 8244
370 470 7428 16234
862 538 25528 29798
267 693 13777 20270
993 54 20089 23002
110 726 1829 5859
390 737 7162 18866
448 372 16371 31990
30 432 7068 25564
613 270 522 658
278 762 6068 6757
324 997 1495 30423
198 894 12476 23888
848 953 22026 29247
957 619 10002 14288
120 493 5159 10500
180 79 6452 22805
399 622 3669 19543
846 809 22220 26681
421 400 1101 7280
615 46 4770 22863
565 825 24930 25987
602 807 3484 10597
806 356 24191 29893
968 385 23780 24412
74 63 15542 21723
520 12 3645 3734
401 269 29116 30816
90 693 2581 31711
631 429 14772 24345
795 453 14426 24479
289 265 3523 13921
612 359 20116 24248
564 464 1566 28187
986 270 16379 16759
527 773 1708 25359
208 972 20733 26377
68 726 9097 12648
976 428 22100 28007
779 93 5942 21894
62 569 13106 31276
919 106 26349 32423
670 196 4065 10993
646 23 2533 16035
824 811 12500 17728
949 547 4824 5992
555 628 2470 2705
298 192 24679 24980
543 302 3988 11473
537 213 4350 20373
266 737 18226 26547
495 308 18731 32330
996 697 25417 26823
770 205 7633 16857
210 511 3906 27673
759 713 21850 31607
247 943 3997 25269
474 344 13433 17323
671 323 2243 21204
162 20 2507 13734
50 70 24954 31854
611 347 868 20667
591 250 1524 32037
962 57 7545 8375
870 827 5022 27509
604 3 1539 20790
284 178 4907 17329
623 190 2401 6156
51 467 28237 31041
671 262 3582 28818
616 352 22315 30261
755 959 730 17451
843 619 17853 25821
453 568 6298 10280
11 783 20143 32755
670 562 14051 16244
31 144 7685 7918
808 181 7170 20970
174 806 16732 21188
177 332 1898 14551
568 471 9057 12662
671 588 9381 27401
258 410 15393 19640
518 217 24468 32653
830 148 25004 26711
692 977 9205 9520
656 631 18816 24522
622 727 18415 20199
251 558 4742 25394
256 722 18062 28767
634 354 10431 15027
737 411 2269 3039
183 88 6290 31264
884 626 5945 14318
424 633 7563 22850
296 337 4591 15810
765 616 11353 28887
561 568 17076 32444
787 400 6868 14727
245 39 7204 19440
172 524 16711 29095
63 279 4160 18085
876 644 3638 28772
600 762 8400 26356
22 103 30799 31453
593 830 8335 12695
565 891 3614 23401
851 406 23371 26322
771 343 10652 13579
31 33 10130 10174
845 985 6387 16813
750 9 30585 31877
437 800 16070 30936
178 925 10119 31865
855 196 8543 10117
946 455 2421 6736
533 689 27259 30547
706 551 5535 10677
971 304 4640 10928
81 959 9509 15403
859 982 23581 26201
562 605 3316 31993
979 707 50 12336
580 539 19461 23031
442 731 19974 21068
594 210 5939 11954
326 968 29766 31443
819 667 17260 28988
945 943 10985 22713
578 797 29254 31895
295 535 6770 23423
151 114 1114 30040
985 893 8974 29461
853 721 9364 30046
22 906 5620 15735
306 830 1830 25555
317 771 3042 30514
410 837 2523 19429
132 888 2094 32596
412 115 29619 29734
692 926 1106 21216
996 277 14942 20490
370 69 6475 19051
471 15 8933 30283
800 811 256 24507
898 935 26446 29242
90 231 27613 32552
771 583 2173 18657
521 535 9146 27572
886 638 2336 29979
955 898 3787 8992
130 735 12820 14892
25 199 22572 31836
233 704 2935 8619
968 748 23891 24854
684 661 22037 22813
937 751 11162 22318
813 275 9554 20231
97 625 6398 20220
987 605 4583 5935
594 326 4429 7453
961 171 8414 31393
840 718 21509 25496
567 742 9033 28413
444 95 6294 29848
111 765 13351 20364
852 41 8421 9965
329 186 20781 23414
841 608 23516 31350
280 998 389 1548
512 910 11700 30432
115 17 14212 27654
210 879 1498 7353
5 91 11344 12008
780 658 4036 7070
565 142 3919 23690
839 255 24607 27664
439 257 7869 19848
529 347 8209 19243
449 391 1050 8147
210 438 24803 28162
375 414 6578 10278
408 782 13954 19995
759 80 9202 20403
164 960 17905 25089
878 429 7859 15834
171 382 3092 32113
41 639 2599 25144
389 132 3991 9853
917 765 13037 25494
537 738 2412 21509
791 713 28470 31171
128 750 14338 24967
620 330 12749 20875
989 319 2445 3026
715 946 2749 25363
428 346 7135 30769
214 585 7425 13097
167 649 3223 19255
429 160 12255 22758
546 367 10971 15883
43 23 14114 27765
737 557 5170 10378
183 136 3143 9451
740 952 2342 13220
204 185 8038 24150
106 121 2726 8959
561 718 2932 7299
203 347 500 29701
409 373 18194 20775
437 449 1901 15899
740 440 26409 28745
784 149 10444 29541
245 822 24916 25814
362 322 1604 10912
194 323 22532 23421
156 19 15066 32214
103 723 7691 13859
618 442 18039 18240
107 731 14626 24672
679 394 17653 28992
746 624 29695 29796
911 909 1934 17392
689 782 720 11650
195 967 7574 9064
861 986 12445 12746
8 704 3629 32011
588 288 7350 11163
120 398 9961 32734
2 358 18924 29035
768 97 12407 20202
62 311 17164 30799
80 30 20641 26159
307 321 9910 16157
607 197 6693 12756
71 800 213 19450
468 898 1966 6697
199 969 13730 30806
686 592 10339 15898
377 303 4514 30697
77 609 5483 17581
416 689 1335 5163
382 903 4935 25253
868 290 2984 7237
891 422 30070 32221
871 40 19754 31240
617 655 19560 26203
658 22 9478 17101
720 359 9645 23833
518 762 5712 14773
343 830 133 18043
643 31 12940 16398
757 521 2306 30251
908 260 11628 30861
553 40 21861 22716
440 139 1806 13332
979 961 18298 22863
827 315 5272 24595
696 243 9385 28797
643 863 8851 15156
938 4 3489 13236
852 796 11347 21736
685 523 21644 26110
220 199 2409 30463
628 118 4056 11320
448 837 16381 19017
154 966 2963 17081
541 801 20638 25029
809 702 20928 31737
832 385 4354 5862
15 208 6934 14037
542 457 20758 31615
875 791 13883 15954
300 383 14485 29486
165 310 7889 22931
57 269 1477 19353
715 240 3946 16610
95 475 804 32205
205 381 17132 17226
374 738 4281 15330
738 500 11948 21380
961 490 99 2992
912 148 17951 27455
103 333 15038 30955
272 265 6231 29860
779 385 4928 30725
960 965 13554 19561
268 578 24701 25834
896 252 21430 24882
357 261 495 29751
853 71 2374 9700
638 694 8700 18487
296 914 9080 15424
602 308 1503 22518
720 294 15061 19059
127 384 11702 26164
836 848 10710 19152
306 513 23490 28972
178 232 18414 30664
48 235 10681 29748
411 114 2693 12781
709 379 21384 21512
660 801 29683 30716
513 204 327 11215
15 879 22687 26811
438 166 10997 24675
280 574 19200 32243
299 170 251 3787
905 354 1294 10763
524 607 1699 10435
694 405 878 9170
104 31 10428 29980
625 658 349 12693
809 83 5722 11772
359 762 18798 32613
480 195 15801 23285
641 610 2523 20931
431 407 26136 28207
468 818 22774 26675
629 425 8709 26909
362 56 3231 27840
61 232 14384 27304
278 787 24384 30211
799 111 982 9663
380 113 14989 17252
629 836 8208 27924
671 10 9556 13897
775 657 18739 26801
657 738 9833 13865
720 759 13420 13664
479 130 14449 25540
583 358 4282 15026
458 888 11602 15535
440 357 7986 18874
655 507 690 11736
280 408 973 25407
679 856 3748 11735
668 445 11670 18062
832 295 8591 16906
50 551 1485 6485
411 518 15356 20418
534 75 11913 24583
348 557 10520 26823
534 694 11313 27483
333 585 10550 26578
903 485 15001 31286
714 577 11339 23825
230 946 26744 30000
278 308 7281 19111
8 270 4886 10730
109 969 12586 14437
282 474 19814 31470
560 893 27683 32265
546 172 4585 9429
5 529 9442 24209
580 673 8737 13772
837 585 10395 28518
773 557 7399 11843
803 575 22024 25472
388 348 11125 27358
971 773 14033 14596
836 285 12518 27642
89 494 3983 20539
140 34 50 30384
366 6 24160 29701
863 265 4605 5634
799 462 337 6761
68 325 15120 31593
749 241 10766 14308
367 166 16942 24568
318 841 5950 11541
302 973 1892 13329
114 715 654 24490
964 593 3969 19184
967 742 3264 13653
194 285 4087 26047
509 32 17681 21349
849 103 19335 19960
779 426 1747 26666
881 611 21288 27505
369 343 14600 29280
582 150 15416 17718
147 553 9397 20949
453 283 18699 28656
372 515 8692 24923
651 26 1019 27104
833 664 20450 26071
743 171 22237 23134
82 619 106 10620
875 415 7778 13699
685 588 3096 3824
190 16 13947 18108
730 706 11726 31903
725 268 9326 32188
808 227 16163 18259
174 286 7322 16307
551 990 6064 23025
356 45 18130 23030
891 266 10705 32687
870 51 9155 13208
175 252 13561 30918
607 272 4402 16427
536 580 278 26126
47 996 15097 26054
966 697 17519 27161
656 104 2941 17290
118 793 2248 11032
770 901 31208 31342
571 521 20204 30284
24 419 13214 31429
352 443 11448 18684
122 516 8119 22472
560 235 19855 22271
529 991 895 23058
918 937 3126 22502
365 182 8739 30453
749 138 20071 29280
754 736 10576 23262
794 559 12547 14098
510 167 30069 31754
301 429 15354 29607
77 587 7380 18050
347 419 4622 27153
174 453 19527 22091
583 287 7456 27451
995 117 13795 32711
436 697 780 2347
444 676 16371 30652
428 54 21312 28785
525 875 567 3344
965 55 8106 13874
140 379 13903 20324
607 175 10598 29310
764 170 18829 29758
55 649 11 18432
509 180 5650 29931
847 447 5989 21834
753 248 17328 25763
67 380 3089 22322
24 799 2518 17813
934 499 16585 21129
501 72 19754 25173
467 998 11461 27835
711 223 20570 29698
36 968 9866 10240
689 737 640 2795
687 723 3063 8779
242 961 14629 27527
107 514 13641 26956
693 943 1316 12434
688 584 581 5186
107 988 26897 27560
908 1000 20456 21834
452 15 14151 32311
591 203 8545 14187
330 219 20183 29580
176 501 1735 32472
22 310 8197 29532
237 504 12200 15718
408 531 201 17470
415 952 2833 14727
212 697 20814 24110
52 197 15450 24693
871 867 3339 28790
227 460 339 9994
214 806 84 8986
139 414 27638 30482
680 85 15234 31409
709 487 6971 32112
327 736 3278 5512
613 336 6718 12796
179 73 19310 30602
13 254 5287 27162
654 6 7222 15514
922 225 27187 27696
105 290 5853 19025
214 294 10666 31666
438 796 22655 29820
484 813 22037 31466
844 182 9756 29081
94 164 186 6144
846 127 7959 8030
546 874 16231 32168
756 657 5938 32696
321 620 16445 18012
376 876 4786 29610
447 308 11814 32488
347 642 8237 30845
230 333 12662 27843
646 488 10024 20517
779 552 12386 29850
289 875 889 15579
695 434 14130 14627
791 921 18610 29877
719 60 6078 25240
55 76 505 30925
685 393 6251 14017
29 122 1665 14280
357 12 1749 11589
16 504 5002 19156
200 32 13806 30864
985 514 8965 22026
556 797 6048 21288
458 516 9474 26104
994 2 16129 17541
93 165 9199 17000
751 493 16699 26399
296 511 1190 1361
740 197 17060 25183
616 112 25138 30223
646 41 24254 27029
859 636 594 11234
894 70 12969 30859
284 928 6652 16493
938 28 23852 31361
450 272 4664 25048
187 505 2351 18087
690 346 5934 31425
485 101 2114 27813
753 745 8776 16159
625 69 20756 32021
475 364 14128 26175
862 441 5630 6658
847 804 3570 22437
916 22 22390 27505
336 257 5434 24526
1000 12 29656 30364
917 566 19049 28439
931 960 17329 18593
817 296 19526 32274
739 275 4778 9370
741 763 22274 26749
504 369 2756 8033
105 989 3622 23126
928 132 17975 29876
87 457 28467 29759
292 263 19045 21308
656 493 9514 28395
521 403 9601 26088
276 212 1280 30134
567 429 21161 30424
63 629 30000 30221
