1000 3000
29 346 17710 29740
841 810 10696 21496
670 116 11377 23416
583 672 10160 23887
512 976 19065 29224
319 772 8218 28035
266 390 26671 31732
154 935 16632 24716
217 586 9296 18707
337 904 26954 32554
85 731 15525 31753
812 639 336 26040
602 133 16156 18320
425 418 18693 21677
105 767 18932 32100
995 171 8932 25814
764 814 21701 29764
80 999 9127 22173
373 841 1653 16633
706 169 1907 23510
767 691 708 22472
790 821 990 25788
339 628 18431 32193
137 694 10853 15485
813 256 18130 24557
438 489 24375 29035
717 782 9193 24752
1 247 7377 20578
958 290 18920 29898
15 751 11222 19442
578 876 5468 18029
628 481 1813 5973
820 967 21184 26163
404 980 9434 15393
149 186 18206 20864
594 610 1638 18896
136 402 7230 30034
556 423 3772 7661
973 175 26455 30350
748 957 7677 18373
322 834 8919 26430
201 834 7822 23092
709 358 2438 31335
76 136 18427 26565
875 100 14793 20426
99 36 3575 12985
757 628 7525 23327
634 296 1701 17846
630 347 5599 26295
445 90 3775 11941
286 128 19378 21318
735 995 16507 18119
225 518 5401 8212
958 240 25077 25430
169 333 20695 24382
421 820 3088 11669
368 825 24224 27717
216 236 21444 22671
775 161 1384 5316
252 497 2486 8312
386 162 1276 30161
444 898 10903 31058
297 521 10123 14718
637 136 788 27130
704 884 913 994
987 744 19571 20106
152 490 625 31625
1 708 6425 10968
797 62 6473 32667
494 322 16181 24264
5 24 19163 29939
274 763 2923 29340
119 812 15427 24684
925 302 14427 32378
706 210 18494 25237
57 139 8071 14455
441 388 17438 25027
507 808 5295 14405
238 970 3767 18975
717 439 24291 32031
172 889 8967 10754
895 278 9931 24189
500 16 6555 16267
649 750 21721 27882
921 906 14129 22787
275 100 9845 31692
483 88 11702 25306
278 115 9387 10690
432 300 20091 25718
920 560 8761 16784
446 902 10775 28493
707 485 13894 32361
610 146 18013 22513
54 622 12865 13584
5 936 10849 30988
731 191 11344 18535
82 523 1864 14736
720 412 3822 30935
233 531 21643 32625
318 968 5420 9992
894 75 4109 24209
29 87 6716 9050
683 443 20168 22293
14 587 2940 15063
778 639 3853 12832
407 386 4879 27551
92 558 3982 14800
267 343 1382 13916
540 653 3723 26890
543 581 1165 6641
637 65 11666 22204
990 831 15773 21778
901 214 557 13946
106 660 3008 7334
139 234 9129 24496
320 42 5207 15556
261 463 9868 15712
32 391 12162 29602
675 913 15506 24219
524 560 17334 18244
532 929 3540 6443
981 274 20042 31585
192 556 7136 11647
645 163 13799 30202
395 323 10771 17740
779 669 11622 29557
929 962 14653 16110
482 743 19423 26001
676 386 7833 15728
146 475 1709 20579
319 670 21851 24055
318 57 13096 32668
975 993 19288 21027
260 226 18702 23324
388 895 4355 30477
936 654 2768 13738
765 15 5 21935
921 191 1907 8721
313 320 28449 30210
723 139 19014 31340
415 417 13434 17336
275 158 10271 10720
519 119 10935 20499
526 30 9320 16032
431 811 17408 26097
282 685 19682 25878
7 969 18366 21252
523 698 7613 15069
868 330 11634 29694
976 736 3079 23366
985 227 10227 28758
779 782 1586 21974
345 484 7794 26684
325 701 6978 24089
199 178 14453 28584
575 966 2425 29685
222 493 22425 31632
98 105 19623 27738
721 675 18592 30686
577 159 4978 29434
380 75 15855 29679
961 89 17440 23678
657 226 7958 23056
320 278 25288 30550
869 154 5401 18994
803 585 20843 25251
400 870 28836 31411
150 120 26767 27796
912 343 8030 27153
528 566 4917 19834
959 954 12117 25208
548 914 13897 30545
936 888 21782 23216
297 831 8441 15463
662 548 222 10217
154 730 1521 19757
357 377 8106 25510
944 567 6774 28683
111 457 11155 25197
939 259 9012 11164
289 759 2702 15357
213 979 22203 31536
651 166 1638 6741
295 228 20480 21324
795 752 20401 24003
17 393 4312 30249
394 856 13131 28263
63 641 5248 6193
294 856 17664 30857
303 270 21637 29208
550 508 6098 31571
700 495 3876 29050
114 301 19558 24930
141 455 25097 29975
824 527 7047 32074
70 259 2457 17558
824 291 22032 28833
366 584 12783 22136
209 845 5191 17325
312 51 20030 28613
633 951 23442 26285
363 871 9074 28766
385 173 10799 11550
466 186 91 20956
950 735 20009 24008
164 976 12533 19267
514 474 10139 14205
500 55 587 17440
481 815 20334 29016
82 865 8069 20090
101 451 4076 18730
177 438 12543 16060
786 349 20317 32735
503 143 8991 31714
90 483 3512 8907
448 612 15134 25000
218 333 15294 23441
51 606 16520 28180
963 344 1634 11195
715 670 1037 29085
410 548 11336 32311
80 188 3573 30651
65 215 9861 17821
228 929 26975 29350
676 968 1023 18379
142 134 15110 31635
700 93 5054 31379
946 410 5646 13543
872 309 20539 32625
479 552 11008 12855
999 806 21501 30186
799 855 20940 25931
191 673 5767 26014
651 360 7051 25435
776 193 18214 27260
621 131 14081 14218
26 864 28914 30657
867 923 702 26567
27 881 9167 30194
939 949 13174 17784
66 727 7419 16727
385 141 17135 21892
159 701 6786 23935
843 641 2645 27911
160 468 20324 26654
302 324 9401 26066
718 392 18308 31772
78 340 8937 24973
878 363 17454 31763
882 204 18218 25860
321 160 10659 11194
373 459 9546 28431
836 937 18289 20122
958 419 14222 31402
680 778 22716 28345
769 635 22522 31913
635 908 7864 26920
956 686 14741 16756
470 139 6385 15543
787 210 10793 25160
581 40 12451 17819
596 818 12246 16039
953 736 3983 11681
684 244 6464 25379
153 179 22063 23794
848 131 26421 30398
781 534 13151 26991
317 693 16094 32695
962 105 25242 32623
400 230 8554 17118
849 522 5764 15932
310 820 13170 29492
448 248 25747 29537
382 186 20949 29704
935 192 6555 19751
778 813 436 8192
212 19 15135 16448
602 546 9547 11073
720 414 24449 30355
561 125 14607 23885
807 978 14611 27445
270 211 15609 32444
884 522 7508 27169
643 954 18825 31541
139 391 11186 20604
626 291 2963 31908
813 183 14001 27247
931 791 19800 22814
255 25 1915 22162
575 439 4379 20306
548 955 4208 23140
969 67 26299 26601
982 621 15925 30768
711 404 8817 21960
953 155 21147 23348
573 393 844 18072
785 302 28882 29282
714 206 2304 25590
814 180 11256 26841
698 280 14423 17918
23 364 15266 22613
218 691 328 9275
164 147 4699 31162
223 380 7231 28502
891 977 2592 8076
527 327 21804 23824
612 676 16501 24805
358 898 4359 6587
972 604 1295 4547
395 368 17288 27002
974 534 12775 12791
969 608 17946 18527
341 778 23662 25336
670 955 16704 22515
836 180 21806 28467
903 329 19073 30808
350 46 359 22399
842 596 19912 30179
646 949 5029 24954
322 340 4116 32109
337 919 25795 25998
687 417 16034 25639
351 988 2282 16619
331 156 23615 29006
877 418 10746 25129
278 871 20889 25809
950 47 17641 21211
843 712 24518 31701
885 179 5159 29750
473 682 8892 17714
829 115 13333 24979
836 604 9174 17909
777 7 4849 26505
313 864 28124 31830
388 741 18289 29774
285 37 2013 23516
194 820 20386 32728
814 126 9972 29342
605 905 2320 6839
424 305 4487 15614
242 590 5799 28467
137 888 8843 14693
433 502 27982 31664
446 267 15553 27658
976 130 7516 28733
844 996 6131 26804
825 656 15067 19785
223 530 19385 32498
271 502 5121 5171
63 663 18534 22575
597 59 23320 25692
14 225 5850 12006
447 727 1450 17151
820 717 5303 26979
63 525 8230 20104
251 191 23763 26711
297 568 7417 22141
59 547 3100 22774
591 396 1677 28802
103 680 4753 23288
23 176 2289 5546
118 352 3688 31860
704 859 967 6031
875 841 2488 13119
256 636 17702 19566
677 311 450 27797
169 56 26135 31144
335 504 4172 23240
159 608 20037 30489
465 606 5809 8493
332 864 28012 31903
582 744 8548 10138
820 113 2284 15245
820 361 9299 29952
745 71 2998 21950
63 743 19679 21620
48 940 13953 21601
247 358 20249 24311
266 932 20248 32677
981 731 14983 23978
701 895 9016 17120
50 282 1222 22063
312 267 9611 22165
151 856 964 1906
82 815 25649 28903
430 361 1229 10644
100 784 1338 20514
800 811 633 28422
274 672 4910 21811
277 225 24400 24800
62 490 6533 11819
423 937 1535 13740
461 431 4288 4399
335 6 9734 27579
392 164 1228 7438
887 935 3641 9632
492 385 5751 16075
766 358 11269 16878
691 844 2657 27061
519 187 3609 20364
817 12 17029 17618
706 630 7639 11081
207 303 2203 26505
441 624 25426 29403
739 773 8850 11292
436 651 10975 30284
94 226 1824 16929
198 517 2713 10617
53 39 16903 28987
870 905 3840 20080
345 994 11753 26178
783 110 8002 18477
903 593 18212 18287
257 246 317 11663
745 555 17107 25678
342 944 7687 31707
579 784 2647 24902
741 678 5735 22839
110 284 4832 26369
122 496 10074 26416
144 864 6217 20119
155 231 9525 24207
778 776 1492 32723
949 427 7916 25369
1 542 8054 28387
653 742 17301 29959
774 478 490 9033
248 294 15277 20164
54 624 7549 9226
339 799 4190 5286
602 89 295 29595
907 31 6094 24477
968 98 7553 29670
295 456 4710 30451
880 207 16556 29031
609 889 16578 29010
800 473 735 7577
441 14 5961 6193
897 717 17113 22922
690 227 18232 21966
327 563 8270 25193
939 893 2574 16567
709 592 22864 31520
239 377 9536 20257
447 964 16836 23518
677 419 11152 11400
774 445 1928 13553
657 664 3604 8111
200 538 4293 30579
745 228 11143 21067
509 241 25182 30173
288 653 9463 13139
403 513 4405 22977
919 358 13315 14282
387 776 15221 29055
519 94 13527 18365
441 878 25612 31694
528 582 16661 31319
800 857 13403 27912
566 862 3808 28127
972 487 7225 13866
854 425 120 20243
854 543 11887 12118
109 212 6633 23167
643 769 4689 19772
922 179 1663 11784
70 864 1286 9939
927 484 13133 25954
265 47 472 13313
827 545 12792 20039
568 297 23014 31989
915 587 9403 29556
902 880 10550 19468
677 418 12834 32751
542 480 14400 21324
419 174 3812 27686
132 144 14894 21786
302 57 14120 23475
353 151 14916 32227
473 426 10940 22559
514 909 14693 28035
434 571 9771 28367
249 174 13262 14493
676 228 13552 21968
619 987 7432 21401
559 935 17213 28945
72 241 20077 27434
974 882 8819 17638
583 344 12970 24519
952 856 23981 30854
119 749 13921 23560
913 583 24118 26765
47 576 12075 21673
302 331 18811 24590
95 190 14226 29580
500 674 13929 23090
412 392 4231 23874
577 590 9852 24623
888 723 7270 15630
769 583 22915 27773
472 630 8138 27398
586 38 8279 12067
756 951 2376 27489
713 771 7276 17700
42 126 5823 28709
75 504 26137 26938
260 640 6048 7644
237 979 6223 7962
221 733 7263 17189
821 720 1541 5390
360 195 8106 30336
630 940 24878 29690
553 569 5415 11913
264 500 2245 26709
210 837 3998 8916
125 396 5050 20019
824 655 13328 16339
301 984 11017 28219
19 387 15033 27863
691 198 11590 20751
457 770 1376 7357
382 354 264 17384
148 674 2556 27208
433 633 11954 30155
543 257 2255 18700
675 311 9549 18863
509 550 1614 21118
919 361 3917 30902
538 105 14420 32712
21 251 2779 12522
288 302 1374 12678
744 363 3667 26549
451 358 104 6900
943 52 7364 15463
645 429 7886 21247
692 956 19058 27316
83 901 4274 8937
359 247 4439 19763
47 825 4929 15106
995 434 28640 30110
284 867 15474 19941
760 504 12955 31270
749 792 7238 13885
504 152 25862 31655
350 583 24073 31875
995 341 21507 31275
576 213 17646 24927
11 333 8475 30901
818 651 6221 22637
135 602 5886 16306
107 502 603 28805
276 988 2039 30095
97 62 9883 25668
576 405 18023 32059
69 384 4554 12588
966 188 339 20634
796 668 15823 31401
661 155 209 23316
976 607 5516 19780
976 681 18071 20491
821 738 23805 23943
711 721 4108 32713
916 586 452 15976
692 768 10744 15053
236 598 1024 24447
120 147 24616 31017
420 716 4412 14603
460 87 22181 30797
290 341 1973 28596
520 439 3193 3903
782 788 9507 11452
71 17 6968 9745
352 147 14170 21605
576 201 3672 30093
934 229 29563 30136
703 701 2340 22594
703 621 6515 19981
314 887 7427 19254
531 285 7198 10210
173 750 7872 20392
633 344 3008 22377
519 582 2316 8070
520 802 10065 28723
570 427 12788 28408
301 50 19265 32118
759 802 4044 32383
299 863 11762 19597
120 192 4858 30745
70 175 18291 27704
787 193 21659 22442
216 345 24395 26080
510 578 31282 32326
829 197 1755 27175
869 791 20930 27929
726 327 13374 15627
222 975 5100 14924
857 952 10091 14285
342 883 9812 26011
727 333 15531 15724
857 338 3005 24376
461 814 20267 32545
781 871 1595 15520
651 279 18246 29964
71 370 15136 19370
456 475 7737 16772
262 603 583 23097
565 724 10299 11774
67 298 13939 23779
413 516 7985 18264
751 466 12271 19276
956 575 10851 23845
221 289 8157 31706
837 334 20583 30405
212 714 24854 27091
441 38 11165 26083
182 227 10303 31819
639 408 5043 17395
155 871 8628 16182
487 862 588 5264
503 821 13572 22251
166 148 8061 8183
279 983 681 6513
341 284 7761 23947
664 996 4393 22617
57 81 26950 28239
489 559 12797 21210
597 277 7885 10095
940 926 12978 15280
883 787 11448 24014
369 819 1603 9918
983 262 6939 25122
26 886 3002 14707
629 688 17198 28952
368 641 973 3112
837 284 5617 29610
605 203 2151 27034
166 684 11875 21486
272 38 2602 26726
56 795 18201 20091
204 889 5353 7571
513 172 2934 18481
993 870 24325 25644
801 66 29117 31530
762 429 5643 18352
693 758 10307 28803
669 327 8658 22501
520 964 4413 19347
486 28 18927 31342
373 966 13329 32666
988 406 13989 16601
583 367 12347 25557
955 19 13933 23060
114 953 349 22134
824 319 27900 31337
71 409 2635 30871
744 344 12017 30418
843 525 7258 19941
561 48 2829 4797
944 189 17266 30612
687 30 11560 21530
347 7 10598 14341
889 517 31480 32146
372 489 9868 10541
41 444 8447 30876
362 98 3548 6009
504 772 17406 31495
988 785 4458 9296
279 694 16548 32330
513 678 12164 16375
367 298 6839 26464
361 660 17161 24636
723 881 8788 22659
801 189 19677 24064
800 659 12848 18927
483 510 29740 31727
636 578 6985 21804
771 982 21844 32417
652 982 9535 19388
940 563 6981 23091
556 310 19075 29156
537 861 1999 20726
251 965 13808 22552
468 129 13403 14783
852 962 2377 19328
483 728 9636 21285
950 527 21650 30101
286 702 24461 30385
661 332 28042 31664
218 899 17763 24476
543 585 22018 28592
721 277 9259 10106
607 767 17327 32552
279 980 2161 22389
662 768 17432 26225
542 532 5261 22782
509 418 12253 29795
692 878 1103 6443
949 592 11478 24372
288 304 21302 27001
167 17 20305 23104
528 825 14400 27388
772 711 21467 29497
358 70 9167 22399
230 217 325 10020
78 703 7524 19139
396 394 7884 17206
650 122 13232 22901
218 679 17997 18841
334 143 6554 23329
847 237 10072 17757
348 355 2173 20215
766 713 3626 14972
466 694 18886 31023
934 110 1425 23288
327 900 33 8408
802 594 12324 25763
305 72 18124 22408
881 401 492 32370
170 684 6817 22352
718 137 2290 26356
214 802 9825 23924
425 732 23236 24012
574 62 12577 17146
773 778 4167 24283
249 537 4369 28901
680 900 10928 21582
678 376 9794 11377
806 754 11 8463
651 699 7963 31131
158 893 14191 31639
385 591 8220 31325
411 350 7550 20588
781 725 16468 22846
709 69 12698 19435
232 544 11842 27497
566 75 12759 17753
376 314 14092 20604
5 633 12803 32472
486 960 3517 12873
118 142 15098 15635
950 842 14102 16385
16 885 19641 23595
698 556 7709 24747
725 717 14529 27738
423 367 11276 16944
726 399 2545 8463
342 432 16681 26502
877 323 3618 32345
612 120 7892 9633
72 268 23671 27028
139 339 26214 27540
61 167 13615 16538
630 137 340 365
201 280 3099 9801
689 296 3721 8669
791 5 5427 11504
287 584 5095 12214
631 473 2101 10676
194 6 6885 24652
4 394 8352 11146
807 393 14683 22956
125 3 11951 16712
463 864 5061 14165
621 403 2767 15657
535 514 25841 27021
403 932 25247 32463
400 68 7128 24198
107 165 1083 7924
728 159 12585 21462
619 705 11350 30804
639 703 4805 29174
175 678 2411 23421
419 213 26435 28614
149 254 7647 17323
869 686 7441 19039
274 961 542 2984
210 250 7377 14791
155 161 3217 7387
162 941 4041 29042
221 861 10182 20511
204 242 26558 32622
517 919 6396 15923
377 651 5721 23552
528 902 17574 29243
268 274 1415 6204
325 556 11327 17135
944 195 14770 17109
38 393 13227 17457
426 488 19944 21234
43 278 14797 17788
507 940 7770 17579
247 747 5397 19547
424 96 734 1424
305 714 9973 22506
937 873 6510 12579
867 354 14662 14968
357 560 7513 8359
847 628 18665 26083
44 624 14108 25163
461 129 4719 22003
700 836 11712 11980
694 634 325 30763
61 406 25231 29881
765 463 17293 20206
5 857 1451 2789
936 905 21980 31946
45 496 1557 1883
787 159 7622 8417
857 941 13559 17172
677 421 10777 28086
204 715 2811 7073
906 384 16245 21391
113 804 9968 23433
439 916 288 28328
764 140 20894 32110
961 982 14104 14360
159 812 9154 11545
790 354 18086 25672
293 48 10211 11420
354 118 3539 15990
467 617 1403 4145
604 877 17175 24586
265 163 12496 21855
375 758 8304 31868
302 176 8251 21681
225 354 575 6526
225 140 1368 3973
527 609 19169 25175
513 231 8099 17526
263 949 18040 23337
814 966 13202 16182
468 446 3159 30325
325 250 2915 32459
990 748 4998 22436
632 519 15505 30489
959 440 5954 9602
508 678 15045 25833
904 860 19322 27838
641 204 3531 24313
106 718 4715 24916
934 809 24476 28407
517 737 22146 23462
650 970 1990 3342
308 68 13181 26205
908 944 13365 24104
598 817 19609 32574
252 790 5989 19634
503 119 8390 14831
335 886 491 5661
589 233 20350 21030
151 69 21253 24903
348 125 5146 26450
208 570 3494 4207
74 597 23388 32273
421 428 5224 19527
228 601 21998 25776
9 1 2342 19290
575 947 8846 24578
742 647 20868 21629
207 882 20168 24994
570 663 7239 8319
644 455 14495 15692
124 845 13860 19545
736 523 19020 25632
404 769 248 2288
731 840 2421 11367
304 561 19044 19326
903 19 10023 30876
728 509 12109 20756
740 216 25168 27631
75 561 9709 23427
837 350 28358 31302
703 759 23164 31669
433 207 823 12607
149 458 25042 26129
35 89 24278 27024
619 260 11201 26388
450 184 4749 5328
256 585 19403 25005
457 489 17989 28458
364 98 5786 22706
176 753 8392 28297
165 11 17980 20915
626 588 18495 30982
683 21 3408 10436
909 230 6516 17596
621 717 966 27327
413 989 981 29362
809 707 18670 23099
346 589 1399 27106
904 380 521 30704
749 347 6601 8071
327 456 23868 26318
447 938 3941 22599
392 12 7655 9889
873 538 10227 32590
199 993 26993 28229
373 4 9420 28854
957 516 9088 22129
668 143 2458 28124
465 252 2712 9235
206 766 4244 16426
762 87 24117 26940
589 463 26653 29298
734 621 16290 19268
882 853 718 22509
654 931 4894 10408
695 159 6088 17120
47 122 950 31791
219 575 5389 10571
426 45 10870 31928
737 269 17045 30923
277 351 24376 29550
313 241 5250 7025
521 858 905 30687
29 684 24216 31549
690 33 2170 20782
869 104 28952 31824
50 783 1592 9593
308 331 8159 27846
502 662 497 23287
761 840 14907 25566
895 89 6699 29341
527 182 9874 23900
50 746 4058 26122
430 495 5151 7874
568 453 15467 30847
720 433 10604 32737
47 290 179 28392
676 497 24246 26473
544 903 5438 18071
630 756 5027 27710
519 276 10578 32057
524 836 10793 20873
885 766 2515 12533
971 769 5358 28506
289 301 4168 22632
88 5 9355 15466
43 141 5548 22228
360 686 11387 24613
456 664 24446 30220
896 552 24766 27659
177 154 24955 27584
646 401 12214 30929
108 244 5151 10743
454 723 1197 15070
633 131 3306 19917
701 357 6733 26318
262 510 6978 27025
410 242 23846 26098
356 379 6322 31617
520 569 23246 24107
888 466 14920 17270
582 724 21813 30106
363 527 7906 15243
151 329 6337 13183
538 133 23547 29274
50 916 17961 19813
534 918 1973 18412
419 154 2009 26805
212 796 23380 29251
96 183 15398 18317
479 940 205 14019
628 33 12923 17031
386 181 28480 29888
920 451 3053 32559
862 582 10949 11440
821 676 9851 31676
938 397 3265 24272
811 453 4619 28955
501 72 25466 29333
174 614 13735 25767
414 256 24 4014
707 906 16145 20384
461 664 8074 31763
327 62 4411 10152
424 915 12503 31941
593 526 11984 19273
919 580 19836 25696
947 784 13225 16237
968 820 1545 11659
524 974 14425 25316
955 487 2014 7213
121 880 22178 24802
999 254 15680 17513
496 569 13182 32253
723 447 4653 19642
691 198 6166 13876
358 521 2721 16058
67 994 18531 32077
472 393 640 3631
43 108 14647 32720
495 648 28852 31987
625 86 7962 27425
411 146 4892 30211
40 920 11893 25699
169 104 7779 17577
616 940 18294 29573
340 286 17165 22123
516 128 12162 16603
479 46 687 3288
507 526 6044 26032
445 708 30346 32235
745 119 18254 30820
721 32 18110 25560
643 732 1115 15283
158 560 16342 20096
622 428 17515 25611
257 963 11736 28512
720 977 16982 22854
794 422 3052 28908
909 907 1182 26410
70 330 6114 18952
435 859 21892 23635
32 860 2729 19600
255 209 3817 13659
635 164 8145 17625
262 935 13669 22711
161 63 8234 30222
525 267 18063 32633
776 510 12027 13308
170 57 4218 29903
800 396 9932 19782
968 6 2235 13817
694 676 23236 28938
255 766 11303 27028
524 504 1625 17965
705 824 17245 21000
366 411 9970 30907
374 629 2189 16068
503 400 10280 21673
665 300 11373 32331
178 849 7298 13329
401 17 6491 29198
289 569 18651 31446
779 763 6641 32593
422 49 2927 27055
659 504 25219 25591
234 84 3368 27210
929 193 18638 28522
761 291 17101 23291
235 365 7408 15672
421 830 16427 17902
40 993 2641 27137
988 813 5135 29224
54 76 3000 28250
352 103 14993 28729
394 578 6595 8026
64 836 8613 29873
211 906 10664 16091
589 253 258 16176
967 576 8590 30235
669 30 1896 3116
861 580 144 31931
843 315 29033 32025
225 545 2073 7784
765 848 13783 19209
147 759 12465 21767
77 119 14456 21230
288 985 8543 16470
457 918 4879 27542
464 215 2370 6997
988 142 5137 26105
190 981 7832 27707
322 382 18250 25483
852 154 20406 25217
479 613 5867 29749
44 754 7742 27307
505 676 9435 23553
96 549 8526 31512
921 762 24713 31818
602 606 3196 15368
350 245 21227 26301
980 692 20060 30741
314 832 947 14111
586 324 8433 31426
660 952 11848 32095
763 678 7278 19641
780 261 15713 16620
84 740 1746 4913
162 927 15018 28700
661 574 2466 26931
31 159 502 27640
578 896 1601 31298
466 377 841 25900
788 370 28285 30926
860 481 12574 27848
573 535 10971 26342
997 667 26713 27465
639 294 420 15920
773 353 225 20224
461 804 30420 32502
91 729 2241 28663
800 921 19778 32254
618 173 24584 29448
548 975 15456 24013
791 617 10513 14488
432 950 11437 24880
844 928 11399 14231
754 682 543 4056
704 839 9201 20975
977 459 17030 24306
437 609 9427 26727
801 644 6887 23248
872 681 4145 18971
642 4 6594 31646
477 147 15569 18754
753 297 4526 12748
864 916 8798 12031
806 712 8785 11281
165 204 6823 31022
436 422 6691 9388
801 211 11455 28221
877 218 6328 19990
831 650 13064 13862
603 712 8066 12610
292 918 3210 18451
87 544 15275 21188
579 664 8363 26020
566 93 4649 21949
993 8 4836 17989
591 183 5714 21572
762 597 13844 25296
223 361 26858 28506
939 22 20412 20822
397 43 30492 32499
77 836 531 23048
918 201 19982 27997
633 854 589 8181
554 627 7691 17181
54 596 8470 22412
77 203 8383 12203
149 620 16187 28911
391 506 14379 14725
294 552 11749 14017
997 195 1194 22309
759 214 1185 22295
541 806 10528 14805
420 703 24729 25407
478 102 6510 28217
962 16 4359 16977
38 219 6435 11426
19 396 18283 32759
617 49 52 17229
877 536 7410 9735
409 112 8450 16234
963 190 12180 24162
744 218 20443 21648
579 267 21572 24518
80 608 14452 22087
742 329 5570 28157
140 877 21741 28676
419 485 13992 14031
93 233 1900 6801
788 81 8285 8720
510 543 153 9355
895 643 1117 20307
575 159 2787 13857
110 829 9499 19473
238 85 8541 26931
744 171 19116 32246
537 457 2836 15622
622 776 16586 25570
253 205 755 23889
734 98 5591 30180
426 730 13521 29757
235 361 23961 24960
125 683 13255 25351
372 924 14906 24495
765 904 9401 9847
657 732 5049 15466
695 860 7082 26768
617 334 11641 24609
10 703 4127 23341
86 766 4409 25534
99 278 22473 27728
287 751 8570 23874
114 294 11368 20297
477 779 62 14340
171 764 8746 30029
687 737 3675 21602
86 600 12367 21468
398 938 6100 23137
999 309 20087 30316
633 947 3062 24725
695 947 15232 18059
131 271 3797 6567
793 542 10209 20617
88 138 3257 24540
190 772 19847 31382
763 150 35 28193
442 514 2489 6627
483 418 5397 7091
701 943 6729 17512
826 238 1771 15697
450 112 26740 29967
589 889 7335 18410
813 447 6194 16773
399 470 3890 9763
406 669 24604 31890
798 100 13802 16633
850 304 25697 31465
123 427 29994 30644
982 832 15187 21484
919 669 5811 25204
570 721 6311 30645
955 912 24762 31353
916 557 933 8156
304 287 14804 19775
933 727 13344 31115
887 545 11121 12543
475 193 11511 29175
281 264 6192 9561
302 223 6187 8522
992 475 16847 17510
371 354 3938 10532
75 829 5718 19598
995 694 22628 32533
750 19 10241 24476
557 628 4645 9888
368 2 25025 25921
392 456 2728 8781
452 447 3002 32143
626 988 11441 11515
161 613 894 8132
788 836 5908 10642
218 922 8043 28139
836 808 4303 5607
870 938 4335 27028
961 717 2053 21189
936 755 7325 12996
42 572 3194 20586
192 327 8467 22542
568 881 2823 23064
217 37 12727 29394
423 126 22340 29548
897 769 23994 30529
401 862 19498 32442
628 199 5624 17781
179 82 933 11383
689 908 1482 10149
326 279 10622 12120
491 717 16443 23534
95 301 13664 26949
610 830 6720 20763
304 466 14079 26165
136 293 1620 16904
637 677 2842 20013
292 396 13226 28018
23 267 18619 32510
906 794 2327 21005
741 774 21232 24977
361 98 13170 14111
766 665 15676 19563
883 114 23862 27625
984 846 13969 16321
993 702 8583 11154
428 112 31120 31787
749 203 2490 22192
375 776 3919 9960
550 725 12385 26415
154 852 11226 13401
415 457 2024 8380
523 332 23213 25218
904 915 18354 31395
970 100 17296 31547
355 289 24716 25184
358 100 3434 22605
768 734 7345 12949
37 211 15022 19988
930 216 854 18055
63 672 9096 22598
24 530 11366 32091
124 775 15568 23047
717 35 19344 26121
945 490 12359 27817
888 325 3989 30479
23 181 13300 20307
677 999 380 9790
916 657 10739 28202
938 452 2104 15379
329 474 10708 24572
179 834 12754 16783
434 17 20208 32482
974 571 20713 31151
920 995 1584 24961
864 215 1326 20476
594 336 1139 2972
886 920 10085 17281
296 325 19235 28804
973 717 12678 13742
391 778 13421 19938
674 720 3067 13337
272 604 5933 20163
978 520 516 31513
649 84 14508 16613
924 655 5846 30633
474 175 6856 19843
146 893 11181 22614
585 356 8132 15503
756 123 10925 31065
431 57 24115 26563
933 905 3176 22044
368 230 15240 18189
532 713 5616 8728
743 201 3364 22153
940 673 7254 15463
520 128 17407 20947
108 77 23086 28979
412 890 3208 23336
223 539 7361 17293
473 430 9710 19229
5 557 9271 25658
327 66 9231 30125
409 546 17457 18465
204 494 14485 18470
969 518 1776 7204
504 662 4378 12790
233 461 3958 23029
26 595 13509 28188
296 364 17260 30012
345 459 8267 28190
730 408 5063 18925
916 644 16317 18239
468 253 12792 32277
267 957 10883 15746
699 656 9457 25562
988 662 17682 18679
477 109 10528 28799
495 627 992 22978
966 26 12191 29745
905 261 20564 23090
853 498 16779 19891
461 385 12473 19911
245 444 409 24519
358 590 22791 26475
668 481 12682 25276
135 307 17623 30339
767 577 23894 28738
387 815 7902 26220
724 414 6537 23565
349 575 21630 29169
846 856 65 11734
642 364 9988 14601
717 807 18405 24998
666 259 9800 19767
203 644 25142 32709
850 571 144 18600
801 729 14562 30500
701 186 18876 19977
832 260 5648 11218
542 224 2745 8208
984 288 30489 31560
992 34 28408 31496
396 452 14821 17925
518 512 2503 13944
923 882 13094 28758
19 664 26714 31254
953 505 2735 32001
803 969 10548 19811
20 68 13997 26889
448 440 8275 31357
888 864 4150 19997
351 951 24857 27446
51 186 22830 29629
312 177 544 11328
242 7 16411 16982
601 887 5615 7031
962 162 12841 18512
180 78 799 5822
808 921 25303 26962
580 455 3530 22926
497 360 18959 30513
788 222 13654 26160
922 357 20157 32346
688 827 7493 17377
298 458 6791 18710
530 804 13731 23924
403 535 634 11744
870 849 14895 26909
461 765 17385 27012
927 318 6732 18308
803 324 13051 26516
712 357 16462 25466
172 558 3835 17685
115 266 23898 27924
811 25 7022 28264
461 517 15875 27669
263 169 27013 27869
480 707 1663 19122
811 779 19774 26765
896 372 12107 32752
311 627 4450 19296
519 366 9434 30457
518 352 26 28531
489 562 5138 10651
806 211 17784 21397
632 186 1742 19144
763 771 8139 25071
897 257 276 20571
101 316 11478 31181
61 35 12602 18939
133 883 10632 26344
898 648 22680 24421
884 243 3482 23751
375 350 27459 30638
59 756 6516 24536
411 188 3235 25522
740 375 10457 18891
335 223 7616 22214
384 163 18735 27199
367 232 14083 21490
175 187 25715 29400
365 276 9548 30693
987 61 55 12092
566 364 3971 31321
85 428 7905 31443
667 675 18753 25201
351 303 2183 12016
545 258 6803 9716
712 904 12053 21928
298 839 19338 25788
187 654 1694 18557
66 473 6487 6814
344 580 4248 31788
354 390 4982 18742
233 664 9257 28500
585 925 11073 20321
110 669 4802 7397
374 165 1617 24017
418 449 275 6693
278 300 14772 25306
76 503 27212 27255
196 392 7021 16376
888 173 907 21218
140 530 14662 14833
643 855 328 11183
528 942 811 5511
98 227 10237 18108
844 581 16673 18553
267 812 11270 26267
265 499 15149 22685
986 703 20758 22051
837 321 14604 17193
933 785 11997 15042
897 579 23830 26834
225 647 6084 9416
906 843 9901 12890
947 996 2253 30338
65 245 16574 18702
88 998 6962 10653
571 105 923 31729
493 417 3256 24022
657 812 5839 25828
384 75 16083 20687
345 175 10584 22381
805 718 871 26709
139 30 27444 28200
641 745 12762 21576
437 946 5768 26789
187 583 21506 30899
952 864 2345 22747
582 215 14216 21348
776 384 6530 30017
881 283 23219 26149
768 671 15606 31091
911 201 1890 21182
572 701 11058 27093
463 525 4297 13371
429 984 2274 12264
413 948 5206 21764
785 607 13364 29888
103 866 11727 20933
200 615 3240 24635
584 101 20734 30395
848 482 587 28864
961 656 10454 30611
706 211 26848 28437
123 794 5025 27193
762 699 10870 25297
750 820 4641 11966
955 495 6893 17871
166 286 111 28014
569 192 6390 18993
368 498 20424 29710
205 610 4287 7863
777 448 17874 28046
532 309 8526 28764
456 136 275 13463
289 503 14062 22259
815 3 10872 22790
846 224 3645 14608
261 283 17616 26474
247 500 2774 15462
327 478 8015 28040
191 645 12742 29258
739 448 20184 22540
425 622 8757 26127
812 909 26886 28291
529 297 9285 29992
873 811 2162 26131
728 226 19389 29562
613 94 11441 30849
803 402 24961 26853
8 329 7434 22644
92 325 11931 19769
252 532 1014 19705
664 852 5817 21694
481 824 4271 9978
975 692 3244 17068
58 677 3536 8592
936 533 18355 23274
718 925 10162 29364
522 875 21005 23157
657 343 6459 21862
340 889 10247 16210
792 477 24299 28072
358 753 18715 32371
976 486 30381 32677
429 781 8045 17209
519 92 20272 22366
451 329 1651 28618
897 151 1750 16569
613 663 24075 28921
93 560 16613 18767
211 594 10994 25816
29 951 2705 21094
323 451 5107 17534
641 325 1680 15445
583 463 25408 27061
429 475 6608 28888
274 686 8855 22995
559 506 1423 24559
607 190 20450 22553
770 376 28285 28611
395 334 10378 16738
670 761 16521 28627
589 380 15803 32479
133 940 1024 31452
621 799 28434 29286
487 618 5905 21581
122 470 17305 25720
871 474 8272 27851
226 711 16486 21668
844 408 4404 13998
951 440 176 26733
705 345 14489 19074
452 562 5460 29388
757 913 23431 25919
68 457 2040 14341
819 365 6217 31794
67 958 7839 20761
219 449 12970 18366
579 493 6842 29620
728 363 12555 23883
768 326 6670 30787
137 742 15232 26406
260 896 6447 7807
296 40 19583 27342
205 170 5035 5181
45 476 24976 28493
658 712 3446 29445
908 841 15294 29631
609 236 6963 7881
282 170 7345 18747
484 90 10230 18206
28 436 4169 16442
895 3 13605 20068
849 723 11298 16400
875 532 1949 9114
299 500 8804 27419
983 692 7491 13261
433 596 8666 21936
794 601 5594 18502
400 360 25889 28140
666 371 2558 22158
582 291 10407 23726
120 638 14976 22543
614 236 451 25992
401 581 1590 15175
719 597 8108 15556
215 242 18261 19820
684 493 8220 10686
246 439 3310 10226
317 231 10363 17597
551 745 6326 14783
148 816 5487 32357
345 887 1093 2286
386 389 15404 30049
43 391 4365 10715
200 458 648 21842
635 938 11560 24910
942 692 8635 27408
834 123 1912 5984
551 185 4406 28882
333 83 21212 31560
266 363 2841 8376
773 448 13653 23343
459 752 16406 30695
568 81 17032 20661
769 773 12551 13301
599 764 1599 15722
893 158 21319 26000
550 129 5973 7912
81 551 8532 30424
175 532 1393 26644
791 279 18161 30275
286 879 13562 19499
693 904 18099 18443
214 221 2533 6898
528 960 7465 14856
755 80 17270 19450
205 323 7189 16250
751 92 308 16552
410 582 1130 19972
998 362 14520 30054
499 997 6865 8238
321 838 20186 28537
534 454 2019 3109
910 945 23802 24242
296 292 8694 20723
742 832 6364 31900
653 382 13202 18186
414 354 6324 28517
556 533 22231 23511
526 910 20924 21072
504 449 23306 25407
709 827 15378 30928
968 413 9511 19972
124 479 3605 31284
207 734 4439 16213
982 633 15673 22476
653 704 26957 28016
943 830 13218 20047
221 321 22147 26210
122 15 8860 27237
654 44 6597 28543
912 785 5212 15844
882 175 6619 28086
656 604 3990 25405
633 573 18784 22204
418 709 11029 28895
55 925 16052 20505
315 661 8351 19802
905 185 12995 18273
556 759 5048 12180
372 576 7963 19230
122 94 5751 16635
759 77 13327 27564
536 988 23561 29181
724 454 8808 10377
496 636 11879 27476
395 781 10294 31366
6 201 23340 26674
959 218 6125 17319
574 788 4321 32753
646 327 9123 23269
152 595 9684 26176
373 43 984 7272
75 836 8081 19110
914 112 1684 29031
487 702 25041 28820
577 325 149 22014
402 329 15539 18482
727 612 11819 20298
324 713 2503 22601
426 701 3793 18137
730 719 281 20546
375 401 8311 26202
959 343 17333 17565
514 456 2219 25977
807 915 21460 24003
394 324 1702 28363
378 86 634 29038
267 75 2148 16827
111 458 6900 15909
810 745 11897 17847
582 227 18590 19573
644 115 5686 14083
420 770 17585 26667
855 494 23137 32012
379 483 6721 25421
95 758 30098 32510
136 560 14133 27691
371 647 10202 21803
787 19 6621 9917
261 448 18842 27944
147 375 20399 21747
902 866 2019 9332
359 160 5102 16133
232 677 3330 22250
694 14 604 26564
793 20 11370 18903
280 871 4726 22625
479 700 12297 21925
394 2 4385 19896
750 521 12436 25741
158 932 684 23895
116 705 5680 10485
408 839 2688 29898
470 415 24551 27887
195 958 6194 29574
296 834 13663 30606
770 178 15283 32191
969 715 23005 28895
511 104 3474 6944
308 354 7225 10478
944 841 24203 28226
912 25 14063 20162
709 16 20951 24921
369 680 1972 12220
923 224 14983 28628
477 343 12528 27940
500 540 25159 26279
487 775 5440 14245
628 852 9014 12644
216 450 3060 12752
734 503 12253 22863
633 710 25239 25999
701 483 3870 12393
83 710 14290 16459
99 359 7836 22027
455 529 6334 11410
365 193 22189 23027
598 697 2169 8581
381 200 23000 29638
218 37 16761 22663
991 788 8799 31877
178 759 27472 28277
861 705 6227 24443
130 47 1695 11957
491 512 16304 21280
929 647 13861 24875
571 382 4381 18265
602 717 15860 16889
115 531 306 1328
812 75 7429 16119
2 747 18252 28422
250 938 7219 8114
846 176 2374 15315
435 355 572 26732
657 343 14777 24553
618 677 9030 16791
431 127 23679 28530
383 418 18008 26970
313 677 17422 26645
509 217 10644 26206
774 114 21111 22260
154 750 2259 6182
261 171 11314 27874
450 949 20187 31973
268 480 2350 21588
644 419 17587 22822
20 942 9554 18400
652 773 16222 16650
122 277 2923 11851
319 935 1867 18405
744 211 13824 16571
938 47 9018 11342
226 55 40 16605
3 887 11745 22909
849 551 17594 24756
310 134 31259 31264
475 106 9163 25632
746 655 17172 24364
737 599 12636 14636
273 816 20599 21163
104 340 13846 24147
916 965 10781 15125
265 767 8346 30766
237 771 10834 16391
617 833 4092 11774
603 525 8935 15407
306 726 17997 32285
769 283 11169 26078
976 310 10501 25752
799 278 2121 16381
4 111 14742 27032
767 261 9511 21644
372 249 15341 25061
177 106 118 25133
785 8 4316 23414
320 110 12933 19212
648 734 692 30688
347 321 2180 20742
538 895 4537 9946
429 587 8168 12624
532 866 12446 20676
181 830 394 8271
783 655 8464 16671
479 137 4744 20413
665 939 8235 8465
681 927 1235 21786
538 454 483 25346
799 910 2738 11558
160 990 25371 30594
607 1000 18674 24755
108 360 17153 31473
918 541 730 20403
307 206 3348 21105
273 175 18232 23335
717 148 7037 12439
573 261 9197 26774
289 946 5381 7788
639 633 2755 5174
72 150 5767 6402
660 210 5771 25293
125 911 3282 24205
947 482 13331 28605
756 362 15583 27953
870 313 3585 14377
687 857 3127 8599
277 848 21727 27110
490 767 7947 24539
83 135 7541 31778
873 381 5426 32138
415 440 2539 23879
68 968 21668 32294
628 681 9318 20310
626 329 8102 25599
409 406 11651 12404
147 747 14068 21765
449 485 5671 30738
573 41 16155 23661
972 744 14377 21833
112 933 18892 26725
669 318 21076 27094
882 530 16288 18244
42 243 125 26884
868 419 24278 28634
143 835 20235 31523
754 34 7232 18295
339 35 2594 17760
7 410 4672 14837
170 120 25956 30975
431 117 1264 7310
305 702 5072 21122
139 367 1128 21142
669 866 25290 30109
144 296 3885 21003
820 592 438 31899
448 414 18409 29918
426 854 15084 30315
288 305 4074 17783
910 999 2383 26636
24 430 6959 12705
347 433 1053 22454
743 789 1748 6949
303 104 7418 26069
796 914 3881 10414
623 465 15010 26966
438 568 15715 32538
993 991 2281 13986
789 9 30315 31149
456 801 13879 22827
286 495 5191 14245
100 594 325 23720
219 206 5750 29405
295 768 21034 27400
369 863 3432 31579
506 710 13830 26573
664 759 1709 4633
558 874 23376 27317
247 654 18299 21893
875 335 4366 6028
85 537 5931 32258
332 756 7788 32141
305 248 6588 27237
56 59 6158 22804
923 361 14927 31866
635 195 9491 17816
832 835 9641 17789
875 167 8244 29587
266 20 673 21684
276 292 12627 17896
205 731 9982 27020
68 887 6761 7167
572 518 3384 17624
488 949 1277 31561
290 558 17337 24723
773 105 8606 18117
137 718 7417 18112
256 881 2022 5634
535 416 19413 23574
158 377 3199 30230
587 191 8018 27451
340 263 9262 32149
301 902 23187 29649
289 573 7321 27333
43 24 1130 25058
519 971 2084 28365
725 589 1004 22602
990 658 8633 24802
682 900 13444 25516
1 602 15536 17763
48 972 16447 18207
335 637 8126 18923
600 281 14679 27044
203 113 6208 26885
480 173 3433 18930
116 498 2538 29053
608 652 5682 13494
165 373 9527 18159
757 895 2630 31460
870 998 11575 29436
624 930 6264 23872
26 804 2783 18678
240 502 2931 20437
743 304 21174 30516
548 248 11216 24278
346 625 8386 8748
314 824 18670 19656
280 771 3769 17716
739 898 9965 11141
365 107 17672 22664
180 9 3324 13555
129 892 4679 20687
727 511 3487 18875
478 278 9571 23541
184 166 19456 21235
531 474 20987 29643
233 138 7947 9742
948 335 11715 30627
446 613 6254 25810
952 951 1564 19900
337 58 25181 26261
849 195 23386 24316
495 354 101 7790
712 499 3769 16373
201 626 29379 32475
855 135 24367 27416
988 26 6646 32051
245 345 18181 31261
74 456 8640 28063
101 344 7080 32048
414 379 13376 30467
31 415 2751 21718
708 129 14436 23437
53 332 9488 24084
423 218 14932 30537
391 345 28211 31153
601 138 1897 27433
760 871 26208 31084
615 954 3441 25796
815 662 8114 25018
786 672 12719 20050
96 853 9266 15034
175 715 17112 17330
896 328 10445 29759
623 256 25303 28580
708 557 29334 30606
968 119 5898 8847
282 855 22221 32341
739 534 17602 23804
958 571 8073 25863
868 765 27160 32199
150 614 4187 15665
45 985 2614 7378
943 597 16182 27545
850 401 11595 12817
230 250 14712 23088
606 324 15729 16295
432 998 6166 6890
861 177 17962 31077
898 394 3054 29286
504 293 8483 24329
586 52 17129 27093
141 121 9698 13201
812 977 6860 29473
165 369 18843 25702
429 53 8003 8679
323 783 9344 27400
4 36 20597 31710
683 173 6660 27601
876 397 12538 25062
225 86 20795 25743
372 338 20786 23472
694 790 26885 32608
287 761 765 6914
319 670 12137 16977
684 13 3177 24592
693 873 2830 27876
407 278 1838 4344
454 665 533 6206
534 277 1297 27748
442 731 170 30606
388 89 129 20464
487 950 19029 19904
42 973 2751 8439
453 432 2149 9745
657 983 4856 31879
915 250 2003 15658
113 915 9256 20593
929 127 4960 11784
6 646 13878 16696
667 761 26037 26325
69 971 240 28171
84 147 756 5723
459 906 12000 13563
969 488 15063 20706
975 475 10205 16222
410 635 7804 8554
299 911 9058 9859
437 796 9200 19736
806 936 22460 23419
674 106 23967 25294
765 380 11964 26990
944 819 5155 18515
406 590 9395 28058
879 6 14512 20209
780 541 14290 24310
411 474 5295 27345
718 971 13507 22680
119 652 5625 11718
647 384 1323 16946
672 172 22038 26382
47 300 8185 14022
294 713 2841 14703
80 832 4221 13450
870 1 16408 18888
386 821 2926 7912
515 153 11084 12268
64 531 11205 30878
488 35 440 18940
354 820 1207 10440
888 19 19455 28303
953 487 2175 19218
670 145 6374 8502
981 102 7157 13091
461 770 871 21344
794 848 3038 28240
930 383 3090 12803
742 471 19722 23157
629 445 23802 26791
501 83 3540 19330
867 627 9998 11025
790 373 26443 28999
527 687 19515 21024
35 997 17607 26339
572 521 1036 24107
676 980 4339 23740
756 70 25969 29760
949 371 4624 29495
485 263 13482 30514
756 299 18255 29796
551 807 2662 10110
572 282 3725 9534
191 241 18688 21771
741 484 17899 31506
175 463 3173 30282
409 744 18608 21923
819 588 6194 8465
640 487 11990 22165
878 899 1929 8649
541 184 4650 4949
603 590 11717 16827
943 527 8538 22786
364 752 7050 18688
113 465 4075 29568
439 931 14155 19703
858 881 24101 31879
51 914 19020 27209
501 55 18980 24978
824 176 837 26946
339 524 15528 19985
236 784 17640 30282
876 511 15431 28471
343 411 13921 30827
178 139 1164 29655
888 901 15303 24536
62 422 9308 25861
373 96 1192 15974
640 67 5438 26057
743 968 11281 11911
636 425 20270 22094
572 405 8565 20826
487 787 5494 7691
171 860 23562 25171
254 918 17748 21530
43 6 16630 30738
912 389 3202 24497
37 503 15419 29296
983 232 6792 32206
365 544 12094 29436
795 761 7306 23662
725 886 7962 30119
694 118 410 19766
58 817 16179 27952
337 594 12113 26589
542 310 7346 7850
862 524 18815 31100
4 21 15338 27413
692 102 5785 14108
38 564 19712 25018
886 239 20503 25694
682 698 5223 32424
988 961 20664 31794
649 636 13629 26460
32 372 6066 25770
967 516 5096 28454
963 562 2429 17709
174 733 4726 8643
686 600 293 27688
683 376 12642 18842
521 179 8667 21625
255 218 11314 23075
215 417 19890 26037
239 268 9112 11454
671 764 4857 7629
397 793 6081 19819
69 234 19329 26824
493 836 11845 23509
248 808 12244 25738
528 816 22254 28048
409 242 10245 18186
308 5 5160 11424
306 204 18946 30456
938 402 9605 29697
133 45 26863 29544
887 317 15391 16955
528 815 22097 27046
68 981 22367 25508
272 608 26383 26418
166 249 8126 32405
475 324 10066 15586
838 470 5033 11659
92 808 24316 29037
74 620 20353 24108
682 576 18136 25400
515 521 10799 15271
346 842 2094 32705
237 309 421 18754
601 433 18248 20511
569 469 1556 24085
515 476 5951 31792
998 265 5886 28418
79 108 10405 29426
244 38 24689 30838
760 985 6714 20686
520 220 2264 14236
533 486 23 28521
875 360 9393 32161
857 408 17170 32070
875 99 9626 26538
973 67 10242 19837
832 385 16481 32708
761 485 4902 19286
680 340 13748 23351
703 377 51 6463
236 895 2108 11109
696 605 8171 27178
657 227 26344 31361
508 516 18102 27136
895 213 6104 18345
487 357 26160 31501
189 517 12914 13257
662 338 26585 29265
867 617 3564 23065
190 938 23552 24468
263 776 23504 23696
646 928 4099 20009
785 656 14531 23079
424 866 5749 29635
719 392 16575 16791
852 314 12914 23591
490 558 15541 27322
157 224 171 14109
654 363 10555 14046
537 414 15118 27587
822 178 266 19782
413 611 10871 24040
446 397 6017 10151
295 817 16231 27722
791 544 801 28332
995 383 11158 19976
222 931 6159 9843
614 959 6826 12524
597 732 11022 29334
182 601 9396 32237
49 915 4514 32003
672 606 21022 27713
499 652 325 24013
760 510 10057 27839
631 913 5430 15448
733 258 4702 4876
672 526 13133 29064
347 251 22285 24802
409 427 11784 19635
247 242 4609 22932
541 525 12041 28706
326 341 13452 32105
817 301 12694 32148
870 576 14771 27531
109 327 3352 4795
339 618 16745 32206
214 436 3997 5565
172 764 2679 26060
583 521 10326 20917
219 21 16111 22375
915 806 8729 25391
353 657 23600 30673
709 160 28128 29872
248 933 3250 15035
584 399 19243 32071
950 549 10983 30320
559 96 8845 11538
321 566 3511 3683
798 932 16294 23090
861 812 22854 31069
7 72 26507 29037
512 533 2649 27939
911 867 21509 25072
207 916 9480 18107
910 659 8487 30386
398 936 16974 29667
379 513 1828 17316
196 834 5459 17602
813 904 12290 22268
692 698 7474 28965
90 113 2897 19583
453 58 5466 16156
508 410 3195 22061
571 425 2645 25910
767 562 6525 29837
580 82 5470 9704
901 983 8494 26469
467 811 2849 22477
987 505 16409 28636
553 575 12844 17973
33 108 6904 15621
543 44 13684 13734
581 194 13814 15256
518 397 9937 14422
784 198 14582 22702
639 665 4477 21170
200 362 8943 13668
955 474 7321 28634
365 770 6978 7301
444 671 9763 15784
940 238 17638 22109
705 186 19348 31506
478 693 6465 21729
358 995 16035 23146
602 797 8763 24736
298 636 9620 14345
887 899 1289 21741
752 58 20313 23863
931 857 21093 30388
887 802 10123 25387
735 99 2041 31237
898 642 12537 28540
33 945 12709 18391
272 116 1258 19428
720 792 16908 27758
532 135 13673 31471
147 929 891 19845
998 5 9634 13986
579 912 23075 28421
417 85 18032 27369
604 503 682 7036
219 843 914 24420
256 72 3739 11946
504 3 13522 15681
452 662 12216 28977
23 426 12673 21185
233 813 23629 31554
428 981 18383 21209
861 654 10322 17015
68 920 14986 28283
87 548 19320 23244
972 104 14152 21867
142 218 5685 10382
370 106 28751 29521
427 42 441 22378
562 394 4127 13107
154 71 10662 18352
171 92 8 20453
77 124 9965 31356
663 822 6432 6661
321 850 7652 10906
31 492 9140 20376
623 631 13617 23715
573 491 14942 28651
36 289 429 23055
928 974 3324 3999
825 423 13761 18658
587 413 4097 8282
524 537 1966 27742
350 905 19937 30295
325 330 27894 28829
795 153 27576 31426
331 797 8047 19581
394 359 4951 22698
668 630 10404 32063
942 308 28546 30658
560 580 14457 22241
94 72 10673 21922
471 990 20965 24170
989 827 15376 27335
598 875 5600 26101
514 447 14463 31375
679 184 13292 25387
513 579 25554 28414
741 238 14639 18220
848 666 4860 21138
500 409 6897 31496
499 674 19834 25813
599 594 11334 20770
48 541 1531 30904
431 318 209 26976
972 403 6841 27448
347 93 3653 14006
84 926 25549 27659
891 948 215 12713
557 725 10068 16511
900 515 15657 15722
644 658 14675 14987
7 519 7127 13131
574 436 5270 5885
162 753 504 28982
394 573 19877 24958
789 758 8182 8671
210 421 21676 27045
502 757 15583 22634
838 917 2930 17424
686 300 11507 24804
233 901 1832 32642
705 315 4059 10503
722 895 742 2421
914 711 1064 5054
932 609 20855 29509
445 697 12365 22314
518 847 6868 19385
787 197 13920 20449
675 503 9315 19906
2 667 25278 31049
131 659 15643 19288
650 9 16827 24299
777 10 13434 28040
737 966 14068 27675
155 847 10710 31768
367 769 3255 9114
53 745 337 24481
811 488 16229 31529
806 202 6787 16856
188 337 26783 30563
458 752 824 4571
889 757 9949 11044
414 30 9896 27632
914 600 15530 24396
103 380 27743 29092
629 179 21507 30306
587 339 6126 16661
922 410 30480 31452
734 602 4775 25144
382 750 9890 28570
7 844 21390 30187
492 67 13194 15767
449 727 3443 32467
687 235 10657 28638
362 455 7969 18488
978 498 7128 28283
327 273 1621 10754
969 184 16470 18778
302 680 10569 22072
597 34 6488 22121
298 819 3992 5910
491 641 4228 15686
675 645 16292 18603
525 593 11651 18341
235 580 26399 26443
367 556 11045 13096
251 35 7542 25642
764 924 11048 17565
516 24 4186 28622
511 869 9532 32762
422 110 6100 15616
699 16 94 5628
884 748 5107 23062
803 617 4 24064
461 116 1745 11766
730 650 3395 21469
549 421 12838 20866
956 718 7918 22213
154 994 3772 28445
835 807 28651 31214
512 872 20148 30575
4 912 9982 17350
893 700 9168 29205
735 684 23696 28465
966 195 1910 11427
538 476 4738 6832
8 544 24672 27629
847 333 8034 25652
552 529 15861 26547
433 8 2914 29468
859 506 14844 32752
523 985 2639 17735
758 705 19103 25039
241 760 6338 14561
704 184 4011 4468
309 683 16479 20256
483 95 1897 27680
523 730 11109 32700
791 431 2797 17115
574 305 524 8837
199 184 2097 5989
713 370 4612 28401
154 211 13697 16321
838 504 2798 18073
443 657 18332 26393
210 461 2785 4028
777 475 10869 27639
103 421 8123 31462
983 271 2641 20017
177 201 13723 15228
853 865 5135 17814
250 701 1159 8470
150 176 8913 19275
702 842 16536 20043
720 277 5848 23025
831 133 3038 3545
160 15 1720 13161
58 406 12744 15924
883 490 10404 20114
169 970 6367 26320
213 19 11400 13351
407 1 28563 29263
414 653 22788 30919
214 264 1274 7367
128 104 20461 28535
516 392 11358 14132
978 836 8906 27677
650 494 28509 31825
128 963 5638 14167
236 625 11993 22193
769 828 19041 31749
444 663 8301 10820
711 633 3777 27768
983 128 4679 14210
995 66 5023 26120
254 785 17430 18805
975 655 18134 19521
143 195 2418 31322
818 666 30245 32099
217 665 4276 13252
15 338 433 5858
859 534 17448 29801
142 746 2534 7808
813 77 12003 29266
721 152 10495 32717
974 910 49 32359
712 134 1917 3748
965 935 2434 19841
334 596 7341 15794
279 393 1966 22062
978 317 18984 23021
127 391 7597 23792
920 453 745 6787
922 299 191 12061
189 913 5458 28112
855 393 6019 19137
550 959 880 6175
653 442 9468 23194
721 394 14336 21924
964 545 8794 25432
778 359 6379 32508
842 609 29192 30594
407 555 10996 31877
560 214 9682 14423
661 82 4206 16037
123 744 12918 18749
169 233 12436 28014
900 843 21393 29396
624 686 11150 11169
864 417 15800 22489
343 251 7443 27398
488 367 119 23086
788 566 1538 31192
34 83 5464 13002
11 196 21059 21467
942 917 26881 28579
601 281 14067 31550
386 19 4984 8810
861 601 21690 27958
551 75 9081 23596
402 651 23875 29585
769 805 9372 20021
519 120 14512 22075
371 350 715 28055
511 241 17469 21410
9 270 26784 31692
945 846 14601 20709
860 355 3643 32480
865 680 7768 24217
682 508 17654 23740
389 952 3076 19795
203 54 25113 30580
40 765 16644 20004
837 51 3007 18272
931 402 12713 31579
337 246 25666 30388
655 709 8374 13932
395 584 17631 19925
900 506 10030 30500
422 966 11074 19666
694 926 4093 9984
710 729 25144 27060
810 788 11528 25368
100 277 25342 30248
605 899 21810 29988
734 450 18784 21096
918 542 16295 20261
820 742 6922 11488
631 739 4798 13198
739 1 16928 28323
392 469 5260 7080
238 303 4038 32727
435 586 3881 19029
25 10 16221 27519
497 461 29736 32655
84 597 4138 19667
364 93 4641 31207
238 50 4701 26933
371 12 13428 28093
415 901 15634 24886
681 209 17061 23779
636 959 3484 14406
742 535 1560 10216
247 308 10392 15013
524 52 30237 30978
789 317 24024 24691
331 930 8418 29218
191 975 7725 7916
302 689 6843 13484
601 554 12477 23053
413 211 6879 7098
5 602 19474 21128
97 551 3562 24727
713 801 20324 21369
210 607 3907 14427
933 148 23899 24228
612 746 19186 26903
758 770 18923 26009
389 578 15333 25228
326 768 29824 30341
953 935 13614 27632
298 759 9489 17961
527 298 13896 26280
978 604 5224 28291
273 579 19552 25598
149 376 5414 27864
136 363 14311 22161
682 886 16330 31907
317 187 1686 12112
639 471 11470 17536
225 971 14863 19930
398 17 15794 21529
838 492 4696 11519
316 931 29085 30348
4 471 2898 15437
280 755 12011 28633
69 700 14406 15236
730 776 1211 8785
833 468 18202 20064
537 152 8312 24602
211 198 7304 22362
307 484 10215 14352
466 142 85 8833
298 271 19299 27283
137 273 16232 31315
137 699 12490 26011
767 730 9666 17615
939 964 3489 29069
647 817 31707 32022
908 410 2282 30315
114 863 8851 28280
414 283 1045 14817
872 579 15970 16452
629 895 1971 22931
259 416 17801 32408
651 963 8752 13151
828 340 12009 25227
638 39 2448 27301
891 922 14828 24900
581 199 2988 32521
980 697 5599 15261
246 205 1312 15488
732 283 9180 21308
763 221 7600 17910
712 704 12143 26859
752 24 16839 17088
631 552 6208 18932
719 682 12762 22086
283 884 8577 14252
460 797 4908 30265
428 38 10339 18434
25 531 9223 32090
220 948 1611 31304
779 279 7383 29026
516 393 1781 6163
715 957 6100 8788
190 500 5684 15991
318 94 20452 21150
705 487 21126 25204
766 477 8596 32031
320 521 3488 18288
215 740 4320 30301
83 956 19890 21737
498 736 17851 30467
532 80 17637 22014
534 776 13918 22667
580 846 4910 20121
210 666 5342 28330
404 46 20674 26622
292 598 9959 22171
292 162 23974 30775
197 522 22019 28110
727 569 19252 20370
858 852 4917 21843
117 509 19417 24546
156 731 5287 31534
911 20 10921 15339
745 374 15107 23542
383 339 2316 12468
978 75 12981 26780
773 14 3961 19405
779 514 27239 30443
339 969 25131 32156
606 95 14224 25590
707 347 16781 28654
584 540 8468 28797
555 222 4505 21911
441 180 14809 27991
632 176 9494 22074
752 817 21633 28340
784 668 27466 30608
830 671 10014 28527
238 570 7823 26070
479 127 23370 26609
289 651 5954 30687
228 413 9702 15733
774 150 6237 6521
275 306 5769 22936
946 918 75 12697
301 930 16525 18507
609 874 5718 19436
911 959 13895 25503
26 411 3853 27508
713 373 915 24625
632 977 20317 32363
274 12 2719 22376
370 439 3080 21966
763 65 16941 20525
507 386 3128 22988
863 349 1819 5223
484 158 13996 21396
474 149 3616 17978
917 801 20778 25835
719 296 18642 25092
24 590 16871 23992
695 364 6629 20764
742 339 8056 8992
985 633 1734 24378
39 723 579 13580
893 156 13171 17819
535 477 3399 23653
776 774 9542 20280
459 371 14673 30430
315 66 1437 23840
8 372 20962 28941
731 706 6054 6057
957 43 14682 22851
787 299 16522 27973
204 197 10593 22046
653 317 13334 19673
349 959 712 28079
341 740 7997 16961
587 766 3987 14952
63 721 25236 25291
84 229 22394 28065
11 737 2488 23765
301 99 17512 25110
528 589 17757 25790
716 402 5887 15975
230 209 5806 20616
645 977 10135 11026
603 318 1332 2285
157 570 910 3113
391 191 4820 7268
786 420 19351 23041
312 511 11758 13313
9 923 28387 32010
942 554 16342 19452
470 100 10983 17668
552 696 4077 30615
496 689 4210 15090
485 405 1698 9503
275 347 4361 19125
652 563 13169 32492
724 619 9865 12913
637 646 4766 27814
472 103 789 18843
541 847 2045 16252
77 155 28085 31578
590 378 16623 22313
431 934 5333 11019
237 944 18692 29776
13 993 26813 28867
514 382 10990 24204
409 899 13876 30133
244 484 5507 26220
460 176 6379 22719
42 367 23994 27249
112 877 7521 17291
419 415 22835 25490
147 190 1397 15608
743 914 16824 18607
163 736 5832 20925
531 647 6211 21139
628 599 4908 29433
377 187 3434 6787
524 49 4285 21782
125 528 6752 26687
984 297 8737 24207
762 185 10802 20423
732 573 13372 16697
315 95 29590 32393
615 681 7589 16841
866 911 1509 13670
692 962 17194 19036
949 554 7027 23904
802 971 3146 3314
444 163 8192 18464
5 475 10169 13806
940 917 6515 28230
339 317 8159 11928
55 402 8469 32034
63 999 16217 28572
289 557 3923 4604
930 580 17783 25480
469 305 7980 23969
685 450 22865 27324
22 920 2322 12418
377 44 1743 13665
222 245 10176 23776
671 489 6972 7634
746 162 18715 19690
120 131 816 25017
716 163 6078 24625
902 841 28621 29641
448 473 582 11099
888 341 11699 31700
616 120 23344 24391
202 631 1958 11038
424 713 14789 20255
707 504 12029 27373
339 241 17338 28092
134 936 12734 23925
308 199 3382 5273
386 257 3166 8977
989 426 16831 25068
394 498 21312 26564
931 113 3843 13530
917 757 18060 26215
688 833 8227 31024
678 664 3643 9112
192 515 3204 24459
269 320 2281 30188
364 356 23292 24881
941 873 116 2124
611 291 16643 26588
324 815 8190 31477
388 798 1569 12628
790 361 4264 15808
197 861 782 30530
826 161 3804 20943
199 893 17316 21576
820 877 30015 30121
543 662 22361 23171
625 17 1708 29232
567 710 21656 22324
6 466 10051 22684
387 396 1343 19779
161 820 15808 30753
756 742 25376 32695
430 342 19236 32070
544 203 3136 25729
636 873 1438 28156
320 473 5549 6300
518 132 12437 18580
97 377 5151 32374
802 747 3658 26908
500 934 11693 13107
757 667 17845 23171
166 146 1315 2652
61 767 8905 11607
249 944 5286 31285
637 847 7971 26132
633 547 9399 19395
325 259 6264 7602
399 758 1364 26788
439 964 10213 24925
1 746 6164 14322
419 724 38 27449
688 843 5483 8200
796 809 2425 32127
801 675 6675 8206
265 87 1884 5057
157 525 15856 16412
165 987 18086 27600
841 51 15356 20556
887 176 1487 13428
710 73 10169 31303
779 557 6685 24383
146 552 25388 29260
439 133 9553 16863
981 804 10254 29952
583 357 4815 20472
981 598 3009 10865
762 962 2052 16828
659 867 11472 16290
258 337 6039 22461
716 763 344 16154
319 173 5598 23924
816 955 29628 31536
621 109 15291 15719
686 483 4457 17997
457 563 6995 9073
79 481 8107 9487
721 966 5984 31856
526 380 6173 30943
497 392 12428 32744
111 361 17420 27532
398 217 11351 16418
261 57 17469 20102
207 866 24062 30785
785 657 9149 20234
847 739 12943 30511
634 266 11141 18819
685 614 226 9891
512 663 5081 7978
316 225 9095 10293
207 697 11094 30196
667 632 11262 14628
331 470 2763 19390
133 57 8628 27228
758 77 21623 24079
946 70 13069 18024
707 292 12304 13577
501 622 6587 9246
303 35 1956 19862
76 564 6191 16428
235 942 11354 15256
195 727 16694 27775
195 959 20442 22410
697 865 27278 29862
122 705 7558 11336
594 304 12912 20306
292 30 12887 26156
331 471 19037 27264
826 426 15153 31677
537 198 18465 20861
441 845 19196 32408
11 814 13093 30351
147 613 5594 26422
427 38 29444 31586
421 594 7769 20156
144 569 1039 4999
95 529 13566 13939
783 325 30449 31689
728 234 16750 26008
77 302 23916 25718
679 289 20483 25292
647 769 13396 15970
675 968 2641 25233
651 481 15053 31401
308 652 2085 15684
372 373 14842 14848
791 803 11714 14310
906 424 771 9645
350 957 14804 32040
792 312 8467 29838
542 648 4080 14823
804 240 6176 17230
999 914 910 6456
938 246 1792 26957
104 331 8047 9214
393 381 3994 26483
64 704 10896 17142
284 660 6778 23454
14 385 835 19107
674 517 29918 31118
906 532 65 24888
695 719 9272 11883
641 616 14644 23822
857 316 579 23463
693 570 1596 19489
132 908 25227 26751
514 724 6513 16781
758 625 28833 31425
35 441 18759 21034
444 513 14665 25763
883 179 588 18893
899 479 10043 32507
76 157 3332 27758
464 97 1284 24163
44 1000 7085 20323
600 515 9312 17121
595 602 29779 30284
640 451 11017 16912
742 635 12979 14382
543 523 15652 29629
94 550 4437 32095
63 139 11181 31347
266 270 13183 23692
400 316 9505 27093
601 303 4486 30060
861 70 12287 17178
705 784 14275 22728
165 282 9879 20549
828 936 5340 16696
531 353 14131 23281
885 918 207 29456
478 795 4869 5229
503 783 3008 13466
33 473 12980 18474
694 292 497 28949
492 460 2352 32742
395 681 16051 27853
122 467 3500 12472
109 815 26203 29218
737 594 8185 28077
19 610 3557 28898
438 709 5542 20910
131 772 9377 15265
910 168 18319 18672
118 249 8145 25370
677 851 9608 13382
577 393 1833 4267
739 294 4167 9786
606 610 20822 28884
778 233 21496 24439
945 171 4213 11708
617 927 22217 30527
820 825 28311 31148
924 742 17769 26092
739 806 10641 31300
626 585 16293 28495
456 93 17140 24446
805 143 3974 25239
568 919 17704 17815
470 361 2437 4379
828 153 10511 22121
711 95 16253 21097
241 763 15294 19121
199 331 9005 30912
265 467 6856 13512
161 636 5524 14522
632 472 4815 18705
677 573 3598 22826
439 232 16704 17210
237 428 1258 32649
468 3 27160 30585
73 803 17993 29718
464 325 1240 3227
140 626 9211 26360
40 847 5099 19351
565 467 6441 9110
221 319 7474 11783
592 973 13779 23576
612 283 29605 31625
290 378 6240 18136
990 122 8494 9949
624 897 2480 31050
433 548 4907 18538
584 429 2610 12788
478 765 5870 10425
214 835 28528 29135
761 854 9789 23288
704 608 2702 27865
980 35 978 26488
611 640 1603 8979
955 334 1583 10203
532 944 3063 4708
713 339 26934 31867
664 526 19800 25606
578 290 5964 27207
829 220 3264 31518
376 32 13514 22098
454 152 6683 28378
486 62 9678 9986
98 679 3771 9621
240 672 4065 18792
622 197 26681 28927
929 887 3789 25455
758 278 20215 24214
554 568 8021 12320
160 441 6951 10656
874 539 22953 27694
