1000 3000
728 409 2696 26622
593 535 24292 28701
16 168 6177 30482
217 23 23420 24179
613 529 20954 28592
553 596 2297 2904
650 145 25846 28047
244 307 26548 31258
739 784 10255 28201
737 888 17839 25336
321 980 117 12893
259 136 2254 24550
186 844 2845 15478
274 391 3309 25976
790 677 2329 27327
185 348 13175 27208
579 513 18518 30142
750 648 4328 20605
570 843 9013 14239
446 498 4765 14064
183 588 3314 18123
838 541 1082 19150
861 89 14457 22030
602 272 14032 22380
392 963 17430 28659
858 638 6004 18103
113 286 7874 22635
376 268 2385 15896
198 410 2113 13239
875 806 9831 13508
351 805 15960 24620
119 866 5178 22010
985 295 113 22934
867 555 18468 21443
575 164 9133 27678
770 783 999 24914
324 518 7235 20978
674 817 192 24316
19 808 20446 26593
408 513 14227 15439
208 545 4197 10241
369 803 17821 26315
768 801 17162 20017
173 450 14838 30163
447 326 9106 19382
842 717 3057 31106
849 497 18249 28924
487 705 12202 31106
514 48 3847 4798
202 493 5430 17627
990 876 12516 32589
456 453 25748 25861
138 555 1165 4414
792 352 5235 5660
552 103 30828 31040
32 930 16770 24219
223 685 6473 21887
703 587 4289 31740
825 575 22141 27753
273 453 6149 10561
499 282 4730 31537
95 42 5752 30062
265 937 832 5196
972 900 10765 32023
527 144 3574 25321
992 827 16809 18226
449 562 174 28703
521 115 8944 28243
420 804 16032 21942
221 27 12320 27080
11 423 22465 26004
241 927 26888 31656
11 402 9876 10983
430 950 28809 31314
967 949 19984 27460
711 861 8162 27675
413 935 3656 12534
724 611 14890 25305
742 665 20532 32321
626 387 5663 16661
418 41 16523 20864
224 365 16361 26437
642 369 8018 21656
131 21 11671 11854
756 637 6842 24856
931 234 1896 11841
571 984 13178 23268
452 720 26914 27644
724 935 1251 1821
590 775 447 2180
203 364 21504 31745
150 217 2842 30803
587 620 4414 32325
251 632 9544 14081
537 914 7784 31256
825 270 6874 29188
298 866 30181 31460
361 947 15087 32155
536 695 1144 20625
911 675 11505 12306
738 46 13084 25765
866 141 9665 15251
377 440 7219 17431
464 909 14351 19670
203 140 6187 12716
608 787 17735 26925
691 571 28639 29330
870 450 751 6183
271 522 13407 21915
42 697 10024 17936
521 299 19970 25386
329 110 8585 31258
663 204 3382 27490
483 262 487 16009
716 950 5706 6496
795 662 1302 17154
340 407 20892 25092
587 533 5257 27615
27 137 5529 6397
229 943 3087 31607
599 490 2127 11823
987 404 9002 30661
745 474 1026 18464
999 334 4654 13387
96 743 21919 25731
619 783 10382 19140
951 588 9806 11692
979 545 107 22165
90 181 17467 20670
358 612 242 16750
916 997 1866 6145
874 252 23807 29609
620 17 16820 22845
804 345 5596 24715
203 731 4523 25370
779 885 5405 23395
448 607 15277 16843
687 352 14760 22923
756 361 9732 17041
586 567 3269 27728
615 701 19339 24561
118 481 8612 28785
697 861 140 15325
302 65 17591 19904
841 615 19134 26286
67 687 790 16067
722 317 2040 14198
617 31 3911 6890
785 483 11372 27848
847 825 11735 30966
968 28 14987 29641
299 719 23625 30474
438 965 23397 28382
212 282 26370 29631
501 368 127 4810
758 693 3798 6038
458 731 12702 14314
57 535 29715 30958
17 423 12285 30204
370 77 16831 24520
30 169 17780 29691
609 327 17205 32551
869 468 21285 22638
113 735 8986 25882
427 565 15466 15742
892 141 10863 19119
3 222 1099 21115
124 741 1283 15997
874 651 20119 31176
522 919 18807 27554
139 784 20493 22449
563 638 23102 26557
875 785 15788 16920
38 770 16100 26803
14 585 24542 27725
712 374 2797 19652
617 124 19234 19810
296 450 18392 32655
710 932 15267 17302
67 250 8652 31844
987 408 15518 19440
265 846 17747 32646
370 120 3550 23482
902 704 3025 18615
907 674 3274 5764
354 913 9842 16199
446 744 890 32252
130 716 1209 14986
34 432 633 30521
348 160 8645 17297
480 883 4875 22387
703 59 7554 27378
248 910 5156 9735
897 130 7704 13925
675 36 9176 12810
334 546 10340 30530
288 538 7016 30013
912 338 3452 27649
519 914 6281 18884
202 903 13046 26353
609 121 4643 29802
667 758 18801 26290
350 304 11526 20200
505 85 4877 32442
181 623 2882 22417
356 67 4049 14830
520 933 1657 13818
799 692 14012 20629
885 577 10623 24676
490 54 9718 18214
886 261 1983 17228
851 742 19387 29787
306 565 4753 19228
160 403 10639 19707
746 644 2854 12604
206 554 19621 23164
132 232 13331 27019
734 105 7673 14814
627 601 7921 21431
818 292 11532 32758
718 926 20018 30834
348 699 14152 16648
621 200 5299 26839
912 145 21469 21482
639 20 11957 17527
309 294 18498 19586
310 701 3135 28151
472 574 17783 28039
865 16 15916 31995
721 441 13952 26881
265 503 30163 32135
716 489 13100 23688
549 95 14118 23770
209 911 859 7418
670 154 21928 27516
116 262 3010 30902
659 61 14238 30985
926 414 1643 3617
191 834 7267 19679
498 442 2866 12837
6 288 1286 23682
969 539 26285 26698
300 534 12529 19953
903 395 19126 24874
405 268 8771 21071
388 2 8465 14032
374 530 10211 23247
915 925 5723 20678
11 950 14008 24188
902 594 22531 29976
22 867 24059 25830
528 77 8475 27276
639 61 1863 9492
609 422 5753 11129
718 838 17247 30653
934 456 19630 20178
330 579 19888 29380
935 860 10150 30605
822 391 9123 20717
231 476 441 23683
519 79 26937 27702
871 488 7212 26367
520 453 27026 31835
604 925 7091 9523
590 654 8395 11246
236 648 4155 4464
843 28 7535 13808
333 128 696 13143
439 412 23917 26580
534 82 3918 5298
307 57 16394 28301
747 746 11933 26406
108 639 4478 27125
53 177 14475 20589
462 217 5780 24620
928 633 11474 20671
414 363 19476 23850
500 682 4108 29907
767 777 15315 23733
733 705 18996 26194
438 678 26299 32597
715 956 10977 13988
678 542 26312 26456
427 959 11898 18615
693 684 4382 30138
451 370 28130 28758
980 492 13476 19087
9 184 1856 30816
219 667 751 31508
325 330 10628 26178
187 338 9453 31748
315 138 24072 24408
914 344 18531 29467
451 752 3845 12663
795 228 15903 22503
336 865 21128 30455
92 646 15193 20832
300 243 755 19766
150 159 14786 21727
858 34 6931 10106
416 61 2670 29235
266 110 11430 26484
379 528 878 25859
249 27 16320 27861
623 176 20822 25165
830 239 2232 11877
118 4 1587 2160
863 344 4052 16724
460 700 1315 21133
818 483 8320 30978
669 848 8920 14092
364 318 13411 27375
6 31 5659 22040
494 927 21661 23673
571 553 14366 14406
754 130 13762 21984
8 109 5577 7250
730 279 28996 30689
224 396 20134 22314
74 449 13726 14983
433 132 16609 18166
569 745 11799 21608
453 774 10082 13301
428 985 3172 24582
411 889 7081 11689
779 506 267 29287
836 61 4740 19745
850 430 2474 15316
719 920 4304 7982
721 734 18914 32233
333 12 9165 11037
396 406 6697 11207
485 550 21004 24763
980 4 16455 16530
153 713 30862 31299
708 940 9716 30682
144 281 28172 30735
621 767 10903 19155
778 361 4285 4559
178 183 2222 14839
207 590 7224 16304
661 141 13662 31853
592 673 16184 25486
744 652 25847 27276
916 553 5848 27843
789 315 5833 16643
980 902 7165 27058
679 942 27235 31381
480 951 14710 20655
998 725 13337 19103
424 245 9062 26510
295 908 2505 32583
867 54 4314 10519
985 377 10534 27193
596 627 14268 18438
506 674 16077 18573
904 563 27405 28640
176 788 21457 25662
153 646 15199 25451
80 813 24010 29464
598 554 11057 26457
586 395 19542 22591
673 281 7223 21504
883 898 7892 15717
776 264 1607 15724
458 803 16789 17578
676 842 12652 30796
828 375 428 960
333 500 13625 14751
512 32 28418 28891
723 518 17171 19305
579 808 294 27874
247 416 7547 29802
884 232 7144 19923
816 19 2905 17365
577 130 27213 29391
990 627 15090 19800
689 624 978 28118
187 284 3483 23653
904 587 13916 26840
237 290 12991 14388
575 444 5885 9203
629 271 17634 17852
913 983 12447 13762
419 49 12955 15797
895 267 365 23799
896 898 11041 16148
253 323 749 10051
290 678 21134 31168
730 872 10909 32691
28 216 5274 6875
500 900 16596 18137
627 629 5242 31713
985 729 8200 25212
914 431 20510 32365
23 168 17198 24123
415 516 4679 31007
789 778 7611 8848
924 381 10526 16391
544 987 15435 17189
319 215 1550 9164
288 306 9638 27855
698 941 17663 26993
232 106 5987 22510
11 724 24505 30192
273 260 7838 16050
853 45 17071 30829
567 874 11503 14122
662 567 469 21609
515 126 19734 19860
167 395 13824 17239
903 953 943 21160
175 974 21413 23779
549 244 4751 10049
48 938 15282 17691
97 795 14481 27527
448 429 2237 32313
386 685 7843 24813
865 513 10052 20329
373 125 30662 31014
466 82 13868 17225
993 28 8207 17962
204 467 28691 32147
44 349 9437 24833
165 761 11975 22188
701 311 4926 27226
569 694 20866 29794
288 102 21498 23941
300 384 26954 31892
294 971 21816 30149
409 792 13919 22200
330 432 20003 22967
998 740 9563 19913
805 628 12465 30851
981 324 4242 19929
610 733 11948 13267
861 896 12325 21261
683 497 12161 30986
679 753 19910 29898
650 539 8607 24286
290 220 5180 13628
353 629 7695 20675
200 234 6865 29923
843 928 15451 27141
422 83 18619 28201
240 397 6349 32391
495 942 4977 13841
317 536 284 23834
850 42 5166 17844
777 904 8507 29095
15 473 1649 31419
801 201 5431 25174
22 391 22139 26598
54 297 10468 24291
960 863 16340 30089
418 46 5698 20786
108 31 21001 31687
590 111 3570 9186
916 535 12899 32737
846 358 15976 27154
325 486 19574 25253
59 884 19342 30407
411 772 9843 19228
353 365 3056 3771
730 921 15662 27012
383 504 4505 11904
318 669 14922 16419
650 113 27282 30979
924 478 14254 16083
434 214 9947 16530
110 606 19056 30490
298 549 7212 12826
540 666 3724 12141
756 637 8003 27357
29 267 11476 23618
195 704 19039 24814
874 697 1467 21577
968 408 7097 21446
948 515 5881 10693
278 326 15481 29760
520 736 23308 27144
622 964 22208 23961
858 474 4774 21258
11 973 6387 16674
391 917 14782 15702
999 184 17611 26161
42 404 5307 19935
324 417 20637 30677
120 517 3531 14248
972 703 17394 30530
700 416 1217 27369
170 359 2691 6104
620 900 17867 32084
638 327 19139 30608
442 554 8773 20553
85 676 1270 28395
179 839 9355 31740
342 973 6887 22588
219 903 26032 30916
822 133 10342 26153
864 853 17219 18517
77 221 17359 29221
355 299 17247 20651
447 560 4307 22691
770 520 5371 31428
813 190 3428 31536
704 421 17248 32287
665 633 6077 26981
427 431 7653 22535
821 83 3410 20734
685 889 4171 12853
148 822 15270 31740
588 359 4161 5195
775 370 12594 20164
138 748 5604 27222
938 330 19869 26342
702 276 474 32179
381 727 3039 24567
729 251 25650 27947
700 580 19141 31248
561 68 5816 12709
167 593 20556 25968
201 802 23196 32633
194 224 7126 8013
311 475 7840 24393
885 803 7096 19263
13 368 12351 15316
461 20 22708 30409
474 343 5171 10350
2 75 8164 15983
966 489 4923 21319
296 683 4250 28375
809 332 13336 27227
470 21 1256 11066
460 66 10647 27769
801 692 1145 27026
877 864 14310 25318
842 560 10839 23510
968 696 10357 27769
420 907 3700 13673
673 599 6968 19297
583 695 8239 24471
451 992 18789 24930
400 446 594 3231
949 223 7415 14163
790 160 8850 28457
903 991 21151 23084
518 929 12884 28803
313 780 1476 11783
520 968 28704 30263
764 170 4311 19663
16 729 31745 31900
559 764 4606 8334
494 819 17167 31322
164 390 1939 17908
623 611 4720 31840
296 524 6281 8945
586 351 5029 14491
870 144 1312 13565
187 820 4969 13846
509 279 4052 18223
451 81 9776 30586
301 429 5075 23234
542 186 21475 32340
886 765 15901 19704
396 886 2340 26833
938 370 18200 23684
296 369 4203 26525
758 9 20720 27182
932 19 13240 27445
565 556 9747 14671
931 646 6275 30458
44 816 89 1971
878 748 1162 27482
527 56 3144 18764
968 319 24933 28993
730 176 3595 8770
754 375 7390 26822
129 667 7653 10620
223 424 18425 31000
889 277 9203 19421
272 177 21231 25485
661 90 4545 20916
442 982 15755 16961
778 453 10932 13645
43 655 29874 31114
99 178 19766 22730
393 942 19948 27511
470 661 6849 15631
595 245 12708 23692
292 112 4136 10373
734 966 3285 28946
645 729 21196 30941
9 497 20733 31786
738 417 1128 20038
265 530 2271 6661
993 230 18567 25845
710 856 10457 28309
533 906 13004 26082
636 247 13325 28508
539 570 20196 32210
636 607 7046 21325
774 928 1594 30371
904 43 8172 24600
668 162 18669 27992
258 50 23677 28201
423 545 8948 31732
325 633 13001 27641
829 66 8974 29065
218 519 4631 26012
96 8 19925 24103
989 472 21481 22344
558 616 10815 25948
422 859 8225 22568
698 243 487 15587
448 996 13567 16738
578 984 19912 24309
365 371 7615 18038
519 95 6753 9500
976 107 6939 15298
192 735 20666 24114
234 756 8300 10330
791 737 21718 28398
502 345 5391 29606
546 771 7495 22863
996 130 7788 27229
555 151 28421 32712
634 371 16502 19713
25 577 5019 19983
734 971 3591 11911
757 676 337 20469
293 214 7114 28775
350 397 17620 26304
40 828 15902 21441
109 582 4842 13940
274 216 3758 8898
673 717 22054 30494
43 105 3702 7577
884 923 2904 22377
639 508 12522 24153
373 741 2999 20848
40 633 4012 29757
316 710 4408 9575
520 962 2160 29895
217 875 1156 27303
824 823 1995 16368
621 93 22618 29515
972 196 14725 16086
623 435 10118 19768
316 9 22956 25000
704 142 14614 15595
308 761 15693 17904
128 59 19954 20188
821 923 2373 3773
111 484 1007 13169
730 380 10195 24086
572 23 15147 30879
732 484 6857 20937
730 629 326 7596
119 365 22229 22299
342 653 10583 23111
787 735 6821 25262
122 607 20305 23059
435 926 20692 32139
85 801 4403 8838
465 490 20073 21929
81 445 2753 5667
744 822 20168 28922
187 329 19485 23789
321 185 22384 22702
191 421 2425 29608
383 601 21923 27271
257 281 11837 14272
770 755 4340 13648
533 5 1444 15779
520 316 3506 17777
224 671 13141 14125
799 339 3301 13295
709 104 28187 30699
716 468 18886 22518
41 887 6400 31493
680 71 14406 22355
399 245 12855 29523
93 559 1035 22135
636 479 7975 24143
678 252 16662 22221
764 583 28593 32722
356 961 6634 30618
387 795 10351 14035
537 366 14189 23827
309 549 23132 25794
425 167 8579 32461
840 537 5052 23451
188 420 9456 20686
908 930 11766 20242
766 39 199 1323
642 398 3125 13551
1000 97 17388 32126
433 981 1420 23014
20 285 19004 31935
874 78 19544 22844
644 99 14269 15126
86 969 2135 16815
259 334 2806 17025
843 766 11897 23712
498 390 4981 18257
795 589 4318 7448
925 655 20650 30795
244 548 25040 31695
899 912 12551 20107
937 741 8649 18468
386 470 16335 20148
960 956 10544 15715
313 599 15442 16563
114 405 4890 5888
36 391 8534 22359
150 844 19355 24905
123 549 29153 29322
30 964 4734 13741
83 743 19705 31371
120 705 10725 11036
500 514 12874 27211
806 373 15418 28437
489 667 5897 27019
414 79 9228 23755
259 834 615 16233
859 111 13796 29262
758 209 25629 27343
147 267 520 11724
195 689 13032 21248
447 422 10289 14548
37 725 27401 30737
94 579 1925 5985
100 349 11114 25796
850 566 2943 6643
204 828 6216 15074
794 44 16282 26848
542 810 7230 16688
78 462 22805 31125
206 171 2814 28591
406 890 15503 26609
980 583 416 7766
355 466 739 12407
684 856 2801 20414
508 955 7855 10679
534 631 16331 24522
362 318 25194 32070
71 679 12944 18223
492 235 10464 24121
245 88 17829 21492
420 625 1523 5991
847 381 4593 12793
897 831 9171 19763
939 735 17261 23906
195 567 6575 9687
13 288 8552 18775
194 357 1434 3714
855 480 8569 23566
255 613 12571 21959
347 92 4491 13248
729 490 4429 19069
371 538 16623 19613
634 231 13976 19205
498 566 5360 6958
743 146 4102 24823
777 976 2500 6762
996 908 6936 20555
154 275 7645 20327
5 963 9469 29989
456 824 9752 17443
894 784 7451 28745
533 985 7361 26506
604 9 445 6508
827 390 18130 30511
473 976 11579 28946
548 516 3350 5420
348 730 18148 20123
897 441 5296 32413
423 449 11074 30473
135 313 10132 21026
864 266 1812 24831
597 372 26209 27915
680 264 9264 9950
119 765 12418 29236
615 255 6322 30367
943 301 638 15026
526 593 3874 18594
703 150 10913 20527
75 221 13027 21061
760 632 22531 27872
73 899 2941 27035
469 576 4607 29459
285 914 16566 24656
384 684 14667 15115
506 106 3170 4314
877 464 1371 17581
717 394 2121 28561
227 252 20669 31256
266 459 14971 15712
582 27 1342 12932
838 603 22809 25336
95 702 17999 22239
291 323 20907 26746
377 519 2528 30702
199 753 19046 21298
294 607 7290 22838
269 271 13007 21495
680 104 14523 18560
842 898 16386 27101
257 531 10023 19714
41 260 5705 14244
468 947 8206 29830
856 482 19941 24046
33 440 12240 32279
89 343 14135 30226
69 318 4781 27964
402 823 6042 29767
296 715 11323 24956
541 685 8566 11921
493 445 7346 12309
185 750 21484 23566
61 97 20487 25568
359 435 9584 10596
596 317 14218 29363
709 387 5504 17929
787 631 10290 11796
806 46 13896 22936
340 307 20868 31572
144 635 15701 21032
537 449 15475 25519
174 683 13222 29491
190 45 109 20027
420 812 29903 30070
778 949 8340 29109
245 7 21416 24899
674 662 9772 26892
856 202 8573 26192
702 504 4432 20919
790 47 8996 9633
786 46 1196 3821
653 3 5129 19835
398 711 25451 31426
729 984 20878 27911
238 471 1618 24581
366 268 20307 24326
107 334 3649 14022
391 95 2311 5891
168 696 8816 21777
154 617 21484 28365
622 555 21094 23549
754 537 2557 31315
856 292 6919 24989
420 791 29939 31647
80 611 13068 13188
626 684 13728 14966
664 971 22114 31341
363 988 11076 15373
898 419 4426 15890
816 979 4791 8916
593 751 10458 11189
153 717 16293 21570
29 839 21370 27803
998 812 962 20634
147 679 3211 16744
182 670 11395 21564
59 605 28755 30005
36 68 5604 17362
128 71 23619 27717
933 972 17687 28848
371 354 2736 5971
779 768 6063 10395
800 460 8939 21107
141 430 19318 19705
944 483 4078 23911
997 550 3393 17154
917 308 7186 28399
288 934 23902 28231
905 325 14958 31327
866 217 7088 25504
120 18 18892 23475
999 251 14384 22438
705 788 18238 29688
675 615 7480 13159
961 117 17159 25440
139 426 13306 28405
904 750 11386 19557
850 109 19981 26321
378 194 8327 29759
909 567 9719 31337
806 320 9899 21741
279 137 27567 32397
107 452 15679 16365
406 488 8894 15959
22 230 5503 12591
251 310 270 23383
926 122 22388 31280
718 25 23572 32618
24 943 18115 27690
408 970 14735 19194
443 400 1075 17803
863 144 2561 31111
389 198 8323 11811
750 899 6907 11866
428 771 17783 32018
970 489 13775 29906
679 657 16157 32392
358 724 2296 22015
441 113 17381 23211
752 329 5554 18950
981 916 13070 26154
258 939 4353 5659
93 478 13090 29378
834 39 8815 11465
633 990 7723 12803
586 382 15565 21543
46 807 3068 23059
776 501 1790 7188
852 250 8684 25833
79 944 183 30837
672 642 18425 18987
476 435 9534 15734
832 374 3069 27389
243 983 2864 32450
49 66 28705 29324
496 796 1430 19828
836 358 2140 18320
678 873 7646 32023
229 494 6390 23750
691 957 258 21890
763 1 1854 3899
409 177 5698 31519
323 306 2044 9950
238 28 3488 16239
541 306 7904 26126
981 670 16771 32355
140 868 7759 30922
500 29 5525 24196
458 967 12940 14478
324 667 21636 29228
747 8 19921 28468
653 302 24389 26443
189 917 17314 19112
847 959 6211 23340
326 195 1872 3421
785 827 23893 32652
494 664 1176 1205
461 69 14385 26911
513 18 4653 17778
922 866 20048 32428
14 151 1745 9631
289 884 14690 24478
19 434 26159 32440
193 975 3041 32365
62 85 6152 17786
683 215 13685 15163
893 481 11869 29369
855 952 4552 13310
559 32 2207 28466
789 965 2526 25133
993 219 6952 15120
228 314 25347 27341
827 52 900 10406
247 153 26177 30206
704 678 16958 20894
955 9 2914 25337
449 952 1130 23667
450 10 7497 25268
106 173 12187 24437
627 130 6038 14656
67 223 12289 25011
176 147 2195 23261
305 183 10116 23260
886 931 1836 21761
83 831 1223 11067
377 507 3104 13352
989 824 7270 29047
749 465 8581 29515
608 852 12627 20798
350 142 9760 14225
600 406 7507 31168
9 600 9474 22442
173 725 15410 18815
528 392 29592 31938
587 764 12877 30405
954 501 11234 18253
281 261 22116 29900
113 832 13477 17870
342 121 25074 29299
611 574 16824 21390
511 522 26202 29697
865 818 14689 29253
922 186 10180 26456
227 176 12141 28149
303 368 7420 29446
738 362 7776 8900
290 170 18859 19225
908 399 18081 31949
898 406 15184 17184
204 919 9551 16459
28 576 2949 15080
479 408 13061 27092
361 695 22242 30356
656 325 15403 21771
284 760 6597 28893
813 66 230 31659
981 697 7065 32454
359 280 28125 31689
553 791 4668 6967
854 31 23132 30889
527 57 10719 11805
995 295 19694 21802
244 859 4840 11655
629 782 1026 2592
184 12 12044 32653
540 934 27171 28951
616 519 6275 25118
889 860 8725 22336
346 406 4027 19529
812 530 3665 29930
563 874 9146 29919
124 741 12102 28232
244 101 16586 21187
651 896 6182 7585
721 49 18705 29524
47 159 12538 28736
745 990 1986 22078
858 268 13692 26258
784 207 24173 28454
226 278 15462 27617
976 477 11431 19716
986 861 4146 15499
380 963 25255 30344
720 176 722 12625
660 657 6957 7983
509 967 14667 29366
924 393 6968 22162
328 785 5831 27892
973 789 28491 31256
75 511 296 19042
186 983 8415 28305
996 375 30576 31759
339 87 17717 24664
910 762 2633 16445
382 568 29895 31464
445 30 9642 14259
369 51 2399 14791
605 741 14785 31711
274 355 723 29380
892 132 6343 24571
343 560 18560 25471
292 773 4751 21627
30 397 14478 20774
58 533 3627 11376
382 41 16345 32651
657 894 7633 18590
324 465 2295 28957
351 575 1500 12155
7 420 18029 27574
119 335 2922 15765
124 910 25773 30106
574 262 5703 25246
771 902 5141 23158
310 532 9223 27999
96 528 2228 23204
710 48 6583 22779
284 379 31104 31466
783 2 17886 18933
161 508 4076 17387
329 937 9003 10880
609 145 4676 9929
268 662 22084 27569
127 287 21891 31311
304 575 22688 31137
132 446 16518 18110
605 237 416 12633
716 887 7105 9493
587 654 5116 12899
279 580 27182 29995
700 276 24048 32156
265 160 23223 23355
861 164 6163 13665
57 995 4975 17328
296 24 6433 26813
446 576 24774 25326
773 798 2872 15670
941 614 8091 23109
164 46 19545 19780
436 90 4788 20853
501 272 16027 30496
411 467 18659 24457
801 795 18603 23370
13 701 23617 31392
542 199 9798 27396
604 487 2643 28351
455 396 1748 2241
114 621 8665 24334
113 337 1921 11526
553 903 15244 23569
223 895 14375 24708
931 992 21751 30676
942 603 2262 11660
514 39 20288 22045
218 431 3357 7113
546 897 14862 20620
672 481 2362 16910
458 173 18959 20240
826 954 17652 29310
720 239 24436 28783
182 272 19504 22774
770 406 707 7280
871 469 18356 24906
61 358 3005 19447
154 38 485 20871
577 983 8782 22295
106 517 16756 28229
746 836 3518 21724
933 384 1387 7580
545 628 25611 31480
685 815 15056 28800
529 580 2583 3213
160 98 11575 20782
739 636 5010 18762
416 576 8243 26813
923 237 2018 22398
563 633 3859 15970
25 505 4992 8638
396 686 9875 31927
137 436 6068 13863
289 891 24677 30014
554 499 2896 13478
339 644 19939 21670
938 500 14428 16456
297 629 969 5653
705 974 4783 14244
669 48 9386 14258
146 164 1586 21910
229 171 2648 12348
638 542 3026 27472
619 375 19883 26182
328 48 2263 12287
126 195 22298 32409
161 801 10542 30084
95 87 10761 20461
830 837 30852 32343
668 369 2129 24153
989 564 15736 29017
465 179 26086 26292
636 65 16471 16912
666 370 13726 28873
746 587 2980 32551
194 665 9732 20869
772 824 2376 9278
455 133 9136 18341
617 197 5865 21641
708 679 9254 12237
22 407 6544 30262
230 948 12442 22731
123 229 19542 29370
415 864 4587 5786
636 859 398 25768
366 559 13733 31839
841 441 4814 30375
644 178 13381 21800
887 690 6985 22554
56 96 26311 27993
36 757 6936 10455
133 979 20563 26629
631 280 9200 15213
103 495 896 30888
526 824 3453 12238
498 966 3298 30612
477 434 8268 30564
315 270 3814 9506
6 805 13426 17765
420 57 13979 29657
276 485 4703 7435
300 469 4232 21159
614 242 8913 28818
653 10 4611 8829
819 919 22367 26555
868 606 2383 9532
864 764 13898 25329
740 292 8181 14932
867 476 648 16965
284 457 25733 29702
596 959 5228 23489
957 798 12250 12577
14 97 16583 17227
973 456 20208 21036
986 929 13934 31770
790 627 8427 23131
549 547 28174 30696
775 187 19561 22850
501 999 5142 31748
650 729 4449 6133
480 448 7729 15063
349 621 6022 10658
829 662 4730 7095
890 686 12309 26822
472 132 13329 32070
958 299 27772 32644
675 291 10134 24579
437 421 2784 31266
872 53 8097 26829
876 115 2118 5083
392 154 6933 12686
590 613 5902 32618
871 494 19334 20951
944 185 14868 27365
773 825 6757 10422
413 473 1182 16079
998 822 19443 26814
899 939 15991 22783
219 197 360 9448
68 928 15012 29931
287 193 4459 26384
6 686 12749 28729
763 426 16851 17724
907 166 4389 31460
371 500 8497 14099
385 6 1333 27491
166 647 2202 8972
499 207 3972 26633
810 389 886 26023
110 88 7485 28508
622 983 28916 32497
870 762 24652 32250
654 200 20723 29857
534 514 21584 26790
402 960 580 8916
683 634 8674 14338
71 378 29058 31797
154 664 5561 20582
173 750 11165 18033
718 974 12840 24427
983 328 4791 5212
707 40 6010 21127
638 424 21566 24278
349 450 908 5750
783 984 1725 22010
962 367 11517 23309
552 585 25841 29960
27 498 1451 20406
343 894 12059 20501
655 681 21328 27096
899 159 383 19595
456 805 2063 19275
200 863 10663 15078
284 900 14719 27209
904 871 22777 29469
70 711 3635 8939
29 737 372 9960
898 444 22514 31720
752 653 4928 13099
589 300 11367 19699
125 807 14673 21081
34 878 21396 28472
988 127 7069 10554
814 971 3088 30764
113 64 3995 17771
277 624 11732 30135
845 922 20094 30248
26 288 2055 20331
667 673 2750 9663
356 439 18468 32352
572 707 2961 3352
851 88 1725 32621
980 381 15015 21751
167 895 9153 21989
834 351 6880 11851
745 799 851 3519
252 611 9660 25531
248 862 11550 15171
736 26 31175 31286
238 84 1354 16655
92 791 5572 9425
800 680 13765 17881
224 690 13916 30223
650 851 1908 6711
79 910 15371 26875
480 179 1434 13367
641 332 6560 16804
726 201 14831 29257
924 230 17610 19344
105 619 16452 26271
830 220 94 7799
35 138 6939 16786
964 691 7716 19320
675 637 20040 22013
222 9 1263 9726
227 357 10644 19875
561 234 10448 31373
473 800 810 19899
708 822 13941 29285
198 110 8916 19122
196 904 714 4831
154 934 12399 14528
960 201 14706 24055
350 994 1200 14872
333 403 367 23712
920 759 17074 25696
299 742 4590 6395
522 126 24675 30533
678 31 6355 9929
700 981 14053 27415
950 188 1076 10483
325 695 14172 15100
415 937 13279 20224
926 784 14296 30468
282 294 11417 12505
160 298 796 29543
626 991 1449 20541
257 371 8193 8222
528 850 24413 28987
387 796 1897 20976
528 868 17081 27013
668 843 23625 26985
185 621 22256 31222
887 186 6407 25727
497 463 13064 27629
161 214 11691 24410
110 595 1042 14873
157 617 16006 21683
934 829 20115 32264
713 352 11868 29353
81 699 3515 24569
175 566 9654 21099
362 729 15010 32409
981 767 13799 29752
425 736 10047 25360
957 622 17276 21487
979 514 20753 23893
326 247 20473 32331
585 871 30863 31677
192 894 25788 25864
301 668 18948 20772
212 574 7930 29157
744 111 11499 29836
34 27 15730 30698
15 220 11721 17991
465 841 1880 11143
625 11 11780 20251
499 378 21695 22818
10 992 6203 31472
974 556 4875 32680
883 929 22975 28242
797 264 6033 31982
8 308 17747 21173
484 964 12880 23031
673 894 10758 20118
887 906 15137 31940
426 245 19631 31493
388 919 66 22728
739 463 492 6305
348 213 256 13121
704 272 13026 14812
431 665 1617 27034
282 592 2362 9721
5 118 24779 29303
100 803 14316 32583
965 784 6344 19598
519 351 18018 18170
722 202 27880 32555
623 370 2328 5003
816 673 24718 27310
779 241 23994 25500
268 566 23134 26888
57 642 5324 9037
145 488 15938 21189
671 299 7771 20114
644 311 4721 22774
363 528 17928 25630
777 162 213 25300
573 881 1942 8156
948 19 678 8478
704 802 13007 17927
297 350 9516 26720
28 610 27952 28800
468 533 19688 27842
606 204 9918 18682
914 598 4947 17230
614 81 14992 30569
781 763 12543 14027
225 691 8125 24603
252 369 3219 22466
197 883 10105 13470
313 842 15108 31563
40 453 1982 6153
985 52 18466 20853
633 7 10545 24616
432 231 6132 17140
116 781 697 10457
466 299 5057 25363
562 88 2722 12781
387 200 94 6245
199 394 4583 13022
984 884 1664 29561
971 660 1058 10723
260 840 2889 5445
882 609 3760 9154
396 571 4218 28156
588 560 645 10501
899 245 1017 27775
397 53 7457 9217
990 133 12221 28026
982 409 10 30816
249 221 14835 31290
410 613 2975 5960
353 64 10783 25229
818 395 4072 7566
680 67 20733 21472
489 445 24186 28884
852 289 8782 24180
561 684 17256 21906
616 221 4378 22555
828 227 5913 19530
113 412 15915 19644
36 593 18951 21694
794 504 13969 16082
180 26 655 32551
41 359 14317 16924
220 214 16738 22211
736 370 10543 16869
113 553 15198 30456
148 926 7120 7878
642 218 20401 25654
466 846 12699 18397
181 476 6411 10692
725 727 16653 30063
712 400 1057 21049
913 715 16765 31679
248 993 12292 30251
91 134 21267 25111
813 398 871 30181
310 60 17540 23562
52 915 8049 13716
768 297 22345 25667
636 633 10642 25207
915 679 18698 29203
65 777 4698 6916
501 548 2507 25159
36 861 23770 30344
177 98 3648 9173
361 456 25335 28626
195 421 247 26034
368 976 9365 9486
367 744 17011 21939
941 739 10642 25794
635 361 15741 27457
344 167 13245 19166
840 664 4054 15782
293 881 19230 25455
957 667 28418 32320
364 23 6283 24332
892 765 10400 14119
795 542 3588 22908
140 979 14013 21986
847 245 17848 18862
701 70 3429 23759
503 271 685 12304
935 284 2427 21323
857 965 3481 18621
275 118 11894 18170
91 682 17344 27539
896 795 16262 20894
667 85 10034 19202
159 452 25764 29447
799 770 2158 31071
471 270 18497 21095
391 594 9584 22750
459 627 6826 31209
373 255 3589 9783
175 649 6872 27878
540 976 7442 20065
239 90 20167 28300
694 123 12071 26372
304 306 26953 31500
356 766 3311 21250
84 796 521 20116
498 653 15031 25075
178 62 14883 24505
440 111 10529 28277
427 248 87 6725
83 208 7585 9383
863 825 1676 18612
618 937 22702 27393
950 114 5668 32476
97 404 27955 31197
336 72 4712 13958
961 976 8487 18915
373 870 6902 11263
638 667 20132 25071
510 401 5285 13361
192 395 19082 32621
90 51 16234 26048
347 332 2159 24941
169 633 1367 26893
471 661 854 12012
189 421 2567 26568
808 275 4344 21124
764 132 19041 19495
567 28 3389 24060
391 992 1533 5777
39 397 24374 29768
734 447 24018 24030
880 317 16756 20535
610 507 15330 26294
656 871 1892 11791
609 560 25924 28804
77 556 2416 28278
741 842 10459 17855
205 87 19194 24429
406 132 2915 11997
414 463 12005 22225
836 257 5740 8789
254 129 10417 12344
189 911 5890 25857
836 227 11210 27811
653 647 4685 21617
725 258 24708 27779
97 287 24150 27949
609 685 26755 31314
763 712 12588 14992
987 88 6310 16295
809 160 26859 28097
804 730 25844 26698
102 209 16539 26575
256 599 14488 14644
576 496 12902 30341
543 398 22115 32531
912 894 7043 12148
318 84 11010 27406
773 731 9093 26539
715 511 10645 17717
992 774 17933 26882
997 628 12069 30723
305 22 11955 13621
378 386 26697 31167
802 813 16448 32162
719 821 7598 12019
471 496 6169 32488
147 271 8619 27343
668 331 763 3697
315 73 10114 10446
544 547 3728 29816
904 952 9576 28387
1 774 5298 17509
760 707 21528 27542
247 120 16702 27339
3 328 6512 8293
893 655 17381 22529
135 534 701 20086
441 326 8874 17572
532 275 9521 23844
344 876 25421 32555
977 927 11497 29175
607 554 22241 30547
38 752 24358 30054
418 928 18217 18369
791 588 14462 23474
873 249 4971 12335
472 202 11104 11606
718 450 20495 27853
611 865 8146 11858
880 783 21692 32546
739 503 1238 21436
867 166 16719 24603
861 396 2989 28553
646 9 12888 25223
346 516 15703 25094
612 832 9626 17818
222 425 18959 29017
355 438 5995 28302
868 262 4231 18766
752 256 1910 6880
191 909 7428 25395
993 713 9968 18714
746 866 15102 15162
97 464 8786 26140
410 70 777 27030
904 559 24867 25679
383 37 2052 31809
705 494 2106 28771
831 568 18934 27433
194 567 10941 22353
770 84 10301 27900
599 496 23745 27323
742 521 6991 25703
519 828 433 2441
285 92 13836 26054
477 817 4302 4704
867 141 21762 28383
953 723 11078 25746
553 865 8019 11516
196 416 8047 21472
524 521 2685 8226
80 98 639 26051
542 945 8177 23676
174 337 1375 13212
355 115 9430 18839
325 742 11334 18963
894 90 5411 28232
786 657 9713 18659
562 607 23800 24146
818 100 13446 20724
89 911 2574 4087
554 269 489 26379
857 770 11246 25284
719 520 19926 23725
402 966 20634 27105
919 290 18776 27557
401 570 15598 23223
86 968 15992 25945
136 92 12388 20519
194 542 1411 29829
899 180 17295 21265
804 625 14884 20725
673 514 14498 27027
30 684 25856 32226
555 994 4709 20587
109 116 2312 17392
816 672 6556 9650
189 821 12514 16669
569 570 572 7654
182 135 5088 5653
430 594 1454 25319
445 597 21649 22177
150 821 3915 18046
112 366 1772 4724
555 958 1804 13996
206 880 30006 32594
58 425 5216 6611
925 528 526 26103
728 169 28755 31633
945 971 12469 18650
984 99 25034 28549
140 312 6227 32735
702 1000 13447 22851
65 227 15111 20559
31 631 20482 29831
640 403 4053 12770
151 681 304 2661
989 629 3574 29300
354 971 1136 18016
456 120 29677 32243
923 999 15734 15742
262 103 12735 25372
480 635 21609 28713
711 730 9524 26184
211 88 13649 18884
110 693 24120 27646
179 492 4760 32037
101 559 15701 27010
809 137 4033 6373
70 44 8767 9544
555 404 4834 21726
602 308 30161 31728
813 800 4696 17278
854 650 20082 27371
611 240 4381 13420
961 230 7385 29360
880 512 5281 32176
608 723 310 12434
106 588 6313 9946
858 305 8660 22310
92 903 14131 16404
612 820 15613 19288
194 702 5005 22033
702 795 1467 22186
585 738 7642 28043
772 874 23754 23878
676 514 14904 31506
30 649 1263 30887
576 471 10399 31290
553 587 1606 17221
937 350 10162 10688
532 520 9707 28656
298 113 22937 26039
3 299 14604 26051
202 798 7973 27489
983 940 13872 32211
489 791 1304 27362
924 471 28914 30332
239 336 3325 7541
505 35 8476 31552
326 148 20515 24929
588 396 8425 21899
83 200 27592 27869
428 538 17531 25656
216 598 5701 14295
749 752 19139 22957
965 100 2699 28546
687 502 3301 7027
666 803 18944 29553
823 935 18540 26372
879 464 5839 31306
85 939 24463 24711
605 846 11679 22288
364 382 1507 5406
138 690 947 6658
454 447 6224 12781
480 22 7355 31179
85 979 11094 25819
310 550 5247 26834
986 471 22966 23781
894 702 17815 28043
186 73 16108 32420
478 442 23837 28093
28 232 3488 23773
623 197 6842 11641
293 423 6967 7154
97 867 6537 9525
476 527 16792 24346
789 550 8936 11774
174 674 24526 30399
865 373 15610 20977
875 816 24156 27435
880 168 18726 27842
679 533 15336 24288
47 805 7225 12950
978 97 10718 16621
153 454 176 11449
296 327 10280 24641
108 713 450 19862
74 455 2835 29881
426 527 10736 28967
19 636 12511 22686
736 437 7714 24786
924 238 10544 12328
11 230 3635 25066
905 313 8984 10875
710 911 4598 14236
714 541 15274 16914
437 546 8164 27465
938 428 1337 9344
829 52 2645 28234
827 143 11921 23093
617 606 13950 25076
360 209 3471 27372
871 864 11953 25687
730 762 16125 19656
223 863 1364 6531
689 523 2756 10687
480 967 12529 12741
594 447 24620 30598
495 722 796 1189
501 471 2681 32183
683 530 3297 19173
77 958 6214 13427
623 709 5278 19342
621 990 13298 23344
555 7 6804 28256
40 476 7830 17598
497 686 7736 28030
595 502 21167 23462
328 996 6128 12977
830 948 11915 32437
100 528 9249 25436
54 484 2806 20818
611 269 4706 26696
694 75 7821 7982
74 218 8037 10938
425 715 12806 20212
183 560 6570 18114
954 648 15774 19429
508 16 20036 21878
644 995 3360 18633
154 434 104 3166
490 399 3489 14647
107 870 19242 21185
865 614 2245 15693
463 839 16723 30915
216 109 23007 29589
520 276 2547 20958
247 307 1342 18613
806 285 12222 31868
565 158 9730 20631
132 836 9209 22033
57 494 9112 14323
201 89 13148 23860
658 400 1625 30378
696 820 7859 20481
759 229 5528 6334
313 783 10765 13289
95 785 27960 28601
733 410 4983 22006
114 908 5272 8893
853 437 21718 24563
590 388 20433 25678
484 569 6474 6665
43 56 11457 19522
305 528 2722 13383
992 271 15104 26316
150 600 1442 2401
187 199 26557 32675
691 188 17344 19442
990 655 19940 22740
916 315 15985 23083
236 414 8608 9801
998 991 12352 21443
136 633 2521 31558
510 519 17122 25306
94 736 9012 28264
643 54 10431 31098
408 649 8828 32323
143 257 11743 30626
674 644 24028 28445
498 589 2876 28408
397 883 13454 30526
283 624 12606 30224
949 744 4987 31617
118 13 21234 25595
348 993 8205 8235
358 606 2196 22419
682 345 27258 32376
179 236 1434 1630
137 772 23262 29334
41 378 9636 31762
87 621 1127 10103
617 264 372 5275
430 776 1496 30035
374 538 26683 29133
475 202 14858 20515
857 542 12650 30870
474 292 14438 17958
766 953 2193 13339
89 381 3680 9580
356 795 5045 15973
113 740 10006 21295
17 406 13969 27680
280 593 1108 12759
628 203 1546 10273
33 229 4126 20072
489 446 13570 13727
522 670 11219 12388
408 117 5726 15651
637 660 4698 13983
358 724 901 21769
128 543 15668 20778
450 532 21222 23043
133 814 28290 30285
786 551 6038 24175
418 425 20906 24804
388 806 6678 16539
634 992 24992 26900
477 603 14271 14932
515 826 11082 24811
597 135 10243 27301
22 263 4924 19868
545 101 5129 27965
970 494 8678 31323
224 501 13190 19606
201 944 18334 29515
303 523 16548 32010
97 131 6560 26497
653 453 9199 32747
340 8 9012 22239
199 689 15737 18781
297 174 24611 30366
925 212 14555 31574
593 404 3489 8036
306 28 30 25009
691 899 16661 21883
744 759 9089 22894
728 930 14706 30331
491 273 4798 18022
679 511 8417 22172
737 10 3629 12596
995 13 399 2795
737 262 26217 30334
576 16 1871 18085
312 459 10382 27079
449 123 26750 29017
709 183 1064 7801
397 235 28284 32105
759 799 3251 13671
285 321 17222 22896
921 897 8247 25901
960 52 7543 25414
109 491 14245 30937
464 132 3096 6955
222 41 11363 14682
818 824 8963 22119
164 84 6461 7057
505 865 31610 32178
500 277 6053 29204
980 93 25989 31445
661 390 10670 21036
659 485 19616 21247
173 305 3760 28214
310 904 21238 27269
370 967 1150 25455
159 398 1871 3578
889 274 1732 27024
163 141 10928 19339
114 291 10890 17997
620 391 15366 26197
18 798 107 6692
634 617 19197 25228
408 849 4340 29426
141 118 5448 10040
584 129 8421 30400
501 179 19538 22400
315 932 10466 15109
91 808 27780 31331
525 408 23389 28104
245 789 15115 23544
318 498 13408 21705
277 211 6525 30913
626 376 16928 29692
683 638 3979 4865
33 576 5982 27164
742 610 9539 22385
775 622 5398 22020
527 459 17821 22972
221 515 25494 27794
623 771 12390 24975
366 688 27149 28701
20 168 15828 17926
507 391 24922 27813
943 419 22982 29035
623 226 4544 10524
25 651 20455 29717
780 562 4942 30210
89 416 15578 21051
700 34 13443 13756
824 400 16553 28804
57 841 647 9056
990 309 8227 29100
6 907 6714 12452
746 69 6023 17108
739 441 18613 29789
821 441 15305 31043
837 748 1999 7418
31 878 29233 31171
316 222 874 14902
337 799 9065 17555
171 881 1652 32537
858 633 9244 27594
851 710 7256 12167
891 357 13255 21381
296 464 15148 25870
274 898 24040 28600
458 198 13264 28108
138 393 1862 13796
142 965 21510 22870
457 247 6163 20988
483 835 13715 14483
529 126 9231 15670
373 181 9406 9795
880 204 6932 11404
973 497 5845 8053
472 43 3902 18827
255 341 11279 12457
336 263 7502 10485
475 574 22347 23821
129 459 99 30210
213 730 29531 30772
338 756 20070 21758
661 911 18989 28142
580 148 10880 12232
927 490 12457 21866
678 713 5049 17979
820 289 10101 24431
82 212 4875 16148
967 9 17577 23466
62 962 14191 19182
97 369 18371 29628
933 326 15019 32365
349 492 46 29615
132 149 20714 24998
981 939 3424 6362
637 761 7570 14926
635 281 9581 14928
166 447 3535 20523
937 861 14075 30185
627 944 5902 11673
26 260 7522 11042
40 36 1411 12294
270 548 15241 28482
505 162 23205 26742
226 874 31225 32325
922 49 15277 19455
149 445 21055 32381
222 283 13389 28698
772 304 10512 21867
604 820 12319 28720
543 740 17013 17041
326 455 884 9161
362 716 11596 25338
65 58 14768 28465
478 543 3905 13366
671 605 8913 13559
717 970 8382 18289
792 398 10043 24855
201 203 32314 32546
900 360 1680 26920
910 567 496 9299
723 512 6789 10375
747 413 31625 32250
157 623 6348 7533
997 664 3316 8989
194 651 27744 28320
491 993 20961 25178
260 350 8424 16146
579 251 10638 26394
952 596 15308 29646
556 605 19167 29811
257 497 4801 23657
130 396 7191 15484
868 138 27188 29590
902 462 670 8056
61 807 989 3993
627 960 9237 22989
41 15 10951 30007
354 809 18657 28787
473 908 11276 24064
878 772 21021 27142
494 170 14183 30395
769 98 18123 20623
655 868 12078 20075
853 950 10253 19542
900 152 16576 23781
364 776 8247 17345
775 678 27807 31150
312 234 17566 18578
750 205 20313 29212
740 686 20941 27308
323 118 1028 26065
369 77 5065 16080
140 374 11523 23806
586 89 5158 32648
523 617 4714 10486
585 517 24264 30564
942 986 128 25782
471 608 5083 32264
40 355 10119 21523
600 262 23571 29412
62 963 11191 29386
404 934 6524 23402
771 515 9653 29438
160 261 14884 16227
837 168 2574 13508
467 81 2912 25766
710 293 734 11129
513 559 11834 18865
132 718 2412 25385
675 326 9404 26453
505 846 8942 17096
741 402 22650 22839
132 393 4300 15087
775 922 12549 22095
630 698 4683 17202
389 786 14969 31084
741 119 8579 15404
102 113 22958 23536
637 296 6634 18415
185 940 7692 29451
914 980 842 24085
987 777 370 24267
327 716 17104 22954
282 429 23564 25929
978 630 14929 30954
702 207 10303 32192
773 307 13609 28517
50 243 10152 23173
503 1 5609 5960
8 592 24034 32078
489 474 2897 31599
634 738 84 13913
858 627 16264 18213
34 656 7374 19666
683 694 451 7039
51 279 24971 26071
611 208 17806 28433
285 213 1884 10562
197 852 8616 19990
588 327 8475 24895
557 238 3973 14830
666 804 4049 21796
62 329 2277 2689
601 312 2758 28766
647 337 3661 18124
346 250 3573 25344
529 642 359 2430
905 414 2329 25013
715 807 18185 32245
318 596 4451 17161
535 460 15539 27065
270 974 12768 24069
178 805 7841 9582
264 982 14352 19607
192 852 12172 13337
120 278 12060 24412
365 358 2107 4738
415 38 8240 11333
189 623 1892 18012
97 730 6550 13950
5 778 15033 21561
653 217 14394 29673
351 706 26272 30412
617 799 10220 15324
234 668 2781 14659
764 275 3809 10911
504 266 2321 20421
506 338 25047 31819
550 105 9020 30710
676 594 8988 23742
568 180 2417 10812
789 688 23633 23774
979 423 1098 3661
181 748 11232 13342
656 53 5431 23014
394 695 18834 27372
167 850 492 9298
338 123 4445 24286
866 394 11713 19476
107 723 2323 11274
950 296 22392 22555
795 495 27278 29136
982 864 10507 26360
272 530 14221 28172
440 294 20001 30564
657 107 8102 9745
430 988 15877 23889
819 47 5895 16121
661 176 14224 25844
45 622 4314 4663
281 563 10576 27049
428 865 26257 30033
344 163 29094 29908
728 754 12830 28319
906 746 10372 13082
21 637 3966 25292
320 933 4082 8935
683 599 2474 30429
746 926 21224 21641
463 94 25957 29795
782 939 7674 12433
960 33 8943 22222
568 741 26264 28552
586 531 2838 11604
525 585 19320 22665
6 196 15268 23946
31 250 24559 29930
56 440 5843 25323
357 245 15784 23936
535 278 15337 25919
384 955 10583 21746
697 370 888 11097
110 435 7327 23760
621 84 4467 22533
722 741 10938 20455
127 726 12705 15505
594 992 7115 9719
487 426 23863 25142
552 589 58 8017
82 626 15779 30283
298 930 6422 31610
912 462 19479 31165
27 825 9719 10818
981 306 252 16536
415 238 16433 20375
88 477 2687 19069
898 60 10973 12921
782 371 6393 25912
242 504 1651 10339
880 364 26411 29576
920 676 10568 15306
160 203 8832 13269
740 790 2460 8463
225 32 21179 26507
942 999 4700 8381
916 742 17957 21991
325 108 27298 28431
996 189 20580 23584
235 384 15257 25858
291 201 2593 23747
343 904 4992 31832
562 521 13209 27681
362 253 1579 28186
613 241 8685 20991
555 302 7551 24849
116 169 12305 26534
268 19 6649 10316
307 220 1903 32322
234 284 807 4509
75 442 10687 25610
72 120 2093 17435
847 902 23834 26409
869 166 11937 12354
104 832 1241 19428
241 871 1614 23344
458 476 17280 22957
348 850 4568 21764
285 425 28430 30164
607 111 6121 9899
372 659 9996 31860
665 996 9778 28137
137 610 4768 20837
540 443 6023 22065
999 553 9375 19240
14 274 3290 32437
23 632 244 23681
968 185 1005 8875
484 746 10065 22722
274 536 5784 30990
470 231 6563 7260
12 151 13085 31558
803 867 17012 21884
254 372 2777 21878
201 358 9837 24966
314 288 22075 24970
325 994 415 7886
181 978 11452 28219
368 488 4789 28775
898 699 18101 31801
748 667 14502 20337
790 712 14744 24820
739 962 8256 11402
501 811 5550 26589
585 299 20318 21407
36 498 10214 12182
173 539 925 23598
901 935 19996 21678
796 495 9950 25550
270 78 3865 14492
638 870 6820 20937
546 362 5914 17470
959 924 16120 16187
718 489 23390 25415
311 145 17957 29272
117 459 9123 31170
451 568 4445 12483
501 703 21381 31157
209 873 5387 27199
159 997 13923 22076
992 199 5933 26963
267 485 11883 29559
982 363 2067 18830
874 551 5185 17904
295 863 10980 32254
987 265 4867 21897
541 595 3607 26553
983 756 11145 31044
771 51 21499 31832
116 847 3662 7255
928 847 19248 31863
125 475 5552 17134
154 954 14902 22316
392 661 4446 7612
569 492 10423 28603
583 128 12618 24074
464 472 9646 18031
928 544 9715 13416
975 855 10684 25924
517 711 5380 23319
468 555 4349 5396
77 540 1661 2008
237 84 9393 25325
457 47 5574 31196
247 54 4943 5886
527 294 6631 28815
723 705 23 29700
163 420 23454 29818
987 136 10014 16960
97 692 8750 10622
337 27 5582 9718
28 666 6983 9699
377 989 1519 13156
666 803 1052 26697
618 87 504 6512
333 512 11671 21103
705 307 15449 31073
668 663 7894 26041
670 737 8575 25558
648 122 6163 32582
653 534 11306 29558
256 454 15950 19274
886 752 793 32319
693 580 8356 16047
462 275 18292 30239
167 212 18441 26213
883 71 16943 19089
598 765 26414 30323
956 543 18262 29773
441 846 7097 10182
294 283 6018 25304
371 665 16873 25481
176 775 4920 30756
665 778 18751 19835
401 107 22983 30895
621 93 707 13487
940 705 6428 10928
990 29 8127 13261
691 98 105 12918
189 325 6574 18467
9 913 15981 17173
698 555 2719 22595
726 598 14758 30015
317 888 15148 25871
343 773 24424 26404
366 570 24964 27049
468 212 16315 28571
133 266 14245 17467
736 392 7837 15323
426 414 14418 22533
140 825 21698 32189
55 616 11739 15762
677 865 12094 31509
497 413 12079 25762
561 241 8129 11374
115 711 16696 29143
142 748 21065 22114
242 443 12809 17024
3 202 1048 16796
58 188 18778 31516
764 935 2807 8856
703 254 6889 21506
987 865 20354 28249
973 27 14340 26316
90 813 7297 14860
161 178 23887 24470
449 211 1514 25353
782 499 1493 10483
510 765 12116 14174
233 541 31449 31503
304 828 16775 20290
709 872 13104 31584
756 555 2377 7492
664 907 234 28150
464 626 9565 20303
75 895 16446 17812
595 205 19770 30450
30 98 12563 26920
82 10 15480 27890
322 45 3556 7132
92 7 22450 23402
926 598 26999 32367
40 129 9845 21211
482 935 32294 32479
9 702 14674 21273
967 37 17405 24916
41 356 2812 14641
669 330 18568 26442
131 263 10668 17661
515 435 5919 17994
247 463 6145 18252
475 627 15358 25555
826 71 8562 15471
842 382 2843 11649
372 872 31174 31675
301 263 5547 8839
448 324 17613 24278
695 819 3791 19977
471 668 12920 13470
220 963 6968 13932
125 658 17316 27481
386 142 3035 16815
347 935 18555 24926
234 756 11150 26310
163 950 14770 15052
659 828 5726 13637
871 152 4338 6183
279 383 20183 32538
67 174 8024 11992
252 771 2356 11354
318 754 4749 4886
644 777 7981 18042
477 270 3744 19718
294 63 10998 15429
688 691 17829 20513
675 543 2820 7457
891 931 7734 17332
794 710 1634 5044
878 599 7008 27119
100 670 14005 31460
133 10 11249 32667
880 805 20455 29992
705 821 1581 28512
592 547 24671 27475
845 305 11749 15028
755 312 7952 23938
770 344 17965 30497
169 67 24711 27924
651 964 616 3129
162 12 9579 11556
18 750 11979 14869
679 716 1752 29998
489 272 16398 30882
111 447 22956 23751
442 459 2542 4129
276 977 11493 15418
168 523 423 1452
811 166 50 21754
267 446 10381 16287
207 584 4822 16830
232 104 13892 19032
463 669 11646 19370
959 714 7131 9255
843 694 13694 22037
827 142 11622 17071
891 657 12185 15036
405 13 1358 16020
913 904 6815 11818
489 209 98 18028
874 976 9677 10324
928 12 17661 26268
688 196 17928 20063
84 879 1559 30014
467 863 4259 30424
695 851 12987 29112
459 645 18556 23451
757 828 12785 14278
336 122 13549 25059
733 552 22633 22744
787 905 22881 25002
940 389 22184 23771
690 375 3222 28023
178 496 7793 27614
439 453 12089 23221
74 495 3728 4407
769 538 5382 30620
374 904 6196 25911
346 231 16227 20365
242 160 4906 26598
480 233 8379 18112
740 781 3523 16417
605 962 9106 21035
26 883 5500 25073
22 104 1663 14985
92 931 611 4646
967 28 6872 23724
846 976 7686 28261
149 692 24154 28380
279 368 3953 4147
939 250 2395 12698
277 961 8542 13755
102 452 3037 4502
974 865 10246 11009
177 602 4788 8582
688 757 2788 28449
402 226 5618 27323
539 59 16118 18696
51 151 1623 32429
33 527 6039 26021
714 662 9618 15808
117 770 3998 23996
201 8 4663 19017
249 255 15912 28709
943 986 12331 32549
270 180 11664 14804
244 640 10447 11917
48 519 6444 26393
25 494 17853 26201
1000 542 7481 21172
958 981 6334 18184
320 518 8250 19321
98 644 26850 30127
842 429 430 29845
751 213 4875 31329
154 168 20515 32385
59 692 2397 24529
807 909 20241 28707
992 475 6460 27713
238 194 552 19071
661 785 2360 25253
862 333 3596 14080
267 46 24402 31571
189 537 22051 22695
840 984 7099 18511
106 200 13949 24864
80 889 10986 16938
649 67 22243 27831
583 207 14133 21872
555 483 7391 8018
880 531 7816 11247
611 60 18645 30289
785 10 508 15391
242 37 3775 32472
925 839 7435 28913
283 449 2734 4173
512 695 22225 30601
384 841 1576 5624
606 508 806 15658
883 232 11336 18912
237 162 13056 15824
870 181 12705 23541
855 693 21112 25899
108 485 6756 23255
25 481 10917 27590
661 430 5940 26131
158 569 1121 29506
550 613 9044 32494
237 513 2072 17794
422 457 3868 19689
198 499 5843 31400
707 221 7377 12280
89 14 562 8215
11 874 9466 11041
175 986 340 649
931 899 4516 22588
751 885 5693 26538
411 519 13047 25184
675 217 16971 22697
440 699 12506 17212
904 420 8898 25762
64 629 7829 15988
226 479 1324 19268
194 82 7114 12204
909 16 2977 30600
428 857 18382 26158
701 864 3035 8098
979 629 15691 22597
831 349 19855 26011
71 983 21048 29256
806 520 9488 31674
283 754 2734 4804
303 624 20289 26511
305 325 9979 19305
84 598 11211 18107
541 253 16041 29953
389 591 13063 14341
517 56 10932 21567
339 494 14889 22069
919 107 13811 22609
915 415 21680 30108
491 77 2383 32174
97 564 2334 28258
420 410 10709 32508
562 460 6986 12594
508 800 4270 19489
177 303 12539 24990
205 397 21023 21054
195 3 21277 29678
209 864 7601 19080
707 355 13289 26096
459 307 14829 28042
495 946 9393 10295
155 304 5558 28881
601 996 30293 31896
486 481 2064 13853
751 758 10703 25776
227 37 11466 15805
43 545 8284 28840
39 450 2792 12067
130 423 17645 29417
582 299 15373 29353
356 352 4276 17415
598 814 11494 24116
472 593 20013 26161
411 527 17622 21391
496 264 10173 24089
376 776 7053 19853
348 874 17578 19497
569 157 9035 13450
942 43 7073 20732
721 999 11477 16758
678 263 16868 21809
345 235 4200 7133
263 741 11618 15950
640 297 20976 23738
856 183 12209 19151
798 806 22692 24015
316 995 5948 10224
800 498 11835 24954
306 492 22819 24272
151 947 7228 15455
501 362 1780 21946
705 464 11482 31633
581 62 2242 27913
286 390 19010 19516
165 175 25421 28679
940 959 17853 23436
459 928 5494 20082
211 166 11460 18579
924 647 11799 32168
658 436 1274 3923
805 864 1978 5101
553 846 3226 20300
994 424 4688 13753
980 749 29808 30854
595 394 5222 27519
415 725 14537 14750
362 758 17439 32692
92 94 7779 10717
158 812 14155 26039
318 598 12529 20905
731 757 4401 17160
802 29 6127 15549
56 819 10106 24927
385 175 10440 12021
768 796 15732 27238
871 878 16162 29459
161 307 23431 26436
575 861 16202 24387
352 295 21268 29632
948 750 22801 31050
539 538 16251 21563
713 397 19666 30839
214 204 71 29310
291 251 6762 15793
686 621 14023 14126
586 876 10753 12716
257 870 8800 25707
4 889 14613 16095
92 528 21551 31033
33 991 11198 18236
659 363 8102 14302
456 398 5488 17010
261 969 7390 31376
816 906 1995 30240
197 649 11645 26000
520 910 11014 17504
419 709 5344 26114
408 116 17979 27269
880 300 15283 25938
901 366 3662 22830
998 440 5940 14578
465 8 28333 29321
278 977 1747 31672
856 68 8710 22684
807 336 14294 16703
709 189 180 26071
78 909 18411 27215
435 388 1579 20139
360 993 4913 11740
237 190 2083 29019
490 605 9418 24426
502 179 5371 24220
434 610 4759 10838
241 417 13849 24116
35 30 12250 22073
370 23 13043 21232
700 533 18647 25149
875 91 2690 18482
178 158 25034 32046
57 12 7887 11623
826 370 9393 11949
348 497 5867 15112
887 376 17913 27014
986 856 14083 16780
258 68 11626 14784
788 767 12603 24460
805 435 30092 31803
16 431 4101 32360
400 328 6070 18848
574 452 25282 27820
196 531 9558 13336
299 959 736 16366
858 317 13086 13090
424 371 4394 24189
957 877 5765 7437
916 251 5808 17791
155 142 20175 21750
734 27 7585 14094
337 790 20253 30644
132 195 9913 27605
444 568 19403 25978
199 311 19781 30208
336 563 14096 31800
797 385 220 28301
981 802 30265 31075
381 757 18289 31285
805 786 22791 31120
207 452 5461 6250
847 591 1030 25891
569 250 4557 26051
767 982 18500 20374
898 465 12521 26916
652 12 1776 10969
572 971 1048 2601
985 94 9654 18938
282 411 13835 15431
253 719 586 17555
654 645 16363 20622
658 494 1965 6282
733 914 6496 11435
761 349 5284 23195
561 485 7040 12019
149 163 2786 7723
390 240 5283 16786
964 2 1999 4993
381 208 610 10124
609 170 18696 23112
548 180 8343 21691
556 261 24796 25616
876 674 9370 31119
616 848 15056 26317
994 899 10784 15675
405 360 24406 28700
647 442 10407 20283
500 883 9191 27692
328 504 465 16385
405 907 1696 24864
319 171 6950 11823
132 414 2052 3148
832 370 7896 11482
119 353 6523 19129
316 875 4221 13765
634 520 28624 32163
561 846 10596 13334
28 15 16120 26035
120 631 13984 27975
559 229 26079 28216
910 432 21640 27810
236 716 5974 23343
60 292 9264 21712
900 2 7274 15860
471 493 8815 28623
496 795 2225 22509
785 967 3775 3855
578 140 25104 27089
669 579 1126 6477
306 57 4689 6405
983 501 12207 23645
842 496 8615 27676
18 990 5671 11235
538 788 15750 23299
320 651 3711 12411
293 796 12087 20328
821 635 21554 31500
466 393 10195 12227
460 101 5194 32523
588 507 1360 20804
665 904 9083 17237
698 717 11279 13644
701 410 3182 6893
392 324 12398 22227
582 914 2429 21054
972 148 22851 32498
836 717 17986 29833
386 947 10580 29293
613 292 16961 20542
944 940 12094 14534
410 228 17003 19574
451 957 15274 23819
904 285 3231 21626
432 617 3083 6681
959 460 24586 26196
371 135 8667 14943
798 306 467 27956
596 993 30076 31736
429 650 3840 13950
629 102 8776 23460
938 111 1371 4076
110 41 2450 18624
181 3 9107 28268
265 568 18667 26113
892 49 5364 10597
789 749 3494 19702
712 940 22127 23729
975 40 12005 27379
413 773 6298 11678
853 995 1647 32576
822 274 1903 2606
442 77 19842 30025
607 953 10202 12938
85 560 17326 21693
713 457 23599 31624
425 227 2036 24434
721 218 3906 19096
398 768 687 32381
241 992 7181 13596
631 207 27162 29867
318 171 13694 32666
162 345 22104 24954
625 514 7079 12172
499 222 3119 27993
294 108 22076 30688
65 751 8455 31921
232 133 30073 32537
911 837 7919 17116
978 183 7353 15277
517 737 3696 20303
911 750 3263 12485
605 529 6557 24976
764 435 14976 32369
598 746 21316 30976
857 698 14993 32056
484 560 24788 25080
204 724 2850 23324
302 471 22010 28971
469 294 11068 19296
270 526 13311 31559
802 448 2944 15560
557 726 16287 22048
685 711 1107 27241
436 71 740 3540
417 19 18336 20718
556 228 8562 10111
1 298 6000 16120
839 530 13535 15331
50 115 22502 27176
621 773 14322 25384
484 987 9811 24331
976 475 423 28889
244 852 1067 15645
368 23 22119 31151
180 241 1 21720
848 432 5540 7405
882 267 188 891
895 911 17224 20987
61 831 6430 26238
128 284 3492 6511
812 798 20443 31360
251 353 6681 18279
878 787 2945 30304
417 829 15866 16810
179 457 10664 23306
763 267 3013 18791
193 339 13982 17098
108 649 2915 31231
752 385 775 12977
67 514 3108 3583
775 698 7708 26450
250 196 9308 22157
788 492 8599 12246
801 146 215 17134
161 166 10744 31929
180 899 4972 26863
665 238 15511 24759
568 49 12672 32109
519 219 14386 26429
242 179 1572 22831
367 509 15402 21552
401 491 185 24899
211 920 3417 17934
263 697 8361 29256
655 469 4892 8177
556 71 1227 26628
725 625 13772 29195
339 530 4969 27751
466 131 12557 20059
610 655 3828 14800
863 770 11877 13591
398 420 10366 16275
98 213 21799 27583
789 635 16325 30963
514 745 11460 25040
371 947 23700 27325
214 7 13192 16640
830 862 17916 25359
375 676 2328 18885
977 547 18455 27286
569 399 17825 25384
309 438 4022 32739
46 134 9285 14161
827 227 22027 25273
171 577 263 23713
811 47 25390 26770
201 853 18459 28001
512 735 8348 8472
382 210 6453 19312
114 815 15283 19117
145 670 14454 30296
243 349 5860 22583
937 768 1880 14690
194 947 16133 21200
375 774 19233 27687
867 48 5002 26765
887 623 5356 29053
717 743 22956 28755
675 953 21227 27967
810 462 8064 32197
80 69 19155 28891
971 545 14833 14921
823 470 14573 25413
561 653 4477 20296
637 102 20823 26288
589 141 1278 6759
3 377 27272 29973
610 289 16869 19535
903 991 1531 32377
21 394 8961 24798
282 462 3964 12461
468 663 8302 26176
688 902 15742 32241
20 34 11878 13597
931 891 30939 31801
305 796 16842 25354
983 535 5400 21474
810 989 28498 31328
223 293 18132 20553
42 293 19946 20185
367 839 11817 15463
416 86 8214 27442
65 170 4666 28231
680 751 4094 19483
96 260 4496 15777
224 235 4558 21719
88 836 21333 22953
396 704 1656 25467
436 683 4670 9500
74 904 18771 23122
982 443 16499 22880
639 403 21480 29449
522 215 4110 9469
200 371 7859 13556
587 915 12981 29448
993 695 25230 27297
693 295 17061 26906
410 201 6202 14670
225 433 12846 16076
973 336 10971 25969
581 8 5219 7186
330 886 14967 26418
865 913 22516 25942
419 171 20203 28282
675 262 5539 21512
656 864 22581 31151
380 186 25786 26926
60 77 5568 25946
256 502 6090 22423
557 300 25218 30487
642 239 8050 10273
376 979 3496 15328
654 957 3151 7875
235 190 14507 16636
461 470 16255 20747
162 795 26237 31695
341 585 1715 12556
483 380 9261 30780
70 324 13042 32152
921 376 10878 28168
870 551 4738 12129
621 578 19716 26813
293 846 19241 26025
664 529 19105 28209
594 171 9407 17085
522 231 16654 25084
572 857 5567 26208
766 954 4965 21994
602 698 423 5733
708 605 3239 32379
132 666 6941 9106
302 728 4664 30563
744 193 8384 21453
211 900 22539 26206
542 549 25023 25729
439 16 6158 31430
564 846 18102 26824
209 255 17340 21246
274 769 25892 31982
699 783 155 30460
559 846 10689 17181
510 772 25058 30101
874 673 21724 28164
124 507 3324 30471
42 468 19180 22334
260 151 11787 24432
983 556 8356 14917
65 655 341 15458
6 648 7063 23242
195 710 3849 24604
969 989 20733 27888
588 706 658 16701
221 60 740 7964
812 326 21861 26349
258 914 10824 22239
262 784 4414 7595
326 71 9442 10787
161 915 8969 31577
963 280 16205 23562
256 142 30040 31693
860 141 10384 20575
707 915 15429 19436
372 292 4825 12769
971 177 6586 7270
728 148 24489 27922
194 995 182 5480
959 123 8170 14116
136 142 7637 9506
153 256 15805 19242
671 767 28303 32633
565 625 17271 27163
64 323 9307 12782
922 703 3169 20753
660 733 3482 4529
335 349 6780 27271
124 515 9464 25405
562 972 4507 14910
249 65 5214 28263
45 410 24339 31885
229 45 13227 30379
356 47 14147 20439
352 785 9069 30569
201 583 9053 11720
468 173 1462 8726
57 114 3307 18121
641 706 14050 15480
828 399 3607 30907
506 344 26374 32305
752 516 28456 30844
877 217 10134 23066
406 704 32661 32719
303 667 13766 27371
36 298 22941 28875
167 690 276 930
129 831 1697 30842
