1000 3000
235 861 16669 19536
862 539 26127 29137
208 511 11166 12252
569 522 3457 32306
66 347 22321 28704
573 747 6365 32709
372 259 6394 28212
781 843 10241 19187
693 677 29630 32099
154 674 13543 27999
357 451 11503 19749
480 810 3667 25148
772 753 13224 24865
919 939 14826 16177
300 690 5394 23496
666 137 17579 21222
66 699 21 6563
155 164 21355 25475
32 583 994 29132
749 159 11138 21767
462 721 18035 24170
225 594 29799 30375
716 445 23268 25946
338 464 827 9801
146 672 14426 16459
120 969 446 30859
776 90 17883 20445
409 217 26795 28007
391 371 351 21406
635 239 73 32419
550 468 15571 27640
635 959 30106 31141
189 786 1230 21127
850 649 10784 32422
598 910 2458 28682
410 232 28585 29680
815 736 1837 21357
70 4 7815 32413
889 383 14826 31751
15 984 16261 18345
380 450 6386 15943
151 364 1148 21081
969 658 1935 4433
178 284 8605 20976
78 366 24869 25086
296 312 9978 24364
518 566 7591 11639
941 570 6931 19634
62 288 14351 14772
449 339 7350 21552
985 934 17735 32148
985 54 14310 28796
757 726 11407 18298
860 955 26046 27813
148 73 14569 27355
958 277 5502 18932
275 677 7924 22893
944 932 23918 24060
206 251 8645 32066
878 284 13139 18737
123 264 4104 6834
615 557 10779 18480
651 176 25222 28877
153 801 13330 24723
220 367 7592 30426
147 33 25333 28635
585 407 14099 30144
985 552 4331 12665
840 645 3025 28887
731 38 5698 6154
595 131 162 17559
158 134 10745 23510
560 399 5129 13200
114 128 19018 24895
305 347 6711 10617
210 800 1036 8295
501 211 2118 20220
919 222 14211 28500
477 107 3427 12165
685 868 9048 26118
351 726 2875 24536
981 75 13987 23394
175 999 12607 25039
537 270 18850 23421
161 292 12722 20039
436 229 4253 17345
488 790 22172 32564
223 195 602 19307
578 283 14429 30726
892 24 20134 23564
233 508 1967 6828
263 569 14856 25811
804 431 17442 20507
384 11 2613 32025
980 549 4879 28752
339 603 165 22733
456 453 14359 26847
840 729 13572 15614
913 464 2816 17929
460 136 5747 11682
39 387 2654 32542
877 120 4342 22308
466 201 17927 19200
914 949 12020 23521
593 374 19862 20648
129 541 3091 12369
343 212 10142 12009
510 477 15239 25526
705 602 1188 10372
107 941 5509 25002
689 544 3468 5292
834 687 17063 21943
758 557 25342 32428
301 876 23297 23368
345 241 18355 31379
111 695 18444 19128
570 499 10004 32156
41 688 114 3213
17 828 19004 26661
69 338 13262 23728
950 570 10026 21889
286 750 28566 29834
369 790 14630 17040
270 494 10831 11978
562 950 7639 20398
495 410 27461 28340
51 283 10072 28059
435 487 6613 16336
793 892 8252 14451
19 11 14016 27545
95 314 18557 31177
540 874 13961 20004
538 811 1026 22804
829 524 11755 14498
782 55 5685 24359
218 852 18274 27359
375 453 17955 28933
981 339 17620 24721
129 719 4004 7617
16 971 1503 31248
817 386 3316 5088
412 740 10284 27392
898 575 5916 16370
324 683 5269 7214
713 932 4993 7686
266 14 13478 17677
241 124 4576 6821
642 985 9511 26664
344 427 3215 12703
994 604 2678 3536
248 883 11265 26999
201 130 5084 12225
750 921 16740 30676
213 148 2573 31142
126 329 11121 23461
602 180 932 17305
62 902 828 3928
802 795 8107 26270
142 843 6556 19055
839 875 2068 10537
591 765 14666 24165
467 149 1436 31290
409 422 3098 20589
929 420 9003 31999
3 763 499 20867
905 520 3679 14152
287 927 4875 15148
776 197 16790 22141
803 254 10206 18044
294 330 1290 32129
177 99 1640 7648
966 706 28896 29093
967 642 7256 29166
457 125 13531 25076
616 663 213 13973
627 744 3537 24767
346 397 17248 29512
429 297 2950 27837
910 112 15380 29110
833 28 17134 28113
147 156 19742 23378
849 17 13400 24026
923 187 9362 13956
321 228 3203 30367
644 882 17841 31835
224 491 2043 7537
16 357 14637 26447
195 284 10869 23250
662 135 2634 21791
90 900 18204 24868
999 691 22814 29581
25 657 14539 17265
514 150 3393 11443
808 185 12654 29963
368 482 3061 28634
331 200 3674 9268
560 324 3835 14753
195 150 14055 27264
29 279 30892 32491
291 943 25883 29488
3 87 9137 31775
852 785 10268 18364
229 815 14845 23861
529 802 3770 21576
818 988 5101 15760
28 903 9313 31160
123 271 885 7127
447 294 3433 24665
783 799 2164 17565
876 461 8300 11661
328 668 15871 25622
622 480 2823 3599
107 69 4427 11823
461 431 13363 25234
91 204 25463 31683
598 518 1987 25419
991 68 1727 27751
177 52 7106 18826
551 802 2090 7103
521 228 5470 6617
259 729 15617 29442
447 303 3845 19671
901 60 13043 30684
695 487 23527 31418
690 664 9761 30046
826 389 1626 11240
716 959 14532 17240
450 333 10774 11713
571 343 2605 3676
17 685 13391 24958
983 576 8713 11124
467 209 1901 1916
104 570 12228 30665
511 210 13988 21158
567 565 1046 24075
410 682 18798 21495
962 734 19615 31195
444 346 23623 26817
163 633 12834 14482
720 453 3115 15918
154 986 26504 26935
928 314 8470 30143
774 258 12904 13054
480 765 28809 29129
352 712 11028 13365
382 886 3574 13320
729 629 3519 28708
273 657 10179 28572
454 791 16262 26880
854 101 26705 30465
243 664 8194 19801
516 901 10937 13908
750 532 9568 15107
961 738 7095 8552
591 414 2008 21155
555 23 8437 15222
247 619 2663 3562
608 35 7217 8960
966 85 15659 31813
222 242 935 10336
698 898 8628 32135
925 396 24010 24847
431 515 2758 8484
8 885 23180 32097
2 781 9437 15539
823 412 6937 20426
165 579 3628 21226
311 4 2810 8884
831 498 6254 12496
560 726 13222 29687
17 444 3510 26604
382 413 18183 22864
121 805 814 6790
906 128 29016 32127
530 345 10351 11085
342 771 21529 21595
10 700 27771 30563
932 423 21000 24021
347 696 5274 32376
280 301 11789 30217
395 435 18702 29982
881 447 3665 8492
836 639 6140 16598
884 960 16215 30578
261 392 19817 32545
953 246 10307 16323
351 449 6928 7323
539 919 19486 23934
81 632 15820 20124
244 393 12638 14312
628 325 187 3855
352 817 4070 15158
71 838 17833 29450
773 325 22770 24473
116 326 2044 26337
81 162 4216 16096
593 802 3417 7296
108 895 18298 26919
841 555 1490 27200
938 655 15712 29310
784 591 18779 27757
930 83 3419 21630
427 935 9091 30867
906 526 10235 25535
45 570 11116 25730
896 175 10668 18515
571 161 3689 15024
914 154 9095 25590
745 881 443 10110
967 312 8391 23451
994 868 6873 24559
556 106 27 11544
477 544 4862 32025
272 826 3140 25995
378 191 17833 31912
561 59 25191 27140
689 621 4444 16155
973 868 11005 19864
692 629 17286 23260
585 64 25172 30687
319 13 24974 29239
285 505 23414 28939
983 141 6841 16496
542 712 5273 15486
817 12 19515 29878
883 975 1820 6087
86 707 2500 26769
928 927 13815 23345
5 479 8489 15166
222 698 11721 18621
801 723 10832 16578
225 291 19102 30036
719 628 12644 14004
641 921 9963 26831
674 572 15545 32087
994 752 3963 6409
823 664 9276 24370
451 495 20487 27718
177 402 12012 29328
131 802 18444 21344
917 799 11807 23868
39 58 22362 27698
647 609 17442 19682
805 729 22204 30714
59 502 10072 21233
653 47 6141 10825
845 784 8286 25975
19 87 20868 27759
163 835 1142 17331
878 874 15205 20324
589 187 4920 22375
931 883 10425 24950
859 379 699 18350
819 641 14748 19271
775 230 5185 25422
729 585 26249 29551
831 730 1898 3211
805 153 407 3145
549 656 15729 21730
716 70 19623 27831
367 894 7344 14476
949 95 6284 16389
95 549 19900 24669
645 568 7349 23864
763 923 6563 8842
12 280 6809 12968
502 50 1896 9256
815 442 1071 3716
349 631 3828 17728
660 592 12916 14157
859 531 21496 25836
464 372 11241 21591
190 838 5093 21084
468 469 9803 31506
816 615 15634 29875
732 56 4007 5369
39 853 4123 18598
343 380 20393 27964
285 882 3395 29213
425 468 16046 26803
577 883 10106 26664
220 537 7083 7928
92 585 7208 23610
979 262 3302 18604
596 42 2600 16938
166 75 921 10960
285 825 2474 14162
617 90 7865 25351
11 609 17546 18742
629 365 10360 30988
321 870 19431 24305
149 246 27888 30474
573 661 3908 24852
145 357 660 28718
233 495 7784 30399
367 142 7590 23592
812 90 7996 28365
597 432 5084 8851
191 600 21430 30944
609 790 4827 21359
753 86 26795 30102
609 506 6554 31937
363 14 9158 18317
83 286 6362 14624
924 78 12216 26166
574 49 16656 28868
551 886 23629 23743
39 512 20942 31008
80 213 12344 22343
125 98 13965 18203
674 717 1252 1548
21 323 18639 23525
292 75 12839 20666
87 130 3001 6251
711 520 13143 28756
967 859 5795 16824
890 618 4734 8963
646 845 9235 16644
255 388 17794 19947
910 885 10333 15377
483 730 9905 25503
441 882 6010 24148
378 46 6333 32550
930 111 211 11306
520 94 16468 18788
130 524 12355 12500
193 27 1483 30319
861 900 9254 14191
994 211 20861 26669
251 416 26794 32408
717 920 1249 29761
776 915 20094 28871
929 111 7027 25121
83 509 11938 12154
736 82 16669 21419
227 433 21227 22960
783 366 15028 15278
213 838 11907 25198
826 350 13610 19888
431 217 26215 30525
773 430 1756 23463
857 473 10727 30378
524 753 8884 25042
206 842 23337 30405
972 260 11901 20328
800 691 1959 23459
424 224 8638 9916
833 560 12460 32221
405 188 9661 15418
346 225 24846 25563
198 384 8718 10455
312 857 9128 31321
377 171 10404 15617
26 511 1760 8157
999 414 5190 8493
765 320 15895 29262
568 39 3186 28909
456 867 19790 29254
21 607 17632 31348
65 500 21522 26416
204 365 14951 24746
526 738 1229 30446
896 241 4651 31497
556 241 17977 29550
238 553 12184 24212
939 641 7698 16112
954 199 16978 20208
63 701 13449 30616
127 16 9410 16088
169 876 24739 31249
154 7 4829 22609
844 595 2426 28485
784 816 7411 10457
857 546 1952 14849
883 686 5518 12949
220 146 23700 28282
746 286 9852 13876
909 494 1218 3925
46 161 107 16996
279 791 3331 26395
501 830 19941 24525
820 485 3011 24096
394 277 17833 32185
759 661 19405 32430
587 550 4474 27207
9 758 24339 28992
930 208 25483 31742
357 531 11106 24273
381 578 4064 5996
212 428 513 10294
463 933 15477 32254
681 365 22344 23949
572 399 10821 25595
509 205 16224 20603
936 26 27326 31246
885 656 13227 15811
345 259 29937 30489
495 406 3939 8107
296 60 23939 24385
297 514 28596 31962
852 875 17958 29556
298 668 18799 25005
816 785 22581 30162
215 303 5210 9190
240 987 17948 18240
215 587 10896 21062
495 980 2645 10096
999 660 18392 25660
508 233 9252 22301
271 809 23935 29961
784 795 2658 25672
475 438 23975 26482
842 161 5366 24509
155 667 8657 20017
588 532 10990 11768
724 955 8028 26238
243 177 11804 31367
172 661 153 3574
450 354 6286 22936
642 399 5648 16471
88 325 12347 13124
716 710 17426 30957
797 3 20083 31525
414 383 9836 15841
993 163 5884 22583
522 321 2978 13310
885 741 848 22682
467 584 16693 16743
376 543 12086 17400
72 612 11629 17107
276 131 1038 28476
399 760 13931 21364
855 559 23197 31170
152 484 17219 23273
322 684 16528 18134
14 227 14600 32544
36 23 10531 27664
714 869 29272 31706
104 867 8795 31505
247 270 6467 30653
619 949 1058 12661
206 677 19070 28707
688 823 3747 6504
660 159 21655 26850
788 493 1264 3595
439 273 8431 21079
290 611 29612 29636
373 625 9660 18019
239 669 7399 11108
373 726 7814 24299
71 854 1018 17742
323 811 5291 7254
815 362 12792 23551
57 753 14300 23570
1 515 1620 17007
969 442 1694 24335
595 735 8477 30928
652 126 18122 24642
488 849 9663 10447
238 145 15139 19980
229 252 5989 26676
759 763 6760 8752
637 643 16766 20313
539 863 15024 25960
262 380 1596 2478
587 133 1807 18641
185 632 13877 15639
946 24 10626 27378
302 4 6150 8521
977 664 15194 30298
990 43 5835 20560
900 633 279 5307
744 282 3909 22639
34 603 28991 30496
500 243 22316 29638
769 608 9173 21867
3 675 10195 15541
456 113 16951 19835
13 979 8690 10509
179 865 15239 24003
473 107 20190 26588
162 760 708 13877
537 402 17702 31691
106 657 3532 10293
459 767 7469 25994
555 828 21872 30099
121 932 10855 27021
280 965 10716 11029
274 965 8641 18603
682 892 27074 30811
23 813 7213 31883
670 763 3121 5369
30 234 13773 14204
106 899 6060 6250
426 60 7753 21281
420 943 7349 11906
970 186 21253 30006
387 119 7256 16355
382 629 13671 14416
947 118 6090 20830
165 546 25798 28907
790 781 12180 13255
665 740 28546 31565
662 406 27210 27712
9 544 8978 19077
308 393 2773 27887
734 984 1376 11775
740 442 5901 32096
847 553 1951 15804
830 689 6515 18383
37 869 24531 32706
78 25 20348 23008
303 801 6393 14069
629 34 11438 12409
360 463 19972 26395
926 128 9133 23994
916 390 8185 32195
762 209 3846 28471
671 717 6237 28367
53 842 3061 16936
157 164 22755 25551
238 891 3815 32237
235 99 1508 4228
931 94 11682 14567
141 336 6525 32451
434 60 11993 14305
621 78 8549 20381
513 424 17377 25434
107 56 3676 19191
640 714 26584 30564
727 138 24360 29569
954 629 7267 13790
289 961 24931 25845
239 954 9761 30983
873 422 5942 27988
237 243 7510 20947
311 351 2017 7006
882 553 7659 26339
669 46 23834 24632
43 318 4919 6088
984 208 11861 25377
344 275 3361 30425
338 207 10775 22299
774 299 1423 12997
395 136 13737 14911
324 54 3653 30646
588 502 13273 19963
255 111 13941 30911
546 309 1986 13124
534 703 5831 13014
625 336 7759 24602
222 728 384 27565
142 715 4347 23491
103 163 6904 10298
636 402 11492 30394
493 26 4335 25696
992 640 5398 18278
600 982 11471 20405
501 928 8058 19495
756 962 9049 11469
801 608 10014 30737
434 726 8081 21841
197 89 15549 16739
437 214 13759 13825
33 97 1897 24541
646 992 16233 16820
894 553 8167 28771
328 33 1083 30578
10 783 6491 19283
77 121 12139 31764
48 357 5708 11903
848 354 5980 16796
774 488 9715 32482
856 677 15404 22443
965 994 6615 29180
971 574 27130 30775
108 425 7418 21934
337 859 6537 13803
428 749 3503 30047
260 728 4457 18941
245 374 17706 29037
423 46 24133 27359
33 19 1902 20030
260 279 6630 13374
356 932 23372 31555
365 979 10169 31100
738 721 16685 23341
292 983 1807 25195
712 993 19141 19257
154 473 8310 27901
810 76 22496 25958
84 445 6981 18097
716 921 4477 25685
321 659 3780 10860
305 481 25360 26894
101 295 2103 18798
295 802 12852 25158
97 167 13209 29085
240 829 7061 20091
873 201 2297 3870
771 689 15601 20722
445 138 3691 31081
385 917 14750 27692
393 744 15309 32393
113 242 25344 30842
917 401 11755 32495
660 927 6759 16660
373 737 23607 26302
105 514 16104 30022
754 720 5402 16506
930 902 7968 30127
183 938 19026 22444
678 431 11378 16380
517 45 14256 24865
869 464 11979 14891
872 151 15704 20393
695 661 24959 29864
111 613 17273 32613
821 754 477 23231
800 85 1353 22979
662 707 12021 29138
417 805 15574 30899
827 217 17103 32545
968 529 14177 16715
444 307 6594 8058
157 785 2547 15919
329 10 13442 25631
115 761 8937 32007
970 156 10856 32652
914 984 11966 30903
655 482 7232 20893
575 865 5519 19159
720 379 165 31287
74 341 2028 11749
958 423 23596 24611
80 606 12940 14479
896 780 12266 24955
847 717 27543 32620
704 236 6746 12750
917 214 4291 26075
516 252 8968 28019
897 447 16194 29976
605 191 5198 32456
423 93 13704 26996
435 793 566 13909
136 206 5383 16284
183 133 8241 29716
224 232 7640 10220
287 984 20266 30810
895 104 8511 8943
861 964 19146 30106
185 756 30107 31848
504 165 23612 31897
478 250 11247 25814
66 351 10824 11098
346 870 20702 24427
417 150 8792 8979
726 145 3475 12328
14 908 20971 28096
717 36 29746 32368
185 7 6777 26939
416 249 15119 26828
419 976 13288 17351
138 218 5119 23709
986 238 3367 31350
285 536 6556 14295
745 337 4088 21602
147 366 11672 22958
253 719 19540 22083
734 435 689 26529
73 850 15319 32261
305 659 18396 20817
467 952 26866 31387
316 775 10595 24163
197 313 23210 32568
220 616 5374 22883
181 77 5593 24852
600 336 12368 26700
717 260 3578 9632
789 177 9993 28005
259 748 10719 23753
572 956 16862 32581
906 582 11764 30142
919 652 16903 31835
600 913 15911 23555
655 848 6081 9062
270 406 22601 31760
921 124 10446 31742
763 762 2070 28234
884 777 3850 9968
641 871 15989 24262
76 240 28487 30322
70 435 10578 21607
922 235 4551 9375
44 775 28410 29836
266 381 28232 30320
466 810 4196 32704
164 996 8313 22082
793 124 4843 26368
532 678 19430 24304
79 371 30085 30089
666 289 24976 25911
816 537 14265 18653
474 194 4896 13186
88 996 14432 20741
100 743 7292 20315
986 733 21332 29152
510 165 19487 24588
812 129 1254 32433
229 171 9086 23868
752 539 2327 6622
272 412 14078 24062
277 800 12 28550
925 209 2936 19014
468 538 9515 15707
938 661 2970 21644
612 566 17191 32157
269 871 9827 10829
719 381 834 5843
628 180 29866 32137
842 223 21277 21758
951 186 6296 13382
952 131 15291 20885
896 30 17961 20237
520 56 10802 18899
754 214 7088 24424
42 344 7479 28718
127 776 3690 19024
286 479 5231 23554
32 762 3715 13095
845 16 26044 29510
937 432 30870 31031
502 352 6064 12059
426 89 1323 5943
907 458 2923 28906
896 9 1462 5449
41 929 25921 30914
570 161 9103 22784
716 681 13000 32325
228 627 179 29608
688 263 22875 24875
111 518 14493 28770
265 436 5272 10686
839 56 8613 16844
700 222 1251 22879
812 903 14297 26151
524 831 2815 19937
714 439 5929 23590
670 971 17661 25511
409 591 3473 24525
924 206 12262 21234
941 460 18334 27876
318 916 4879 9102
478 644 16084 24470
229 384 4141 23486
882 828 10969 29248
430 414 21693 28122
998 691 5483 30853
157 145 6268 14541
961 524 2621 24165
343 789 11245 22678
441 336 21946 30852
415 709 5847 18120
300 282 11401 19361
650 511 18116 19211
872 105 12952 21643
395 379 15256 19843
507 226 16842 28790
456 368 3521 12198
812 763 7579 14418
899 623 13927 17157
848 657 509 24820
473 325 7481 23169
799 651 5057 6568
534 949 4642 20380
732 533 12660 27224
192 93 16994 27733
784 310 16256 30310
120 924 10464 14816
415 410 8191 29664
900 442 3973 7749
625 280 16804 27534
631 880 28034 32030
795 853 5803 28940
319 387 12699 19528
323 959 21214 29628
214 862 12414 25743
736 523 18957 20309
162 893 21520 29023
744 240 6727 28838
901 643 10954 24681
704 818 18489 26679
534 124 11995 31105
247 760 20571 26654
782 667 28730 29576
323 885 11464 11556
187 390 3265 6999
323 611 17753 23986
24 229 10692 22819
779 500 676 9667
691 159 14900 18781
148 591 13471 24402
814 253 11333 19979
537 681 10528 27341
528 165 15541 23169
147 609 14497 29017
841 240 7542 19381
117 499 27161 28660
345 28 17034 31336
928 702 83 14624
233 747 10494 13096
745 926 2341 21679
199 594 4983 6336
6 978 15848 28228
119 331 5064 6567
125 247 9215 25554
973 251 2731 20293
37 635 10578 14367
420 29 6329 19452
395 771 16499 26015
379 805 1729 20940
774 598 6938 29430
554 70 7714 30978
292 544 5694 13798
217 796 20158 26941
3 536 14254 25770
921 123 2948 15335
480 130 1984 11093
473 142 29184 29607
99 877 17028 18835
307 473 19820 30797
880 254 16855 22430
180 615 3820 32150
128 916 4765 16382
207 805 7641 29153
535 818 2111 6928
747 861 6961 22981
708 128 1927 13098
160 76 2897 9549
699 841 21222 26446
590 341 3932 21912
566 583 21151 29192
911 67 953 7513
176 947 9112 18840
696 507 11921 20824
873 957 16307 18073
132 559 10479 32341
405 834 2546 18144
176 820 20109 22583
940 944 14681 20885
128 581 16438 30380
331 228 8117 16242
208 998 1 22512
946 806 16072 29843
628 354 5272 15490
429 359 4460 18002
57 653 13732 22971
795 241 13932 24435
882 771 8382 17372
169 439 17781 23087
404 543 1398 8455
520 945 2832 21307
754 341 14481 29952
515 378 14341 26979
514 585 14284 31851
610 545 19543 24980
589 973 6458 31857
9 491 2509 9034
27 263 947 26954
570 784 820 30810
541 384 6902 31010
951 217 384 22209
57 878 13014 20454
17 528 4892 24676
898 43 6129 30099
644 592 4952 19097
285 260 2893 31125
312 489 2523 19895
949 259 20114 25996
337 734 12621 19819
824 478 369 16107
888 695 141 24196
80 750 7981 18536
713 783 12185 12553
547 320 12060 28798
811 134 1454 4380
867 495 17707 20460
586 152 10867 17611
414 775 14387 21079
176 612 22103 27316
407 76 17716 21019
400 702 20547 27477
876 978 19502 31338
674 85 21583 24916
878 298 6459 32051
386 526 25416 30969
356 683 6110 16085
144 216 19332 30301
240 758 13266 13392
433 358 9711 10071
496 217 3197 20173
285 312 2934 32025
726 398 10995 17572
39 282 10152 10379
105 489 14074 15184
601 275 3677 21410
706 445 10950 21173
853 519 6246 13236
96 703 6303 32386
876 614 17730 30396
84 897 5811 6477
91 603 5448 6204
277 769 14835 18633
665 622 14265 16929
557 999 22510 31457
11 90 18249 32570
755 851 9589 26133
456 623 6605 14994
551 421 7355 8798
165 577 14851 29857
953 779 9488 24683
2 687 2415 12399
242 38 2792 12450
571 341 4297 4650
249 525 20522 20943
112 571 16081 28498
191 808 11602 12032
966 356 6534 19578
604 223 8686 11783
820 736 12304 31340
904 89 3580 21794
974 538 9646 31276
50 37 17957 21944
941 522 1990 30194
461 812 19649 21082
437 924 18032 30621
398 21 9670 27095
173 631 21964 22105
847 432 25889 26584
739 383 2752 18663
23 683 18263 19277
654 604 7994 12374
280 936 4945 25494
138 97 9424 21607
199 77 18961 32720
127 534 2270 28266
304 794 25939 28476
930 574 5124 6342
495 439 213 30444
971 313 9510 25333
424 900 11591 32217
173 291 22236 23315
32 975 9189 14412
825 508 16820 23202
434 585 984 10611
156 478 29994 31882
955 265 8281 29768
924 442 1215 24329
206 568 78 23278
423 754 25737 30238
616 51 3938 27803
956 376 6222 27504
861 196 3506 21742
104 222 2562 14034
817 337 681 2060
626 917 2656 27815
792 628 3610 28813
79 567 17709 30878
64 785 2364 11643
519 100 4745 23399
833 771 24871 30422
6 72 7271 29748
196 280 24086 30041
964 731 19871 24745
49 608 3688 22123
181 872 4581 27627
718 945 973 28159
826 703 7676 21857
831 830 22611 28801
638 123 22033 22887
129 164 3230 13215
906 941 20919 31813
766 92 2257 11358
10 951 804 4605
316 212 8408 18902
966 577 4943 28966
726 181 1676 16902
857 767 24727 25411
586 814 14530 16844
429 969 6170 23160
433 576 6151 22308
461 146 25358 29476
290 248 18917 27879
874 642 6781 20265
855 313 21162 28671
526 300 3267 16242
926 199 5131 28617
892 305 6549 30438
465 772 10325 16867
438 99 3780 23725
998 399 22588 27482
494 722 4399 12850
176 392 10419 20948
358 10 8089 32603
509 341 19645 26818
127 267 12725 17009
670 609 25539 29187
158 584 3719 18631
962 759 7512 14629
850 401 8467 26885
651 107 11884 23859
376 625 12584 14691
320 874 21200 28207
583 313 18817 30851
89 997 16728 30699
916 211 11129 18624
166 338 7945 28136
279 935 1140 2500
632 827 4591 22384
612 402 18037 28402
38 716 16424 28569
715 426 2977 27363
385 761 30365 32132
784 651 10828 19031
752 431 3020 20628
892 341 12087 18684
398 366 3593 20783
178 659 1146 22913
39 469 5872 19530
827 421 9916 16218
222 478 1563 14261
683 175 3379 21960
562 941 15386 22049
649 769 24404 26917
157 526 16411 20604
499 853 13592 26012
91 948 7502 30600
232 20 19834 28592
889 170 11687 30743
772 889 19637 21757
827 830 6106 15387
519 668 6997 15396
45 321 12564 18397
310 505 7671 23565
195 649 23914 30876
89 702 13957 18861
369 311 10881 26844
59 960 475 26972
244 201 16869 23828
549 855 22547 32144
662 449 5530 22040
123 733 2240 22938
974 356 9581 27342
334 83 7298 28440
574 356 2225 15724
864 460 5625 15362
668 910 1104 17514
99 976 7070 12233
1 588 6781 31183
763 955 17179 20236
517 229 1919 32101
983 75 15900 21947
113 208 7133 14736
516 453 5617 10875
419 493 11030 21394
306 513 17391 21831
750 636 2987 27266
133 489 298 7855
839 180 22983 29611
829 726 18268 24057
985 989 13844 31401
958 907 31371 32369
441 238 24237 26500
153 8 6445 24147
755 168 2682 25167
145 417 2238 28965
884 105 9446 13934
743 380 17089 25028
422 266 3617 4445
143 623 14410 24017
911 113 15465 16478
632 375 14378 16009
330 280 20476 23439
328 186 5156 21134
756 44 31643 31839
142 982 5819 14109
512 591 24641 24798
102 695 12276 23108
396 534 1393 21097
816 589 11663 20914
946 444 17747 30867
985 611 8036 25941
256 557 19319 31070
216 538 2485 11273
880 196 4468 31644
411 588 20262 20637
929 670 28075 30510
320 994 2563 18326
236 420 2246 32388
428 806 1030 18016
879 652 3114 12074
775 193 3376 15221
469 297 3000 18186
190 830 9075 21946
701 599 5720 29404
72 461 9213 25135
295 648 19612 30346
354 482 7404 26940
514 786 17677 26587
635 388 6198 13000
456 558 19675 27849
640 318 198 4127
64 922 6295 27077
81 768 16047 20154
147 16 11724 22302
465 415 3024 21153
279 629 19635 30285
922 393 1393 21450
712 395 3918 12761
736 10 584 14099
602 152 1169 24879
593 218 17267 27725
976 396 660 13683
780 517 21801 31880
152 71 4659 27865
78 82 13190 13379
269 368 2401 14169
302 468 13161 27031
524 783 11886 29283
474 484 12819 23440
127 877 15686 25254
856 228 5673 8238
109 446 15989 31751
623 693 1312 15867
319 790 10889 15683
403 547 1168 14772
733 993 11861 19113
132 68 16682 24149
943 457 2427 20110
103 124 2892 12168
516 76 11025 31665
315 228 11962 24805
519 419 4219 11606
718 238 3407 27206
597 476 11080 24686
982 539 17860 28674
624 657 22099 32124
936 77 11831 14175
671 959 8883 10904
532 590 6215 12669
684 1000 10200 31324
703 831 1135 30453
644 842 25826 27018
288 601 5637 25314
603 678 6940 17298
851 328 6266 31893
334 81 6630 30115
657 746 24683 26001
558 958 24850 27479
126 749 24427 29881
795 682 8153 28341
626 254 1724 25238
703 934 529 6659
121 411 1955 30732
655 641 11329 31402
691 730 16622 28617
582 699 8524 10897
300 944 10061 15602
434 268 14354 14714
117 331 24606 32601
444 59 13404 21271
865 999 3488 9796
716 287 10482 31728
873 941 18124 18328
123 313 17205 17614
848 503 4069 22086
407 623 7662 22249
656 262 17538 18246
275 899 7970 21784
979 829 1850 4327
828 115 1948 27457
523 611 22064 25923
941 639 1129 15327
707 44 29785 30716
420 453 28802 32093
219 313 8701 21686
339 984 6732 29582
904 931 9529 17818
928 205 25205 28630
274 36 8832 18901
29 196 341 2760
356 87 7191 17685
640 213 15908 19438
95 346 14226 18709
940 825 9925 12541
927 243 22023 27749
647 853 4568 19144
68 112 13902 30507
770 722 4387 18898
587 446 12514 22080
700 503 3353 16841
115 291 26892 30987
311 918 15217 29170
576 764 13702 22486
545 267 4272 29335
859 567 28515 29676
12 936 9538 20216
736 770 14984 15903
86 444 16039 23319
423 675 11823 32066
610 439 21051 28656
764 789 11619 25775
646 943 1390 2630
983 730 19137 32647
227 238 6655 23907
452 307 14543 28507
57 834 18455 22528
940 89 21088 29381
464 780 2248 6340
642 752 6712 21701
831 521 15842 25971
247 991 2642 27777
656 12 5469 18044
926 905 2460 22143
954 458 12977 15531
433 263 13974 14605
118 781 5172 6850
442 148 116 6684
747 625 14542 32460
307 343 4123 17734
626 90 10301 18644
199 941 4703 12428
891 780 7100 20801
214 220 1522 15722
54 266 20817 21639
709 305 2561 22840
130 864 13387 27048
131 379 4678 6171
698 520 24756 32197
549 461 3025 16184
67 17 8681 13442
603 48 4534 7944
143 275 14748 24582
761 383 5008 23513
485 524 9769 22952
232 217 1610 3065
591 798 1309 7780
106 275 978 18195
450 295 16969 32460
305 739 14594 18234
954 528 9420 20729
1 678 22814 25712
939 111 24696 32300
897 651 12400 20744
721 405 9772 29038
542 557 4603 23285
633 264 7770 31761
495 813 23678 30150
749 729 10248 21928
138 246 11849 30160
316 343 17692 20158
262 231 1050 16469
664 267 12372 14816
839 85 4969 8240
903 714 13821 29153
966 390 15989 24785
186 799 7289 12378
662 279 9925 10935
601 158 26051 27426
8 879 13248 19416
693 529 2339 6554
759 697 10587 20469
476 191 2681 31844
53 958 2319 11940
385 104 8007 14168
908 33 1930 17563
9 706 11112 29645
590 114 21225 23675
7 784 4037 4322
909 835 1891 26916
497 453 12568 31681
100 534 4444 12958
856 461 4505 21739
684 364 3648 25668
380 821 27366 30034
312 519 18423 24652
734 838 15322 24456
906 234 1145 7986
805 710 5153 21280
835 500 23912 26404
345 671 1881 6295
719 961 31888 32378
251 318 5782 14026
254 512 14588 23975
163 717 4108 4688
213 534 3886 26112
632 617 11691 11738
459 609 9129 28206
220 980 7531 24810
444 342 6178 23556
853 997 261 30488
41 876 13395 19107
277 659 12431 27768
70 671 191 7871
674 814 4750 29832
555 374 24131 32266
79 622 2024 19770
139 861 6571 10909
578 570 20868 30810
144 923 18835 29720
756 122 1013 18142
30 645 16270 30080
324 389 22751 26244
179 977 17195 26931
916 276 6447 13977
165 468 425 10295
282 733 3774 30038
812 637 6430 28181
441 241 6532 10667
955 592 1289 6979
829 646 3801 8963
772 364 26059 31918
419 534 13935 15175
121 181 19568 28399
446 166 6744 9685
836 994 27664 31725
867 903 202 29889
255 944 15395 26501
206 105 3742 21844
781 613 16019 30843
434 43 7717 30776
455 382 7965 18455
13 461 13649 14922
320 874 3026 14504
962 910 16480 26872
650 501 23958 31740
94 966 5205 7872
198 870 4260 10730
275 829 3447 25524
696 521 3336 26313
856 962 7677 15824
216 454 6646 16163
350 813 11183 21078
171 359 42 13393
61 949 8231 13453
864 878 1728 20135
645 435 1421 2053
843 877 10412 22263
542 461 20534 22014
949 276 19402 28287
888 612 6615 20779
394 751 3751 28716
139 918 24579 30267
393 677 8103 10341
713 317 882 19344
48 330 4531 28520
263 198 25602 25661
326 949 2284 19345
287 523 3521 12799
439 203 4916 18388
521 490 7866 32364
716 211 2373 8614
573 683 2114 26792
936 824 8358 9732
211 398 345 4613
163 914 11326 16357
724 210 17502 24400
739 844 1298 15994
326 495 270 26059
70 952 4658 23618
948 189 10748 23742
978 671 9742 20657
971 731 20015 25300
357 209 12186 28177
302 321 17739 20722
805 403 12654 22881
602 446 23447 27955
473 740 9680 13639
555 172 8373 23342
958 15 8836 27975
286 318 19111 22516
579 476 27501 29209
53 417 29904 31244
925 902 2030 21329
94 840 21573 23585
20 479 13564 23626
276 486 8698 29146
204 528 67 26618
132 32 17410 32150
581 881 11940 18815
705 576 4550 19252
700 735 15122 31805
705 388 26622 31520
120 673 8 2406
382 132 8969 18164
53 322 3022 8887
110 656 7749 8483
660 266 1943 2651
611 559 4937 21697
273 125 1537 29547
267 481 2938 29418
723 658 16148 21741
377 631 1284 27851
224 733 5800 21100
51 957 13175 29191
423 230 14207 28646
122 575 12733 15805
868 127 8419 13094
77 497 5424 25205
327 602 7879 15014
926 949 13478 16916
213 769 14715 15582
179 921 24206 30393
22 740 16125 19948
214 350 5194 5745
486 399 1289 19594
822 27 13049 26971
740 273 2651 20426
84 968 941 6271
525 967 17060 18976
646 979 5924 28946
154 366 5909 22490
96 990 19237 24086
973 660 3231 18397
886 878 7538 29804
313 504 1732 26578
907 86 778 23181
279 997 18231 29583
837 547 25359 27818
362 971 4061 16907
367 885 9804 11297
188 230 11881 26825
582 772 4099 17842
246 493 19156 31838
844 153 8162 28296
372 828 4332 21987
992 720 7575 30632
966 787 18640 18803
555 341 10668 15378
296 493 16247 27825
148 948 22258 26197
747 738 27968 32553
734 463 2912 20150
10 797 22533 30536
813 580 13830 25653
830 878 11256 14457
885 877 12944 18447
547 201 10238 21965
987 326 7253 22962
337 101 6673 9369
185 762 2401 15017
715 767 8522 26984
470 654 12194 18552
131 372 26786 27712
508 765 8083 24816
732 170 8244 11865
728 42 14176 19971
615 512 12012 18297
894 777 16591 26344
550 273 16872 17797
754 687 8629 32410
124 533 4339 14097
504 420 23677 25175
187 48 5994 8564
629 448 24744 26659
957 498 15906 26089
555 452 3395 11080
356 381 6771 29052
153 869 9410 14213
74 154 9402 21903
881 548 5615 16152
561 852 12373 32472
409 113 10973 19154
819 418 19121 25946
27 179 4886 28386
356 986 4271 9720
620 145 7449 12379
91 393 13885 18915
576 228 7083 7904
45 660 1100 30623
716 283 6747 32550
434 234 7429 15825
555 566 4334 22144
246 351 14273 17988
730 371 3527 24446
833 475 22563 28119
452 828 23165 25682
912 385 19309 30233
591 727 6892 32450
345 201 20658 27688
853 669 15503 26573
803 806 20383 24795
524 388 11320 24819
732 993 8468 28465
302 396 4460 30679
976 4 31716 32397
73 357 20331 25661
945 711 6187 11870
328 760 19782 32492
650 278 2588 27226
968 250 4559 17605
66 369 11194 20410
613 661 1025 5462
599 395 14273 16728
291 838 6897 25068
865 684 24375 24860
780 95 8499 10542
651 527 22713 28590
960 462 8076 11110
893 557 5818 25914
33 869 9017 9027
685 968 7293 19314
139 280 11191 14089
817 712 25866 26013
474 611 4572 20604
286 609 16262 17210
556 745 19198 30903
813 179 1215 22905
906 181 3557 12861
984 961 19930 31627
139 781 4267 6676
593 611 7887 16166
297 458 19967 24968
276 253 6023 14951
274 34 7604 21656
40 389 7279 10814
505 742 4142 32137
258 752 55 30642
506 348 11851 17408
762 637 21402 30483
906 773 16095 26240
188 945 3806 11653
796 712 25009 32374
264 938 2162 10578
261 910 1094 2664
347 244 1977 7729
153 972 12591 32163
203 575 23168 24257
43 141 1091 2829
135 774 8775 32326
730 381 6429 21915
20 177 30577 31870
534 494 2459 28889
401 245 26481 30313
383 399 12645 31840
341 39 14780 28770
686 592 17235 19829
539 964 19016 27287
610 856 2591 19789
925 524 7188 7560
917 519 5297 19401
350 322 8095 25226
732 284 1754 3517
678 14 2415 27719
507 376 16384 25913
370 500 14476 20283
902 168 16095 27861
602 226 11522 23096
625 456 14210 28847
969 413 3683 16100
361 731 4459 20295
496 317 2614 16962
32 723 2296 5914
908 500 4793 27900
533 799 1414 20347
987 667 21592 25828
570 760 11454 25675
275 589 21054 32611
893 364 28663 30613
155 826 22008 24796
559 547 18977 25251
743 918 9847 13474
56 212 9350 28732
97 759 430 609
593 337 5739 7174
898 914 14177 16970
112 719 25137 29793
557 23 12117 26087
239 743 6987 13171
477 536 17776 27381
486 783 12096 21800
722 14 11268 18466
229 306 9771 21934
17 589 10942 23830
266 316 13116 32759
152 451 18964 22024
457 887 5430 19515
326 204 10429 17737
535 408 18159 20083
504 312 28960 31950
174 235 13535 32723
813 180 1571 4199
996 123 1121 22144
468 789 11775 14825
988 307 18092 20895
280 369 23233 32685
539 664 14916 22236
323 62 17098 27406
820 676 9131 22720
88 784 18768 20207
637 92 2792 30756
807 247 7730 14044
72 779 14839 17607
645 846 16842 21058
835 573 15044 24143
906 574 24970 26316
720 861 9338 9722
649 865 4455 17915
454 87 4121 10506
787 168 5003 5236
110 759 3422 27356
268 981 7856 29344
614 144 13851 28815
61 457 13033 30445
353 774 12042 16180
384 952 7470 22838
637 493 28987 29019
871 192 11930 19087
428 455 19718 29480
78 253 19104 22027
300 601 13542 22128
68 384 13780 24820
432 311 5143 31521
494 939 28741 32623
308 604 7486 8088
996 559 2058 12533
284 755 12702 14444
10 206 10451 16314
246 849 2539 26266
592 161 17650 26282
523 352 21067 23176
954 19 7920 30419
283 237 8310 15580
713 109 15489 29549
630 531 8968 15927
80 216 27557 31679
195 542 694 21748
304 430 7639 16108
661 529 12679 27895
820 753 13946 23686
768 585 3358 9309
886 514 4544 27815
577 871 13198 13742
152 491 13208 16394
355 250 14070 25404
724 357 1641 28739
571 850 6979 30821
693 532 5382 21716
205 126 4824 27624
387 742 15654 24502
933 776 12698 27607
563 839 2342 12944
863 59 2234 24790
613 248 530 7093
375 612 15212 22616
716 579 6140 23752
426 22 28581 29420
169 665 1303 22179
666 532 5507 23500
264 901 2353 15584
246 203 20662 32380
114 6 7311 12790
424 789 6882 25438
345 184 1308 24848
957 648 673 20413
727 683 26057 32171
209 804 112 12246
984 915 5249 23713
32 201 21008 23159
843 63 6351 17543
694 39 16252 19216
885 2 22681 28649
720 59 11072 28760
405 565 6458 6973
153 777 9787 22409
529 418 4988 24541
606 949 22854 25019
800 986 2565 27810
858 304 5182 13275
111 753 13831 18480
634 833 27153 31133
20 909 11178 31627
482 849 4419 17400
485 83 26393 29711
583 630 5227 30628
226 177 2953 4963
51 138 19363 21172
415 757 20526 29068
244 457 20572 22453
539 380 7271 20406
181 334 13026 22328
516 108 11741 24863
971 342 8693 26414
208 331 5808 7140
801 915 22011 30393
965 166 11733 30630
557 403 873 15048
403 11 17417 18326
857 527 21874 29280
60 599 3895 15888
474 396 13011 16598
611 280 7258 18867
565 389 1174 26123
10 732 10694 27173
205 359 5885 15487
898 896 7392 18764
582 476 8397 28933
639 954 776 10608
493 88 9389 16488
610 152 3988 13877
261 295 5268 21244
341 503 23730 29383
820 693 9340 18664
626 965 4109 9255
588 604 19998 30061
317 639 18628 21051
355 162 9436 10745
229 444 14846 31802
204 353 14326 21241
295 895 2977 26357
659 757 2538 24430
194 745 7489 26852
804 393 13792 23179
700 252 5751 18646
13 579 31747 32343
196 714 1750 27891
167 963 13 29728
750 156 9365 19228
209 119 2043 29902
827 596 323 17198
549 698 1852 31912
246 691 10860 28005
418 977 12032 23059
160 355 8837 28775
552 509 10915 28698
436 599 13627 23551
583 796 4828 8778
988 477 3763 8404
144 895 10252 22874
650 219 16975 30892
682 517 6001 23807
8 359 6463 26322
526 823 2918 17063
857 438 15502 15636
356 786 347 30340
757 414 3899 20637
764 40 6669 10835
225 164 14663 24053
309 503 7012 29309
172 319 391 32291
346 953 20026 26451
60 114 16673 25143
800 2 4304 29077
223 262 23694 26950
49 405 2502 22140
290 454 3099 18152
36 760 7586 24885
933 889 14778 29802
266 395 1999 18654
405 508 3823 20957
43 109 10448 16727
552 245 18294 25203
335 247 24528 24749
245 81 2965 24876
990 22 20629 30765
346 559 5444 27309
169 629 8090 22340
100 794 8518 15145
750 985 85 7232
459 883 19413 24756
351 268 19248 23888
34 637 23675 24170
763 547 914 16767
779 647 3548 13219
164 352 2742 19674
825 446 18157 20931
672 960 25964 31156
733 64 23308 27415
520 85 16886 29125
682 314 29769 30614
340 965 15020 27271
913 843 15173 23548
989 402 9144 22137
645 607 8878 19794
25 40 22876 30171
176 741 24003 26981
962 371 25832 28855
220 368 10670 23666
168 966 2518 26821
971 898 11323 20842
379 676 23303 25389
632 412 11087 27006
489 987 28892 29039
667 464 5989 16545
190 172 10541 12399
761 656 5003 21644
87 381 8595 27939
721 164 5103 13612
926 983 9496 13806
168 671 11161 26097
601 776 3808 22251
166 618 1249 29775
947 290 8913 16463
495 864 7744 10740
402 25 15119 30695
12 288 2241 7507
687 577 9346 15254
981 617 16294 18128
202 351 18418 30641
536 22 11738 28368
55 7 17744 29623
747 567 13342 31931
994 883 5287 14001
199 970 27412 32699
182 119 31523 32491
161 679 16766 19951
930 288 2373 29683
362 403 3216 31520
857 499 7419 23427
391 662 18812 32304
778 700 4861 32546
57 277 12247 26038
825 280 11757 15367
53 882 4065 8372
364 331 3522 25257
510 831 2393 20169
238 603 9838 30496
774 679 5836 7131
808 259 604 1440
233 205 1800 3496
755 258 10881 12652
515 82 4710 5497
783 65 1894 10953
964 475 14211 14959
704 696 19 18200
739 753 4800 10492
75 618 8792 28553
848 48 3963 18605
341 748 6608 8473
905 464 1637 17622
821 250 12035 17519
214 759 6055 14697
949 794 11345 32755
629 813 21447 28947
156 470 17528 26694
526 894 10006 16593
999 551 11863 23425
784 932 16583 18385
996 749 14363 17672
786 666 12236 22943
949 248 2615 4495
291 274 7612 10806
979 922 28228 32573
627 856 12153 13409
569 642 5316 20200
752 717 11125 14962
181 138 18231 26878
642 669 19705 31226
338 890 622 31287
542 113 9124 13135
128 180 10199 22853
15 302 15172 18607
242 638 12395 19175
376 3 4175 28871
903 563 5930 28268
12 31 25657 26975
867 657 5296 14623
934 561 12721 27164
539 628 14716 29442
753 855 13434 25511
564 330 8307 31560
962 72 838 3281
276 645 12636 23770
865 41 10425 20626
407 125 13011 29538
59 875 6860 15781
499 595 23812 28565
715 235 3811 31090
965 847 1136 9065
316 922 26778 30784
762 115 821 28624
904 11 5388 10479
951 813 3253 10257
173 103 4337 21982
418 745 27016 27857
971 580 26608 27789
230 797 8627 30950
983 113 24874 30755
483 339 5847 24093
339 508 11241 31664
75 578 1377 15121
107 548 15112 32205
358 381 10943 11251
330 655 17323 20704
31 123 7986 26555
779 462 12249 18314
373 861 30070 30588
112 660 6032 17029
243 987 15582 27467
895 771 1778 20867
968 288 6816 22514
871 183 6684 24148
623 177 9703 29149
951 40 24769 28744
560 866 25398 26810
904 852 7059 30154
574 713 11864 13444
303 659 13239 13286
247 49 1173 25172
412 442 22346 28879
920 488 8046 28833
789 248 11866 26071
990 178 12095 27550
131 188 11490 29824
469 604 10347 22287
835 53 11232 29792
85 961 6149 28835
967 200 2106 23357
416 456 2669 16464
315 206 757 981
957 260 11379 20022
249 403 4219 26011
289 379 763 8697
37 121 25688 28661
488 959 23654 26712
129 786 18558 31229
496 888 18787 29019
522 825 11011 23490
415 521 9663 32390
145 650 16129 21605
208 166 4765 32668
652 285 11317 16764
354 620 13094 27893
386 784 31105 31635
896 233 9943 17452
906 42 678 1899
666 704 9239 17545
981 177 6812 31400
522 502 2487 5250
159 228 30305 30719
625 392 326 13930
34 33 1837 7174
472 115 8529 23850
3 816 393 7445
135 498 5690 6768
651 719 13906 31053
881 563 14643 32435
79 956 5765 22979
437 666 23482 25778
337 702 361 2910
967 29 17597 27481
245 364 5353 21876
365 462 3131 28953
556 804 14938 29709
355 932 27639 31286
364 430 4419 5143
744 475 15009 19614
62 910 7196 28067
478 111 26445 27512
639 230 15311 28526
254 333 27547 31731
296 217 7130 22964
602 834 6162 12269
238 937 23484 31689
920 954 2683 26271
946 874 12080 23262
454 442 5442 15413
394 909 687 13440
816 718 381 7881
278 534 4399 28626
860 133 1874 3323
196 254 7229 19580
623 952 15172 16297
765 761 13964 24343
229 438 773 11289
990 457 32177 32369
956 635 4647 24135
112 818 26726 31820
25 868 10635 28795
168 716 6535 14687
467 652 4118 10641
959 68 21016 31316
259 458 15787 18684
339 723 6153 26621
930 505 22388 24962
140 230 20801 31567
883 951 4100 12311
120 380 16016 26990
117 951 24220 31644
312 547 8351 17852
354 503 10099 25488
928 275 7227 17552
114 626 7861 21527
979 113 6884 25000
265 703 11982 22189
221 630 6064 31294
892 848 19762 21598
503 205 14847 31072
440 213 13097 21497
447 8 7188 14415
236 470 20858 23912
981 140 21379 32018
194 84 10438 22609
679 337 24442 29486
466 753 6588 21220
253 611 8829 30956
566 634 25030 31792
782 75 3182 7245
911 148 6435 32004
698 6 1210 14305
511 461 7913 17140
669 933 7918 9517
397 479 16544 28599
787 820 10783 29768
900 689 9057 26379
398 884 3474 13875
876 181 367 26653
721 664 21849 30517
944 611 2338 26014
105 571 9789 12794
62 484 1352 29790
526 681 5359 16221
962 472 36 8018
959 865 1609 7463
219 193 2093 31187
379 322 20700 21379
341 181 10560 23918
633 731 14170 24980
29 864 3866 24161
937 297 6901 21009
928 488 4130 14306
97 245 3482 20499
148 519 6616 13980
969 515 9318 23448
901 996 1463 6879
174 612 11796 31256
146 890 24393 27008
683 333 18509 26680
557 112 25260 25688
715 270 268 8030
991 599 11524 12499
57 268 1359 11786
945 520 25839 26235
616 743 2354 14003
220 707 993 23708
699 941 7360 25082
963 129 14572 15996
222 213 14729 30737
195 51 6200 13026
179 860 19064 24554
682 88 15562 29008
351 372 588 12219
341 99 12709 28645
890 296 766 19605
680 730 22281 29974
226 833 13304 15155
330 360 24311 29236
377 364 8530 18359
902 980 14659 20051
506 842 27594 31928
19 561 10803 26281
432 134 13123 32704
292 212 4783 15723
375 219 4416 15820
314 425 6349 10288
193 411 9069 26575
53 349 12078 32670
947 681 9751 16176
887 389 2293 17010
469 680 7855 12872
809 350 20602 21966
285 178 5707 18661
187 547 1938 31723
372 586 24777 25637
937 987 10618 26931
808 746 2074 14891
393 128 14535 19794
880 182 5420 21557
590 489 12540 22686
76 847 6532 11264
879 441 16835 22489
698 801 1377 23724
168 93 22427 25232
426 917 3259 9394
408 890 13105 23218
819 679 2721 18831
578 917 575 19136
67 81 24391 24756
901 921 12320 27692
923 223 19721 31104
324 276 19293 30934
640 329 10699 21218
390 730 20279 30845
172 468 5877 27231
142 329 24005 32162
619 297 17274 24840
420 747 52 15431
303 45 9476 18766
795 552 28342 30977
564 911 7543 26753
913 345 21020 24161
28 637 685 30226
466 758 22570 24472
828 167 1579 23264
957 552 23362 26582
61 482 6972 21021
325 272 10903 18703
276 78 21346 29657
674 70 26167 30453
515 529 2015 21119
622 947 7393 24608
758 154 13293 18329
616 144 16064 21077
694 7 3573 24984
548 36 22544 30433
594 575 21213 32651
257 882 8258 23153
729 280 3551 20548
801 513 7109 16974
745 211 16952 20393
925 434 20301 20501
666 651 19968 27358
215 245 507 30348
836 98 148 20699
829 701 21496 31241
37 515 23764 30505
317 479 13040 29434
92 617 8989 14065
227 47 6313 26182
713 703 19169 23132
197 779 10505 24143
58 438 6712 27654
448 782 5396 7923
776 186 18550 23398
832 510 3435 10759
840 605 2733 5968
292 174 1508 21190
539 938 1029 9364
719 85 580 10257
822 875 21131 30780
288 325 18156 23240
250 732 6558 13331
899 677 9259 26996
69 502 2378 18002
934 720 1111 26926
584 461 24659 28305
125 92 18498 24619
423 946 5309 31805
878 404 2785 6424
803 850 7043 19945
422 926 15773 32194
59 357 5833 18964
626 229 7808 30703
791 400 7633 7737
415 831 28337 29152
124 747 8116 17169
98 264 5796 18720
979 564 19934 22814
424 374 5302 22252
826 778 7861 19707
728 116 19343 30922
609 834 15733 28297
868 975 6138 12726
230 397 3009 22106
252 28 18573 18811
130 616 4059 15989
51 551 6033 18887
657 860 16437 24015
416 205 7867 24950
222 708 30851 31278
493 604 10295 19075
245 737 2388 16278
460 221 15590 21197
503 545 5065 11155
797 857 3736 26842
809 259 23453 25132
521 497 6924 20445
782 917 9802 21958
811 973 4587 28853
944 935 1615 25298
729 14 17922 32691
923 677 29821 32142
815 331 454 7962
811 888 4596 5884
228 96 15802 32696
712 686 5210 14259
532 210 22776 24409
305 414 13124 31087
420 749 6786 7805
414 829 5396 24893
73 958 1240 25529
389 915 23846 30786
609 281 21970 29414
406 726 13895 18511
184 316 13577 13749
110 622 2481 3037
781 642 11188 23242
504 376 11737 17985
963 826 6300 22745
543 68 6032 14738
320 973 11701 18426
526 774 5640 12693
721 3 7506 27523
576 32 21633 26913
412 550 10789 14594
456 951 2652 8447
924 430 3311 27022
779 561 21800 27877
137 499 5865 11868
705 358 708 28749
909 86 2617 3920
191 140 3651 18588
800 273 13843 26067
40 209 6859 22837
589 442 576 18519
31 405 26953 31952
491 828 21748 31606
79 29 5229 20599
174 558 23248 24823
179 697 4907 6155
251 946 14736 23582
990 831 18123 30512
951 528 15397 16811
125 563 8631 12335
417 799 21518 22594
242 931 27753 29514
761 866 10499 26015
198 890 8258 16417
726 96 15751 29082
155 25 10740 32175
941 988 26827 27065
416 519 3269 29229
14 975 13889 20634
606 220 11227 14544
109 300 12616 24895
948 278 19136 24640
841 474 18468 31526
331 943 8119 22338
905 205 13008 27240
546 853 16005 24822
226 30 10534 16536
779 257 7564 20144
322 982 19730 22929
572 264 21316 24972
737 495 3965 17800
208 261 5816 18665
35 796 14809 28288
628 581 4103 12521
55 851 412 5073
546 882 24818 30948
331 642 20777 28733
417 705 3350 27184
605 920 9785 10890
418 811 19192 26129
603 135 8593 29896
772 472 1018 17607
580 768 3597 5193
850 687 11209 15647
213 375 19178 26197
288 207 24445 25682
110 571 8960 22514
753 641 14528 23008
890 503 4509 20489
948 436 10423 19368
354 636 14805 18195
99 176 15452 28806
290 109 2398 4928
387 59 17859 32283
298 337 8316 20361
934 248 4993 28760
559 477 9995 13736
588 370 11351 11490
80 911 10925 20201
325 605 11617 25556
961 836 2827 30441
609 766 10674 20270
691 243 15699 26391
376 878 5640 17946
978 231 15704 29846
50 923 25967 32592
470 113 13357 30881
561 679 8696 14168
403 380 4133 10122
778 46 7487 7943
193 608 7213 18532
656 924 25112 26836
668 775 1906 23637
624 885 10887 12763
12 130 17592 20040
230 12 4113 4242
406 469 4468 23246
647 605 21228 27797
714 351 25523 28983
44 299 8399 14038
620 716 614 19016
526 570 6226 17727
579 683 1507 30394
148 277 2855 20344
237 824 19034 23488
895 58 802 2271
480 226 13146 16012
974 593 12105 12919
442 726 17113 23612
898 969 3831 20166
514 554 18341 19055
900 523 2497 18675
541 299 4049 13273
362 772 16704 16884
26 584 13459 23393
110 383 2902 5460
287 76 1455 24506
582 521 12959 30646
778 128 1079 20383
925 548 12551 31561
976 119 8815 22769
888 797 7252 16952
201 841 27866 28331
202 926 13236 28704
81 104 11177 22131
809 420 27505 32088
337 390 12352 27153
127 370 27170 30914
509 501 23649 32586
402 164 5615 6538
628 12 10654 12138
772 229 2772 18395
67 281 13008 31948
44 769 12532 26006
241 386 17513 20878
571 451 25146 26536
420 99 23152 28813
63 121 2700 21726
243 179 6295 19542
732 443 29849 30738
562 607 15353 17507
374 192 4405 30674
850 998 4574 15706
16 705 577 2678
534 330 3428 31330
728 596 12855 32152
830 557 5033 8188
920 10 151 2208
664 450 25066 31967
351 225 8823 19257
66 704 2761 7098
382 259 5847 6143
754 979 14853 28272
108 269 22271 25370
414 891 3935 16960
338 49 17909 20942
548 10 4972 31210
223 388 4484 14451
339 586 25649 28695
54 225 1021 1968
992 661 8800 31002
683 732 14170 14428
634 291 1161 7874
985 360 8156 16356
166 319 4905 4935
863 649 6787 24774
429 18 8041 18831
575 931 2967 19220
777 591 14189 28633
325 329 3319 3362
139 470 28994 29656
950 263 11635 21290
319 10 9286 30787
142 424 15772 31099
406 746 23047 29434
417 848 12277 27469
875 283 13444 13764
299 620 1688 21528
656 668 4138 6993
320 989 8167 20963
46 9 3305 11560
21 650 16121 19417
656 345 7200 9398
212 739 1698 13888
673 384 2280 21001
100 310 2532 8455
689 30 7296 18015
343 989 13395 20069
4 149 12473 28861
994 405 9919 13610
338 223 5148 18633
57 809 10144 20314
560 838 6561 11791
153 157 6923 16687
358 994 25237 27936
659 460 6890 16364
391 255 21963 30559
416 754 9908 16665
461 620 16609 20669
207 411 3006 20796
10 189 9398 12862
272 298 6817 32110
256 601 12121 24340
141 515 9173 21951
417 589 17178 19586
332 746 7725 9665
272 608 18350 24515
615 953 5654 17469
270 581 15089 19520
739 390 6006 18529
590 956 6292 31460
588 250 21303 25388
906 177 8139 29554
720 107 4643 19351
635 859 18731 30117
159 987 21962 23722
437 222 16664 28090
762 767 16536 19564
344 298 2062 9015
425 977 1338 15224
688 409 25826 30107
19 783 13604 17790
190 109 26153 27135
113 49 7948 25025
150 688 3159 28660
939 751 5016 15725
583 394 15246 16054
74 457 13573 27373
677 511 4974 11356
293 700 21696 25432
890 462 21202 22808
981 124 15268 32043
57 315 8636 21581
336 341 15625 30785
145 614 14345 17630
585 664 4561 8641
329 770 10008 20095
838 468 15590 20132
998 86 12366 19001
657 946 4430 5276
422 880 11156 20203
944 520 403 6576
185 461 2500 32215
470 24 20117 25709
178 842 8071 26314
575 446 7281 9718
554 982 2390 13081
735 165 10991 16541
518 917 5269 11141
684 490 4404 11054
932 199 712 17417
399 711 682 11017
770 214 99 21510
424 138 15216 18098
447 748 4059 14901
503 179 13377 20709
464 99 10039 11797
403 130 13844 29697
396 995 373 15749
742 815 16877 18728
728 440 18683 20822
159 336 2880 15593
572 818 21663 32573
871 534 22882 27848
388 627 10324 30769
877 304 20337 32346
896 547 9167 10422
27 406 6496 28982
989 671 7686 19568
790 976 9160 17955
673 454 9308 15846
521 829 24871 30942
499 835 9138 15489
43 92 11464 15407
297 687 17155 24801
476 774 3580 13739
799 659 14638 30235
484 745 1139 4200
271 522 3200 18740
221 40 881 16569
84 125 13663 30056
299 790 1466 3916
310 541 3858 17009
243 422 12055 30371
185 453 15870 27966
338 550 25960 26878
197 180 12208 14063
969 662 11975 12608
439 727 1538 26801
208 606 3655 13604
887 606 5006 9800
407 766 12778 18003
248 235 6935 23974
142 972 12590 17104
827 726 13652 28704
927 105 12259 12584
173 243 12292 16993
23 36 21759 26772
828 674 15918 23325
977 742 23603 32364
102 486 6989 28398
83 812 23763 24128
386 519 6776 24621
718 296 21726 32202
741 568 26887 27462
162 952 563 8893
246 673 4074 29799
888 734 23404 26855
242 286 3465 7328
574 622 14232 31100
337 983 10048 32607
359 307 8222 30768
607 966 13669 21879
968 514 10280 19144
260 828 29205 30022
4 806 11045 22945
172 548 5490 25986
425 98 6984 8234
992 677 20054 29566
792 962 3429 24583
547 997 10684 15044
249 795 13418 17564
606 729 7176 27343
117 6 19683 30343
173 782 7262 23217
371 457 913 5130
976 459 20349 27958
660 301 6854 19116
650 357 8909 25823
438 849 1463 23273
29 265 1529 31036
716 366 11450 21237
372 334 2285 26618
612 361 26874 29191
919 16 28586 28675
528 813 12598 15003
83 270 6951 22438
198 182 19854 23968
584 693 2273 15365
448 830 229 4127
209 610 17182 20431
741 388 10669 18791
72 404 5496 13752
662 432 6956 10444
23 864 9947 21882
585 280 640 12193
407 100 20104 21970
890 94 15529 27185
133 620 25342 31892
45 400 13042 29265
920 512 1350 29289
717 311 2711 32448
725 795 1904 19268
888 545 14442 28286
643 405 21685 27978
848 767 9157 9434
207 738 14115 31267
740 407 1553 2285
569 522 18258 28229
45 587 15264 29631
989 87 4522 27311
482 127 13104 24515
51 594 11541 27954
220 743 10492 11466
735 870 20710 27026
739 168 14417 28004
898 755 17620 26759
463 842 15381 17771
463 828 6868 15583
279 396 22647 32573
399 786 15813 17372
670 64 15701 18535
870 287 9966 24234
113 658 17374 29436
563 827 1501 22922
642 110 9411 32357
268 707 16297 23436
48 399 4055 7872
536 629 16439 25671
716 984 27182 32197
307 861 13619 16356
94 767 29528 29826
69 723 3846 5418
22 405 5336 31472
907 10 7320 14517
20 400 15561 27719
84 907 16975 17661
112 513 6155 19406
54 760 24565 25455
146 134 2734 11129
463 489 417 10881
132 425 9656 29978
660 91 29098 31425
819 183 184 12245
750 700 8359 26071
538 338 4735 9826
895 752 9655 23864
126 615 7749 22763
105 7 11779 20907
267 848 1128 27467
584 132 14384 26319
301 140 2504 31926
779 456 8341 13804
64 362 647 31730
463 741 8515 31975
817 746 10087 12543
364 523 5333 27248
579 340 13275 24067
582 919 9610 24049
483 719 1770 15722
733 455 15443 18293
460 707 12258 29743
629 623 5667 16735
468 47 11229 13146
991 583 10391 15039
453 708 25006 31507
334 66 14482 20410
772 512 8705 14717
715 273 7145 22231
957 708 7515 21439
418 734 148 18644
718 486 1454 25447
978 98 5098 10344
663 280 6335 27404
833 791 8638 21030
809 95 8918 29334
909 854 25065 32241
412 381 8575 25476
556 402 6115 20073
903 15 16026 27862
630 43 2095 27257
452 64 14383 23103
150 605 28055 30491
161 28 16177 21598
508 510 9043 15413
144 494 25990 29110
389 92 15288 15592
519 267 6383 6856
330 996 4505 13615
217 52 7820 19854
365 388 6737 14037
20 319 2649 17661
319 82 10588 13532
401 495 19080 27822
805 866 20410 21271
295 88 8801 17658
774 364 7858 12913
288 684 21758 30528
406 619 5800 28937
810 657 11160 28314
391 8 1099 7183
359 48 20141 32179
235 317 9152 15250
582 311 8588 25150
666 387 7296 26025
920 616 7582 10412
978 76 18904 25835
116 480 16221 24116
386 98 21353 28405
355 569 11822 26620
655 942 5545 27368
428 217 10354 30212
791 137 18408 23136
65 184 6896 10943
864 134 24876 25502
217 910 26991 29046
210 454 183 14334
188 618 7395 20258
889 763 19811 25499
346 532 2874 6548
780 54 22555 31190
68 245 12382 23934
857 538 16749 24267
785 817 18598 25336
383 550 7122 13308
51 508 6071 26025
769 942 7261 22187
703 970 25101 31286
970 106 8220 27001
272 565 21170 26511
364 558 9059 19481
493 219 23308 26143
431 152 15532 28525
598 765 788 20120
208 934 8889 32361
635 689 2323 22834
616 397 13890 25442
646 897 20332 28387
801 603 5078 9521
100 418 13296 28941
732 934 7601 11349
647 366 20578 30710
662 26 11637 16453
135 67 3023 8307
446 328 14910 28751
316 442 9752 16222
664 377 26554 29582
366 864 17898 29337
669 559 11633 20630
942 736 712 5644
897 412 7142 18266
658 159 3158 31574
500 201 17717 30604
412 614 23929 30123
994 720 5469 30546
211 524 19024 27357
475 131 4437 25397
153 513 24943 28962
227 275 5365 20272
356 541 9487 29923
435 313 11713 31470
686 815 15919 17563
142 769 10220 13250
716 278 605 10766
157 746 16388 29178
418 323 25984 30591
43 703 13081 30655
6 468 6722 17987
146 633 19349 21298
584 587 4728 13666
236 258 19600 25122
657 990 4518 30216
35 636 13351 24239
265 237 5151 25453
514 80 507 18382
382 878 55 12445
609 887 3504 6601
252 532 22920 29753
21 989 22205 28015
504 740 5273 29645
741 633 24346 27749
916 542 19063 28467
119 926 4418 6695
887 226 4150 10266
113 477 13499 28283
993 393 10261 28637
712 896 2693 10249
891 56 24919 26282
452 865 27495 32005
989 208 8472 29104
882 521 7568 29847
614 648 6022 25826
489 793 1374 17680
272 362 8293 24950
677 445 4611 22081
609 914 17510 29579
887 292 5686 14293
99 186 9458 9573
443 49 17314 21714
357 961 25372 30576
345 133 18496 25935
784 919 17963 30912
989 467 17672 26299
682 42 11048 30333
615 10 23638 23669
255 180 15457 17252
147 991 5813 6666
299 267 9532 25329
906 856 18954 27393
385 687 24356 31600
103 626 15545 24254
527 616 10613 32025
978 179 21900 26514
624 502 14934 28719
489 193 3584 6008
624 815 10802 26760
170 154 17902 23395
324 509 1724 12682
483 185 205 11524
719 724 24507 24673
99 256 23361 27698
70 288 1930 4730
437 568 14717 24467
373 605 9113 15370
916 51 14814 20724
311 974 1669 3307
673 706 20702 24676
835 975 150 16167
711 831 222 7006
153 818 8262 21870
344 861 6660 27634
281 550 17083 27038
533 170 869 24217
756 587 5190 27452
762 116 21408 30873
305 423 1872 18323
560 330 6057 16445
362 356 5330 10291
33 414 19496 29298
548 80 16749 19678
655 737 8166 20317
459 604 12504 14101
381 175 9637 22402
795 574 815 27599
701 471 9707 18680
576 615 2422 15856
712 405 6278 21735
535 541 6987 22430
993 504 5508 15759
915 961 9120 27776
243 475 2475 4304
361 378 6012 25088
270 112 15798 28651
139 753 3534 13946
830 840 16360 21750
761 259 1114 6986
340 125 14979 19290
548 578 7214 30557
835 208 23122 30803
753 309 9297 31614
179 403 17696 29555
92 683 21236 26661
682 561 8255 28447
210 548 20002 25545
262 785 9986 12560
478 56 28311 30472
493 863 20803 23251
421 213 28904 31359
421 98 585 2526
98 766 3210 32449
108 7 6696 30003
259 630 18717 22034
641 804 10873 18344
986 513 7799 13141
793 62 11301 22808
205 460 18925 29637
996 548 14999 16950
286 40 28308 32186
493 449 8410 32366
747 715 13697 32606
669 566 3358 18268
279 447 4289 27327
928 958 11425 26601
175 633 23193 30089
286 937 2547 11522
478 299 11690 16359
764 225 8701 32661
674 226 18388 20631
313 288 27522 27660
261 640 24622 32254
865 608 6239 20495
261 228 13891 32227
381 513 4213 11932
892 13 3841 26498
697 38 4185 16467
737 803 23453 27559
389 248 20148 23832
997 558 6714 13064
884 362 11859 14598
158 493 8715 12581
520 356 3671 25399
207 872 3116 14955
76 656 3149 12981
559 766 10976 27641
489 864 23789 31928
246 112 12442 17301
810 406 23614 29563
651 891 8564 19769
952 450 7279 26223
264 779 31117 31662
766 215 9179 13102
156 187 19156 27078
750 614 21846 27697
928 197 24607 30279
10 522 21425 25679
291 801 9467 31508
700 771 1158 31465
830 389 13776 15375
942 379 2204 21137
8 818 4215 5506
155 812 3160 3981
195 391 25705 27372
468 328 6553 29957
254 348 741 21983
404 431 25700 26448
369 736 9946 23833
557 949 416 25663
292 395 23322 27977
464 833 10628 20392
288 789 14375 23108
641 271 31 6626
644 877 4683 20468
712 142 11729 30282
506 371 20244 31701
642 787 8641 18384
575 334 1906 18903
981 188 2212 14635
982 631 14449 29353
600 630 8177 22698
262 412 24969 31845
353 680 9877 30335
792 294 17093 31593
5 358 4072 8391
122 803 8407 11588
91 687 22910 23741
142 909 9146 22808
193 55 14338 26841
371 729 19180 31317
366 886 15001 26743
475 489 765 10807
70 190 6322 17660
891 883 15369 26690
953 737 8155 20231
863 295 20070 29852
813 489 1775 23107
91 749 13156 13892
