1000 3000
981 241 8206 16933
993 2 3321 13604
749 73 2426 28106
153 956 1347 26383
109 949 48 13836
163 75 7839 26080
158 528 15912 25773
340 530 4758 29141
360 478 6724 13916
179 738 6361 20571
908 361 9069 16027
973 525 10850 14317
664 608 909 25536
282 147 8927 15786
487 515 14065 26265
134 184 1983 32075
54 952 15048 21225
225 604 7212 21537
152 857 3999 31724
79 530 4551 24420
459 60 11221 26853
601 426 18616 19222
489 506 8730 28063
34 447 7618 29437
335 504 501 26849
867 193 12019 27879
42 73 19033 20710
288 484 11707 26010
997 986 1327 30405
745 1000 14125 22417
572 541 9303 26744
593 247 20760 31971
940 423 8153 29096
82 394 3280 31608
528 41 11441 25571
191 732 16655 23086
942 51 21158 24516
881 93 17355 22012
536 572 15993 16837
979 344 18517 29399
228 211 5161 28406
693 229 20912 22617
796 706 133 17012
996 681 18697 27211
423 597 20412 21969
953 761 963 20888
646 71 1447 10189
134 98 12736 32003
792 126 8097 31105
68 252 25934 26686
422 530 2392 22663
152 338 25785 31056
959 722 11582 28046
753 588 17726 29868
557 191 21258 23770
316 165 26724 28366
614 566 3639 30401
888 150 17780 20941
909 890 14384 15492
186 81 2445 27711
534 200 5234 6949
850 62 1890 4224
389 66 14130 17354
324 570 450 14629
912 917 7700 12800
376 674 16305 17384
225 379 23328 32713
706 813 13672 30631
525 793 25985 29661
123 735 1199 4870
423 513 8478 14606
270 399 20077 27109
525 314 2692 20831
68 410 1651 24720
730 803 9114 10326
97 805 15496 20919
771 708 8447 17555
764 224 3080 11722
866 333 6374 22526
347 341 5525 28751
222 36 28225 29591
277 773 1757 26387
481 956 11084 11243
286 163 6456 25238
272 833 6607 24531
742 743 24396 30558
622 5 2499 12498
986 685 19865 25714
770 885 29823 32482
930 315 2529 4846
460 308 12074 13572
49 590 16625 28473
725 343 417 4446
872 878 17564 23057
756 528 3882 31621
235 781 11962 29824
793 572 10372 20841
963 580 931 19566
350 549 17177 28460
402 854 4012 11802
216 792 7016 27569
746 739 18366 21131
795 816 7787 28213
687 814 10688 28190
612 561 16112 30719
856 552 4864 10532
220 350 7853 14913
978 323 8239 28385
836 19 5962 27668
269 576 18554 24949
891 996 7228 10142
709 337 883 8950
9 764 18635 31497
938 975 29401 31393
608 831 7117 11209
952 429 1333 24899
526 240 4534 31626
888 931 2935 31386
197 411 4166 31623
517 429 21658 26800
930 541 13337 24054
312 193 301 18261
209 791 21205 29401
277 204 5552 18622
696 728 1523 31803
131 718 22840 26084
720 391 606 5513
568 73 2559 6388
711 468 5543 21862
395 686 6240 29005
648 552 11931 17421
216 281 5413 21566
681 129 2935 3106
71 680 22369 26146
932 943 14482 15113
933 783 4456 25704
919 106 4615 24121
913 695 6569 11202
12 577 956 16949
113 122 1973 18962
745 612 2739 20541
555 857 5785 11034
769 291 16007 17359
460 206 13239 30878
282 925 14654 25049
372 594 6978 19688
781 618 14891 21711
88 256 19244 28380
849 25 21813 23662
279 424 11145 14485
24 875 12433 20218
78 286 12137 25991
224 150 1936 13683
356 592 21674 25010
131 571 9123 20882
342 812 28 7292
344 201 23794 31793
716 623 11993 26202
488 351 8912 23511
721 567 4225 17808
562 222 2724 29902
759 730 6592 12977
399 317 4202 26533
850 748 21641 30557
278 650 10032 16303
648 293 15664 24627
346 592 6554 20866
944 193 8780 19421
807 491 10616 14942
23 110 77 7818
384 950 2609 25800
668 858 14364 14919
164 102 19768 31503
174 570 9702 30518
476 916 8607 26297
536 604 3216 10006
935 831 18841 31238
132 438 2024 29208
47 783 6407 28766
397 300 7805 29698
137 35 18042 31826
699 495 404 2876
152 92 13477 15657
139 144 4100 17655
547 792 3928 16612
380 785 11499 21873
274 344 5459 14702
180 300 1877 32595
797 843 30149 32280
409 866 1266 14333
878 641 638 6253
936 917 4975 17703
474 376 6719 30942
377 750 17036 29133
115 74 14393 26180
9 377 11018 22087
673 668 3803 16912
567 620 10225 11767
316 761 7143 13115
655 164 2760 4639
172 334 9569 18515
42 71 6340 19365
850 931 21458 23607
116 955 8960 27111
452 568 12506 30347
981 525 10975 11596
292 102 18348 27188
105 955 6019 16603
330 97 990 5520
72 779 21921 26971
149 557 18550 19040
582 753 8885 26919
286 350 17328 22795
772 414 14233 25745
326 62 22549 26242
637 427 10348 28928
795 547 12821 30119
474 274 1640 16921
614 574 2078 9781
262 325 2107 12387
952 270 5544 6326
835 717 1413 19661
632 723 5453 13162
379 549 8422 9627
575 315 11223 22072
336 20 1222 22691
309 288 22427 27222
629 590 1117 8515
225 800 5411 7322
914 700 12124 21432
820 380 10172 21490
308 655 13533 26926
142 713 28992 30870
291 849 19193 26409
920 218 582 25304
626 532 18579 29884
273 92 1945 19631
530 225 11270 25307
962 312 4856 18422
407 147 16015 30701
129 37 1655 29195
745 121 24595 29451
601 636 10007 24629
813 968 5417 11509
656 818 15714 24079
282 454 13970 30614
56 713 4137 12734
276 24 10914 21409
327 263 11555 29279
188 100 1588 7832
199 494 29681 31738
526 312 20782 32076
703 562 6084 19681
778 449 5834 23184
496 294 7285 18322
524 581 3518 11795
529 351 4237 6073
188 346 4401 21100
723 423 18427 30319
414 45 3081 18636
597 124 3080 22862
243 36 22642 26740
137 447 21434 30983
302 20 777 2700
613 477 17474 28669
320 484 18054 23931
340 809 9180 18014
436 15 2125 5970
987 288 1917 9077
908 942 7001 16867
764 244 11013 13437
378 836 27571 32332
693 498 7714 7866
472 272 296 20798
914 251 22081 27784
329 367 3205 17601
679 287 8086 31573
317 423 27532 29505
88 45 23589 31640
761 589 18596 22236
577 20 1038 3968
380 304 18434 27452
773 798 8909 19644
675 379 5167 20494
179 799 11715 17646
94 103 2036 11796
749 354 20728 30695
305 207 24281 30127
696 333 6975 18052
21 466 7552 17785
870 176 6954 21696
836 629 3476 7517
151 489 554 17802
640 438 17721 26149
779 891 11583 28955
877 450 4530 30163
714 939 13656 29590
218 248 26700 28089
620 402 10460 29311
716 291 23315 29888
489 470 12531 22127
666 716 27353 29796
211 897 8001 31835
954 910 1529 2289
687 327 4641 12379
107 504 1458 21282
368 100 344 8180
65 375 7195 14650
947 69 4679 25829
965 825 3229 15739
468 754 26952 29392
26 11 13428 25776
136 666 2262 22282
833 388 11428 25394
848 951 10875 24243
413 719 828 4777
741 61 16974 29238
336 949 4682 10770
134 831 24986 29089
660 545 17081 27116
971 107 16952 18511
155 419 8058 22528
798 545 1166 11745
63 765 1853 15541
549 976 5032 8495
427 409 9936 14251
258 713 23031 29312
968 64 18216 24755
571 481 19981 21974
73 180 2533 23115
810 692 985 20649
936 16 29415 30471
909 485 21267 29317
662 587 3207 9310
815 198 6722 20730
607 793 71 16626
237 374 3417 22538
203 89 4031 29353
938 414 12452 20017
727 112 1351 25858
356 779 16417 19475
778 932 5987 29861
173 536 16337 27432
544 482 8208 26397
899 49 3451 21244
170 161 24596 30335
936 953 10039 29089
908 453 12061 20566
819 964 5250 29083
590 29 10190 30856
933 957 2938 21413
828 253 331 24284
252 986 5334 27067
909 244 18739 29677
716 227 6105 18978
568 575 16431 31658
153 663 16477 18532
922 988 12746 17525
86 607 13695 32157
513 288 13612 21867
849 417 12221 20832
205 786 9214 18051
116 678 10972 18132
33 614 455 2088
910 180 18872 30683
447 59 29281 31697
320 381 14208 29410
505 373 15287 24888
473 950 1972 31195
81 299 12565 14861
674 657 3182 10998
482 234 20854 23214
570 731 733 13092
844 784 7515 9029
252 391 11419 29637
251 122 15738 18466
532 481 3416 25597
409 127 20372 21475
317 732 9624 21744
400 235 3945 11645
774 588 5404 11871
177 845 14975 17272
656 429 24726 26609
976 985 13336 22264
666 354 18524 20868
373 215 25416 27814
438 687 8354 14828
285 481 515 11428
625 168 13757 27060
215 449 9622 26899
775 39 2107 9740
983 9 23871 28283
676 825 19726 20369
166 105 11780 22259
356 58 971 19223
712 205 4641 14773
620 869 10572 11784
340 172 3688 9405
6 909 2299 11283
888 306 6347 9535
521 671 406 29036
827 406 19934 24868
551 525 68 9908
569 397 4982 9070
949 308 23365 30031
251 421 2847 30909
679 15 815 5408
84 587 16048 29121
394 346 4125 24156
172 559 12447 25057
967 752 17561 17830
57 722 7567 19633
502 781 6629 11963
649 438 13536 15453
49 245 29424 30855
810 398 7410 11373
109 755 20906 26315
98 602 6159 13265
941 155 12519 18238
151 141 19500 27695
327 569 10036 11699
856 62 1296 16041
837 471 7492 31924
314 882 17130 17496
180 323 6815 14279
44 409 6646 13725
504 294 19647 31580
907 444 19632 32500
399 934 29031 29045
431 197 18722 21149
617 245 8371 18061
924 248 6571 9953
815 616 7297 31034
994 450 8220 18925
617 481 4472 6171
926 25 18822 23812
389 54 4260 10057
783 580 30925 30962
735 640 3467 24887
513 534 19961 21939
380 188 20120 25931
13 495 22375 26697
166 13 2905 6306
351 339 17294 24562
132 856 4215 24851
862 81 8040 30402
391 102 20325 21638
32 917 1336 12763
941 574 15406 31267
172 447 1092 18614
737 560 15386 23209
406 209 3136 26804
153 715 582 734
934 101 16950 28473
15 368 9449 11588
441 565 2306 20526
489 989 1161 31209
159 737 3200 22998
74 852 1450 13233
92 757 14495 27831
910 689 23082 26112
39 408 4864 12542
433 623 3152 4264
317 854 5592 10907
177 867 23282 27334
439 703 5486 8903
615 527 15483 24249
487 238 14072 24607
19 585 3874 14571
296 835 3978 5822
933 194 5552 27147
475 385 13444 18122
620 623 1713 5858
251 976 23079 27871
194 443 14344 27573
218 204 6464 27494
558 427 3151 3563
137 812 13084 21920
193 464 5978 13965
580 892 11874 16844
826 121 3172 25358
683 252 6629 21844
107 902 12264 25215
450 807 7905 24978
1 919 1398 1712
770 373 9410 20233
591 963 4828 8206
838 713 28281 28428
268 905 7540 24401
599 363 1436 24483
344 962 13313 19103
201 31 10531 19404
283 981 23975 28055
484 844 7053 11351
966 970 18268 27354
771 14 6767 16211
40 39 24636 32449
712 205 18399 28072
291 590 8310 14180
958 460 20167 21954
733 749 25129 31432
110 923 3716 12019
783 676 16796 26014
675 493 3361 17972
9 731 12001 22695
973 506 5151 12386
27 506 2000 23989
362 742 10907 32535
909 575 10860 29765
792 905 5104 20741
201 795 19818 30717
924 517 1197 3074
892 477 6219 10126
183 59 938 19188
561 878 1132 17060
523 126 13840 16585
997 27 2371 15531
450 613 2371 7561
844 718 16289 22668
440 982 2434 9917
875 917 11369 31989
684 558 7516 19185
828 322 9099 20577
171 922 7149 14977
645 889 10859 13740
853 777 1096 16167
961 517 16713 16817
222 383 18458 24667
533 444 23021 25498
134 460 356 31899
692 902 21206 26801
42 579 4070 23292
428 858 23960 29956
544 652 2626 18698
30 552 18262 31211
47 50 4492 13878
442 128 5754 14154
733 358 9426 12113
713 202 3679 14068
718 842 17923 26785
82 148 6744 16534
380 630 918 17212
694 559 2232 23991
2 678 13499 32730
35 258 11750 21921
759 906 2415 32186
844 718 9437 27619
561 285 971 28761
39 656 11983 24493
528 631 8118 18110
750 563 2041 22013
719 259 2449 25550
207 875 12151 12486
734 594 1283 1663
268 394 9418 20595
475 86 3868 22199
892 263 7756 15467
700 479 23856 30064
696 498 9717 17743
910 617 25134 26209
782 929 15990 32482
562 276 16726 27719
562 927 18793 22737
210 19 14013 20323
464 759 16785 17277
920 526 13305 20429
723 517 1238 9462
64 712 210 29635
281 358 4651 14876
385 338 15407 21947
228 227 17186 23558
760 158 4612 7544
203 226 20616 23145
757 260 24405 27394
415 989 12729 23362
748 33 4749 25941
615 545 8349 30173
965 67 18264 28034
236 351 25314 26771
501 710 14867 23106
486 119 23220 26396
858 698 1842 18320
821 496 11553 13090
843 202 22444 22841
160 857 13452 18645
69 510 2199 25157
178 412 25432 31548
47 410 22359 26567
920 181 2890 3026
880 990 6214 31026
916 608 7222 10974
235 372 5759 16271
685 344 15378 32348
778 389 26284 31157
644 128 4950 21661
864 900 5132 32312
505 70 8082 12466
325 353 13630 13737
836 35 21694 26655
662 600 4103 26055
189 37 7608 16727
483 951 12638 26746
852 277 22698 30296
423 347 25338 25920
401 657 485 26836
243 836 13632 22081
646 779 15877 22282
404 236 3960 26397
296 184 4738 16945
656 44 30381 32004
482 546 8134 13163
813 287 2792 26757
769 30 19544 28563
226 85 1815 29855
105 983 3855 27657
515 466 13398 25211
862 945 6929 16828
10 348 2117 6680
836 70 7607 28219
361 320 9888 22447
856 261 11746 17253
176 582 10120 29805
901 310 4198 25092
669 304 4669 23223
368 768 9516 27550
871 375 5578 7297
988 971 7247 19555
243 414 1639 9448
911 334 13565 23365
311 869 14674 27484
650 338 6979 15153
546 904 6553 19925
525 13 2850 22267
113 237 7089 27707
865 352 5707 6807
411 66 18569 19541
341 521 13630 16650
391 628 19448 23130
129 394 3598 19609
368 177 5500 14129
206 488 13648 25827
384 879 2416 22079
92 229 10109 23671
666 442 1312 10315
482 702 1689 21042
486 66 14596 20555
578 718 17581 17862
209 938 3925 11214
441 753 25172 30762
643 843 8830 11141
756 602 794 22074
583 703 4208 12021
830 814 6302 11420
446 759 4385 31991
395 70 23911 27615
916 301 3128 7431
729 49 17454 22590
930 970 7098 9121
569 919 12925 19961
514 913 6993 20975
346 935 18580 22641
734 883 25638 26869
910 890 2694 18445
650 745 9275 16695
955 598 1287 11369
829 469 12368 18389
243 380 9961 31200
428 969 37 12611
149 898 1989 8664
287 910 22824 23968
146 298 4688 10103
882 278 1939 3737
473 73 4871 12273
469 378 9010 29087
347 865 2327 12452
300 293 6676 17466
287 984 6394 23415
192 680 5420 32355
519 934 6982 20238
860 44 18888 28691
562 363 8277 12831
289 803 12000 23280
680 702 13302 28359
418 215 8792 31755
737 687 4606 23795
9 97 2708 31054
678 119 12039 30881
912 787 18289 24449
126 34 5691 8986
273 214 14897 26976
435 436 10537 25112
151 358 10566 19151
938 185 9485 14721
378 665 4510 28304
662 387 13445 22705
447 779 3747 32059
606 176 21389 21885
486 917 10142 24294
266 361 7300 24113
410 177 15310 32265
954 172 11855 12904
20 720 1745 21011
440 723 6301 30158
112 428 2625 25807
993 19 13735 30044
767 279 3551 8508
991 687 8763 11854
883 266 4278 4449
314 490 7410 19947
430 198 18362 28347
442 96 7467 22926
404 439 13093 31700
583 85 1472 6898
268 499 5672 23451
122 604 4816 12637
339 744 1150 12999
473 730 25189 26634
417 331 16989 22260
494 152 172 26852
129 882 15894 17395
992 37 19439 30613
221 147 890 30579
561 754 4690 21184
857 99 201 23305
815 700 10 9427
99 488 26050 29732
884 61 11073 14110
105 662 13275 17108
837 291 21084 21134
635 622 21221 31782
446 991 2331 4491
61 883 7337 11652
884 887 1833 28783
142 331 10674 32500
290 365 19082 27149
532 516 542 28989
661 175 1829 10032
61 620 2629 16452
304 157 15591 26485
119 16 16320 21767
689 765 7434 31493
522 894 13323 23029
90 898 16646 19104
312 242 3962 9988
401 305 1185 7315
668 205 20095 21341
592 3 12710 26620
280 714 4676 5067
398 21 14526 31476
757 503 5715 21523
123 403 7422 19968
735 778 23032 31887
920 673 18604 20044
95 41 10620 14323
229 800 27121 32759
567 329 21465 27804
105 23 25026 28209
449 624 9137 21140
854 608 186 11604
865 819 24326 25312
82 559 1444 31596
598 88 5584 22502
295 734 24047 32432
85 973 1863 30498
604 892 22535 29240
741 16 22143 27535
442 457 8834 26053
308 732 20614 28294
839 387 14154 29090
209 675 7868 25699
31 972 8989 28185
712 430 854 20230
78 426 10824 11711
786 38 15838 30805
511 574 14459 19614
522 647 28344 32176
144 333 16686 28367
41 960 22654 23963
372 130 8826 23716
178 780 5104 29389
175 410 3612 30880
119 652 6827 30839
309 567 10909 23893
202 827 23363 25895
340 21 9043 27743
213 168 7392 22072
718 808 1050 29099
219 168 21622 27015
472 540 22004 26073
284 113 10039 18962
317 28 1364 18161
893 368 15313 19891
700 292 8231 31061
461 124 6568 25823
325 54 3419 3906
418 104 30580 31511
472 801 15786 30465
370 813 19065 30372
174 693 4024 21959
682 430 13339 14855
190 968 7933 22476
762 250 9274 20639
682 364 7900 21562
367 934 3449 26975
71 319 8465 26037
311 440 25971 26008
913 586 20979 27935
737 773 911 26921
476 19 1652 8855
475 268 6029 13041
972 451 22869 30538
506 64 1636 28398
166 976 11626 29218
822 282 21691 23239
333 875 15337 24707
466 989 4515 18961
846 163 9168 26082
664 800 6202 13228
3 9 12474 13294
52 272 13472 15308
44 330 2388 15130
388 227 10423 15934
554 249 2332 4068
894 734 9810 17204
818 874 4799 14191
546 232 19730 20589
280 183 19665 27089
531 165 1951 15092
385 927 13849 23749
883 227 18993 30624
232 306 1041 9258
588 568 10401 29694
842 766 14657 15020
576 83 4592 10699
538 798 11224 31267
18 646 3600 4137
102 525 14154 18688
418 835 9684 17077
112 631 12939 25348
893 44 7023 14336
990 441 28035 31454
522 936 649 30848
370 428 10255 16919
198 757 3782 32519
34 566 27472 28369
417 433 11333 12100
937 793 14770 19130
231 616 4460 13048
100 714 6747 18078
769 977 7169 27609
598 99 6102 31418
465 833 9814 19818
181 473 23122 27524
617 238 8471 21039
75 502 685 28052
572 573 7871 24369
102 617 9524 18929
172 453 11295 14973
208 49 15695 18781
594 810 4515 30942
240 118 22921 26446
833 299 4152 20468
127 760 15013 29146
964 500 1620 24622
923 630 12776 19054
435 212 7957 21677
343 968 1779 32500
138 992 10010 15719
298 125 10504 30603
657 30 18340 25352
84 710 4563 21185
461 347 18050 30217
116 449 7169 11770
806 470 2929 22600
380 527 4817 5346
192 979 3768 23926
907 262 1107 3626
994 377 19272 26607
634 16 42 7112
201 900 5762 32759
232 986 9929 19132
846 203 6709 10431
550 309 4112 19312
700 203 2144 23450
315 49 278 6892
291 187 19872 25756
393 253 15367 29185
632 5 26872 31175
911 369 10630 15069
658 59 7871 22305
85 420 5862 20950
78 464 26325 32640
395 222 15861 23711
308 67 17781 29367
138 751 2758 17281
512 648 10922 15648
561 406 3969 23684
427 447 2775 11799
378 875 30542 30604
663 626 7805 18225
18 965 17647 32436
886 299 18230 26176
108 517 6080 28767
379 340 7266 10155
983 889 20954 22530
111 909 9287 31817
212 442 425 25501
726 386 17664 26486
912 910 19059 23083
872 154 23492 30406
704 775 16659 32235
312 961 6928 21222
368 594 263 5713
216 286 1238 5214
603 337 15854 23942
923 806 1643 22192
38 674 1490 7460
962 576 17674 31439
253 965 12076 32555
776 223 14078 31990
908 210 5170 29109
94 323 6731 19711
191 456 18284 29031
687 247 14041 15158
283 87 5131 26638
628 805 7088 18979
11 511 240 26791
938 670 1396 14085
420 407 9592 31108
639 522 211 9839
617 448 4001 11568
529 438 24121 24456
160 895 5375 12410
655 145 4233 31837
930 750 4264 19336
582 678 14054 20239
951 843 224 25380
139 716 30911 31174
766 715 8401 31968
169 131 12359 17946
17 767 9137 13035
915 978 9767 19890
612 990 10035 17222
871 226 26851 30172
423 235 12967 14497
941 711 15645 22499
603 54 11297 20607
730 794 6427 27781
49 952 11213 32485
935 198 2164 12101
100 656 3344 5172
59 182 2219 10454
418 561 20282 29565
293 942 4037 12156
888 113 3583 4356
891 974 12496 27024
451 59 1014 18113
478 602 736 28023
199 718 7451 30943
844 68 8627 10248
868 117 2624 6478
516 712 108 20684
884 293 8439 16082
446 559 14992 16385
286 18 7374 15053
464 389 5828 29406
198 361 4541 24015
233 516 1915 29156
779 607 10820 20599
899 582 17651 32224
976 401 5857 6913
385 694 15138 18690
740 234 15294 20113
317 16 4706 29993
577 249 7573 20308
740 485 13606 30007
512 72 21419 31110
464 136 20522 21467
900 886 15689 25334
205 851 14138 30157
883 221 2604 10646
428 427 9127 25177
96 149 3795 22063
843 887 25782 31214
547 264 21859 25211
739 749 13137 26986
511 139 4791 15128
673 454 15698 17883
372 667 5505 10083
694 893 15426 31922
707 238 18418 32467
295 195 6012 6312
20 806 9355 19239
990 518 5514 22365
323 121 11215 18867
991 253 19057 25107
518 132 20262 22400
515 406 8416 19316
177 99 17243 21962
816 673 2143 18541
883 194 24191 25374
983 634 3106 24663
126 736 8579 18630
165 491 5981 20383
451 815 3201 32118
259 55 11431 22379
163 957 7067 24437
398 840 5706 29766
975 102 9628 27892
224 10 9498 26182
441 63 10871 27804
404 966 12772 22177
953 860 1788 4300
566 112 2506 29268
441 443 17614 24231
233 705 17442 31546
489 375 2061 22382
951 118 23642 30002
300 287 15695 16770
420 966 13511 19017
161 284 15626 23550
43 944 1509 25218
139 62 26459 31211
552 371 12370 14544
41 200 18426 30035
908 149 3364 20937
927 231 981 14494
661 573 26069 27320
99 743 3310 25017
803 640 14137 15780
273 494 1016 6011
20 895 16188 23189
527 935 10921 11853
809 391 8738 18769
362 432 13457 20054
311 120 17809 21850
607 300 4704 32566
694 615 7809 18159
210 58 8934 11782
877 661 13579 17998
35 884 5859 24707
404 85 7223 10969
68 993 14859 25363
593 506 7811 30102
717 428 5767 31805
300 6 14947 23470
208 715 530 5772
27 540 24815 28348
468 920 2065 28029
879 799 586 22376
326 731 13004 15166
164 880 6581 28757
276 470 12651 27062
709 509 8422 22985
105 600 3113 5460
646 428 10929 17925
388 859 23961 27332
456 588 9151 32650
304 334 29019 32573
952 885 3709 21551
485 947 12328 15222
744 75 17192 23571
862 954 14757 30930
645 550 20601 32753
705 924 8671 23269
560 69 17731 30338
522 129 15226 31808
621 719 15607 24311
968 18 28124 28494
503 680 15796 27120
862 960 487 10390
209 314 31108 32564
684 212 4182 10075
654 577 24346 29692
156 620 3588 24667
571 374 3244 16151
933 485 7367 17391
512 93 4947 15496
771 675 12283 20611
491 223 5747 29981
709 226 20069 26546
172 777 21819 23539
965 185 5422 16970
473 563 12931 28055
940 785 3943 28618
340 338 12782 14816
443 794 22411 27615
608 270 18885 31003
819 111 3449 16234
280 589 6347 7471
62 605 6574 13382
433 558 1891 22397
204 536 4819 18105
523 694 11118 15362
551 190 7118 32356
723 7 30232 31362
639 186 6966 19922
651 420 3507 19384
215 307 751 16852
129 654 2102 24019
758 762 12915 30274
868 770 4341 13753
191 607 5754 11595
963 937 946 31483
146 412 12548 24174
925 6 15324 28567
312 120 18529 32373
138 404 21921 21987
826 822 1420 14354
384 894 10937 31425
739 964 9866 28810
191 660 13406 15020
202 853 1130 22699
14 573 1235 20269
57 55 1652 28839
611 383 2029 13650
912 21 4126 28953
352 417 2132 12143
531 822 1274 32275
776 265 3090 20366
559 516 16244 18283
566 134 6029 31604
809 454 8687 28310
902 728 3947 12737
944 838 3822 25984
554 19 22789 28788
950 612 8815 27700
54 632 3144 27159
555 818 23919 31826
732 964 2278 14211
50 605 10062 16052
865 526 1060 28950
201 322 2363 9979
206 101 5518 10496
805 943 24101 31390
169 128 5526 29602
644 278 3550 11468
97 124 4359 15135
610 206 2852 22367
93 730 2875 9247
853 1 12967 13014
334 623 7136 30479
720 62 12962 26045
160 450 2687 27548
172 593 1057 8810
821 169 21512 27168
210 286 10400 24662
146 476 10936 12994
882 506 3929 19929
696 264 914 22268
207 626 8639 31399
645 13 14571 32268
833 866 20382 25268
496 745 16527 30161
154 592 12802 16971
392 995 9465 24723
697 878 31180 32379
486 33 3132 13598
898 163 7445 11956
438 794 26232 30531
444 74 10035 25534
218 684 2722 25114
633 505 2251 20140
399 240 5098 12694
290 796 2616 9588
702 193 4488 31164
312 144 18515 23844
860 25 9003 28974
172 368 6121 23918
354 148 22243 23116
193 516 1306 30796
702 722 26292 27794
772 117 1701 3500
545 33 13171 24776
787 378 3787 12693
199 729 16876 23253
843 773 9965 10120
242 318 8212 19346
32 55 7601 11093
878 210 6137 25811
377 800 9355 10905
486 864 6116 14411
81 384 25745 26340
782 650 5950 14756
863 721 12801 22841
952 637 11669 28286
935 194 20837 25574
703 495 13532 29479
455 982 15225 26014
503 487 21068 30916
771 787 11014 25247
907 630 9529 32115
761 51 15038 32217
61 566 4942 18199
38 646 23024 31539
993 394 952 20261
479 974 2014 23355
234 798 16255 26960
88 386 6553 19528
836 994 17301 22652
953 12 10533 21077
880 596 2343 19813
900 763 8614 12760
532 515 8781 28922
41 425 8994 25337
664 644 12779 29553
850 854 21765 30226
106 97 26463 30622
207 187 18486 18592
227 5 27401 28017
899 304 1959 27557
71 953 1413 4526
84 927 2142 2733
441 434 17677 20376
759 38 25523 26759
989 544 18494 23846
642 409 1283 18582
884 329 1858 14554
529 438 15844 20890
868 596 17991 24138
442 711 2804 8167
253 367 12301 12943
408 659 12297 24623
493 506 24668 24793
36 309 15471 25156
140 361 5764 28384
175 972 12268 27416
217 126 8570 30676
529 650 10297 24131
755 132 10842 26839
205 613 2160 19857
129 405 3454 3808
979 1000 7058 28034
323 221 19437 27732
341 123 18179 22986
615 708 29527 30728
418 23 10706 19721
109 672 19930 29816
214 667 8017 21813
147 689 18097 29215
488 162 16745 26691
657 980 15269 17663
882 210 2178 15175
526 73 20184 23000
765 751 7104 18729
209 28 19323 22647
851 998 2834 20387
529 831 4547 7865
395 954 18450 27995
942 807 3291 4512
776 266 5408 10697
453 435 10337 20178
882 625 1479 19408
688 424 11288 22503
419 957 17949 18788
764 791 20959 25459
955 641 13940 17104
409 821 1023 26042
117 195 9253 16630
869 34 17630 20473
896 918 24708 30032
682 947 20133 30660
39 1 767 11992
307 392 16139 21046
474 126 4339 18736
99 239 6452 14616
354 772 3889 4641
983 439 8676 13737
361 702 15663 25953
62 638 27141 32027
255 993 1965 28924
656 875 15636 26917
910 490 26902 27620
716 996 10230 14382
359 718 13369 16962
41 938 12920 31436
643 528 12741 20216
206 96 11763 19490
963 742 15332 30467
737 343 30485 30486
112 452 1125 31314
540 821 330 12776
284 856 14098 18550
955 842 2174 4974
767 284 2608 18200
456 410 17492 26339
643 624 1857 16445
752 621 13252 18242
512 605 10211 23657
515 698 2162 31474
705 723 10008 18513
215 23 6547 10211
340 804 609 2753
661 763 20528 28230
198 494 3730 9937
403 557 3608 26786
894 485 3071 7849
624 170 13745 27388
317 654 5168 31964
971 75 23009 31216
860 789 17962 32530
941 524 16881 19922
350 545 10266 27496
130 790 2621 6394
465 499 8719 11438
589 38 3566 25868
169 234 22247 28796
417 684 17249 23948
941 354 9914 31692
848 388 6670 30975
937 912 16772 20297
111 985 2899 20252
18 695 7166 18809
864 357 5040 26253
661 151 1438 1984
711 722 11596 24943
553 248 10262 15833
973 76 23152 31190
224 836 3447 26300
488 829 16393 20038
929 530 13859 17831
873 976 20522 32315
81 732 5615 24572
53 926 1160 5794
550 634 239 26488
646 796 10493 20061
522 500 2651 4682
215 266 4803 13830
766 868 15871 30885
82 766 15173 25630
837 713 15357 28672
77 983 556 23039
140 310 18788 20858
393 315 20382 26782
569 729 6808 26233
906 34 4144 7068
145 212 5386 15851
922 856 17471 28903
688 239 2577 26737
686 910 7445 25239
885 253 12709 21665
551 426 11937 15420
147 450 1174 11220
218 123 5489 23512
570 475 13522 28892
560 933 12537 16037
515 326 15827 26262
751 443 21606 30522
1000 310 1920 17420
423 640 189 31340
233 536 24288 29374
542 317 12464 14975
200 209 9634 30236
669 406 24420 26456
86 166 4780 8697
185 645 2342 5327
284 201 1684 7438
515 566 6665 21259
387 499 12327 29558
8 425 4762 28885
780 837 229 14640
889 243 1038 18017
753 357 15521 29058
868 301 4189 23614
426 360 5735 18704
369 531 3340 20352
521 722 1072 31015
246 742 2247 13104
638 727 1068 6520
900 203 19169 22471
756 606 6368 6902
880 754 4719 13075
234 320 5496 21123
498 424 11434 20695
435 302 23098 29571
89 126 20336 24393
294 888 5723 25855
814 767 964 2962
454 559 1376 31563
108 373 8265 11857
331 28 2672 13231
686 389 18456 21451
48 902 19113 20757
177 454 16311 19949
316 432 3302 4929
550 974 8862 17867
561 968 10311 16205
410 14 4790 13086
535 834 14622 16820
685 57 18521 21323
633 131 2601 31778
350 864 10789 30852
927 182 6506 22418
461 889 16217 24185
907 299 5139 16237
376 860 6814 26243
476 730 7980 12249
751 924 1142 29755
582 236 24008 26251
952 516 4856 15551
472 835 3767 23570
171 64 5596 8612
981 813 2612 15660
567 583 3303 24967
675 349 16487 17216
107 904 24995 25945
175 642 18520 23662
294 362 7023 29521
879 958 18454 23143
40 378 1551 20308
319 792 25128 31739
350 112 12594 25210
772 731 4836 26308
482 770 19867 25817
508 109 17022 19479
961 841 10016 19089
732 296 19952 30488
932 199 5082 7058
880 316 3302 15827
759 703 14399 22156
991 323 12063 31450
109 21 745 31777
868 340 15967 16976
41 721 1813 7014
199 1 9269 29477
446 152 11877 26405
442 177 4182 18365
632 331 18078 20254
748 214 9657 32720
721 711 2434 32555
593 448 12171 25209
822 491 26136 31990
103 328 30630 32446
919 957 9174 19416
971 38 2740 24172
779 765 3072 27247
970 131 14330 23887
257 616 24649 25348
441 648 9524 19537
96 199 15122 21066
86 13 9217 13076
655 749 3052 12763
484 203 5226 25702
742 565 7943 30667
546 211 734 14154
692 73 21167 26667
989 101 1321 24824
926 380 8425 29289
442 594 19134 31648
766 297 11542 27311
885 153 12351 27094
34 545 13679 16233
180 998 5125 22801
201 210 5772 31930
700 838 21549 31388
345 131 10331 22151
820 316 836 26089
796 320 14375 30066
197 472 11377 19306
974 548 13248 29358
464 139 14007 26700
465 642 10204 24738
928 532 305 8507
889 803 13097 16082
755 302 11846 20015
793 99 24669 26325
334 455 7564 14218
316 436 4044 18874
342 994 2876 19876
668 778 6010 22265
607 30 8560 20106
294 5 17882 24756
369 846 1054 20741
76 402 297 17240
790 735 13330 22691
82 330 6718 14802
645 796 15452 32576
498 281 5018 7549
562 53 6113 18050
872 672 1910 26388
668 116 25937 31449
934 788 13600 26708
182 887 14479 22807
265 677 4551 25139
791 881 4340 28468
842 608 9356 12235
737 265 21773 22412
830 693 4870 8409
781 689 2526 6296
391 377 25664 32190
782 360 3979 24399
897 646 643 11443
618 64 11302 19277
630 470 3031 26702
660 665 13326 32123
954 284 237 30608
420 780 3223 11364
743 243 22841 24787
677 241 4021 14221
210 196 21 5023
15 498 11310 24128
988 140 1260 16260
283 198 27059 29298
458 916 7735 14367
489 783 5692 17003
485 783 28151 30617
845 563 25374 29360
171 544 977 17298
293 511 6312 8543
317 378 10650 26511
373 679 3358 9790
63 85 13215 19384
404 191 20162 32681
619 424 16275 31975
148 462 29864 30917
22 465 11668 23199
350 70 12488 28265
985 199 5662 10273
819 333 25212 29603
529 545 7525 8205
540 446 14597 17970
183 308 298 11662
35 249 4874 26117
969 992 13997 30055
200 551 2771 24582
631 715 3362 14977
933 791 13554 18026
47 837 3117 26217
90 92 27802 31583
650 907 4202 13266
842 109 117 31536
493 413 14310 26897
980 203 8741 17356
865 224 7843 8864
75 326 10986 18204
83 300 11675 27417
134 617 14570 25784
764 182 10927 29254
257 633 17295 19599
42 575 28293 32326
714 450 5096 23937
797 115 5807 16483
493 618 20171 21056
835 988 303 16524
872 380 20829 31686
5 421 11474 17410
856 822 4831 22155
799 47 19157 25260
778 355 4748 29603
276 271 9035 10674
322 218 3837 30814
240 53 2425 3618
88 381 19804 28176
820 863 17514 19294
566 83 22765 31117
222 724 18028 21148
668 391 2270 11351
654 594 6261 26241
820 855 15848 32254
738 832 10566 13055
222 797 7454 10317
466 308 2032 22994
436 697 13378 31227
733 991 16034 16046
463 901 20258 22601
250 12 27284 30296
57 128 4596 23465
504 525 8392 18657
833 676 7801 16793
863 582 2070 24219
634 352 62 30565
261 23 5211 11248
668 406 10186 30197
890 246 8695 23769
298 582 9609 15846
452 283 18393 27100
298 473 15272 23721
971 530 3187 10771
448 143 6335 10462
702 21 11148 13401
603 297 4162 24802
900 272 6154 25734
854 96 1342 30479
996 819 6467 9496
417 821 8420 29235
486 27 14255 18816
750 806 822 13285
455 673 12178 17024
12 911 10094 27417
345 857 6645 31786
695 263 17976 26862
57 636 900 11781
574 687 6577 29603
839 199 16843 19667
835 486 9751 29940
962 762 15084 27092
687 920 5411 30136
25 489 18594 22217
139 778 16782 18780
987 191 6955 10759
272 752 9599 13946
432 734 5467 10600
584 431 8352 10175
93 24 3726 12113
611 939 10632 20869
244 522 1612 32279
627 746 2866 11095
714 803 904 18365
672 799 8527 19110
471 273 12628 22584
997 368 21828 23747
457 756 2472 4536
49 457 1001 6181
274 490 2142 16540
487 679 13490 15427
365 745 3777 7918
983 789 3485 13468
829 320 4715 27777
426 362 12046 13284
470 510 18521 27353
225 905 18563 30285
658 489 10623 24479
399 728 16662 20485
37 849 12067 16193
835 322 6854 24812
186 98 1749 16379
879 117 6533 25739
980 630 6091 31610
643 52 22057 30231
141 176 6016 24895
627 686 12851 21433
99 202 2830 7236
212 405 23498 29067
653 856 20538 20720
715 48 23825 24896
338 714 26658 31080
767 841 4255 13489
275 158 26467 31851
858 288 23587 31287
421 684 11671 23763
220 150 3771 30035
152 633 10579 15511
112 675 9754 20620
170 389 7319 16217
341 393 18305 31598
812 373 14323 30279
365 607 16237 25062
843 433 11253 13734
545 383 5961 28039
33 494 8491 25555
204 391 1288 3318
298 69 9767 12864
764 932 10225 19997
472 10 5917 15574
540 658 3373 4249
711 374 10418 26147
533 29 1421 18171
921 990 472 1152
176 300 9479 28227
819 194 3915 13717
325 857 13159 29748
14 287 1014 25844
663 562 14384 25206
871 926 9718 26130
878 195 9049 19662
944 234 4954 30349
100 377 14899 23365
565 694 11425 31402
128 208 3388 11085
167 444 16186 22996
830 151 11304 21177
604 63 8 27422
165 855 14002 26092
197 362 450 17882
935 471 9536 9786
335 286 10024 30319
933 667 13578 27836
163 976 17546 25542
328 592 6314 12476
766 17 9023 13021
561 393 6818 31803
514 765 6055 30655
691 374 12398 20435
971 253 7658 16329
619 319 6716 23046
970 172 3534 25808
495 997 14950 22209
413 813 11352 25220
356 370 1999 13316
997 860 4442 14300
334 981 15954 22632
279 824 23077 23405
420 663 1961 20804
292 344 13053 14574
321 584 1987 32081
337 963 13504 14997
492 682 8769 24110
719 86 5730 24218
649 364 12464 22823
268 330 762 2088
918 65 349 3931
568 595 2003 6226
919 510 4339 23337
65 538 13470 13529
498 704 2274 26818
256 444 18207 25479
772 236 27832 32718
522 817 25434 30969
354 69 9860 19982
280 749 21209 24675
216 578 12848 29440
167 99 8633 25979
22 381 17779 28398
920 885 508 6185
494 717 10607 16458
57 893 19827 29090
784 860 3808 26252
570 192 5273 19591
102 690 13711 29105
409 533 3122 24134
64 368 44 1383
526 458 8929 26761
961 798 8365 9139
392 655 11051 13871
687 494 19675 20314
391 97 922 31272
975 694 9112 23970
296 449 23501 29034
47 194 19430 28232
628 930 10679 13486
667 416 895 21483
784 759 13940 21146
129 738 15065 20228
662 363 14821 15148
196 311 8508 14547
603 478 1547 31571
445 258 22941 25987
512 863 14948 20640
997 378 5761 32582
529 116 2297 2860
292 929 358 30191
809 443 1405 17793
173 205 2791 26057
76 581 1485 27411
152 905 17515 21743
203 606 1128 7378
455 597 11228 24204
587 895 5438 25423
481 114 3593 10115
454 588 10358 29441
202 143 19724 20225
729 670 2626 4969
881 119 8645 17413
229 769 3085 15591
896 232 8152 14436
958 55 22930 27301
120 446 20596 23807
263 764 16802 22733
235 302 19715 32273
547 984 3002 5621
768 755 9147 13735
621 984 6039 10893
298 12 17537 30131
146 349 272 7170
985 20 1993 22575
866 499 16525 21318
39 497 6240 27736
482 20 318 11679
996 78 1780 14877
381 138 6571 19215
987 73 15515 18084
622 784 22688 26734
507 37 26819 32075
167 578 11735 15806
271 953 28039 31327
294 297 14671 21972
943 527 3248 29977
243 448 15996 25129
948 726 11571 28954
595 857 13554 20778
936 641 30443 31159
504 345 8808 31548
939 69 17688 26232
942 592 15341 26759
31 415 16103 22928
752 82 32230 32750
517 692 5734 30696
777 160 23188 32662
174 311 4627 13971
787 863 2397 13460
939 350 786 7060
124 472 3164 23649
109 693 962 5707
348 767 2389 4836
614 794 10572 17639
384 236 7372 9822
478 239 20522 32480
594 989 11850 18978
55 708 19842 23188
38 530 2141 26003
377 490 3171 10007
510 23 21714 24306
815 265 30694 30982
367 190 1460 22872
223 722 5784 26148
771 138 15760 21363
118 230 23400 27498
621 381 6033 18028
851 805 20151 23288
992 859 18532 19456
815 280 4905 20030
880 917 10377 15159
139 1000 11972 13290
439 447 1136 24376
386 644 14804 22517
81 666 4562 26880
506 48 6859 16079
744 843 16404 26103
895 120 19165 22458
649 802 15609 25147
840 649 17944 25527
149 380 6385 19289
465 784 1699 12617
826 513 8115 32430
599 800 17913 29236
223 262 3049 23741
991 705 16458 28447
299 252 13232 17321
64 187 9493 28155
495 352 1307 6590
84 423 474 32336
535 145 21169 26601
42 519 8171 12909
853 501 1083 28651
855 898 13581 26050
30 236 7607 19562
897 545 7125 23435
803 107 18167 28752
322 980 370 18434
89 971 3330 19561
635 533 20488 32002
98 127 9250 21593
663 435 11273 25519
242 442 21 3428
547 985 7842 10511
370 182 6389 20620
149 277 15235 20278
944 262 19887 20248
762 113 891 25015
157 573 21655 26880
174 925 5726 15031
838 885 15233 21458
344 251 14816 21263
764 65 406 2019
651 10 8902 12324
452 243 1983 14045
927 172 11105 17506
664 991 534 8529
37 688 23725 23848
691 301 1527 12200
735 193 11472 15166
521 803 15388 18178
501 52 8388 10289
5 697 8762 28319
521 494 3644 19312
57 556 900 7768
716 147 7374 8218
946 756 26305 30602
287 528 10999 26372
680 5 23539 32365
259 147 20895 23085
498 433 1352 30761
521 38 11849 31122
745 237 21429 30003
867 367 3973 21946
480 799 435 32150
921 691 7135 16330
251 999 2238 8819
605 446 10044 11043
797 747 11711 22675
559 404 2133 28397
871 25 778 15727
194 588 26998 27731
912 9 17768 24864
677 215 4854 6927
48 904 873 9748
107 510 14883 29049
268 262 1664 16108
851 833 9172 22779
853 168 19342 31984
592 921 8309 10497
593 752 6855 24370
483 47 4594 30735
320 864 11066 30206
380 538 22237 26521
16 91 13239 14584
501 973 464 934
537 940 22223 25115
239 190 14380 23307
378 884 3768 10451
618 769 13928 21028
51 816 30668 32388
1 139 11241 32241
649 369 6916 11016
732 111 9832 20411
581 171 10382 22812
501 20 10812 29631
860 358 21027 25356
715 141 3489 19702
264 416 12036 30130
594 792 16595 25575
974 257 19371 26567
353 712 25380 26787
607 413 11797 31900
563 747 29593 31002
135 310 9956 14832
63 564 24527 26946
185 415 3461 13012
671 922 3261 29000
609 706 20700 24054
828 343 15756 24006
440 547 3232 18252
265 346 11683 27820
35 203 355 16136
531 310 19478 26835
308 286 5135 24858
632 57 17051 23057
368 925 22763 28975
741 749 8844 28457
479 173 15666 30747
798 202 2018 20955
128 757 29585 32337
114 58 14133 24541
98 524 12458 22124
692 900 10344 22326
804 913 14229 30633
492 82 3678 25986
790 682 13913 26730
940 571 12895 17295
949 486 14516 29303
691 665 10899 21992
523 186 3250 17759
725 27 5780 10040
741 159 14128 26873
136 365 16927 23714
475 26 5150 25633
889 115 2979 17969
843 388 21273 26396
725 858 1658 5016
823 584 8660 10293
489 192 3731 30609
738 943 9901 20513
619 30 11458 23177
607 879 23336 26247
430 141 9781 16935
586 791 11912 22121
337 542 17324 24861
901 285 9013 22458
561 784 1534 6555
325 104 17428 24841
699 919 548 14407
530 470 12703 24935
467 895 987 18589
226 976 6596 28554
999 957 2392 28727
238 649 5196 29798
404 606 29444 30228
532 435 4058 9514
25 741 6369 17458
788 522 11974 28011
791 962 15283 28004
547 318 28119 28518
535 822 12961 22195
747 293 19920 24947
604 560 4909 18022
664 55 22010 29308
900 155 15954 28128
428 81 1525 7982
12 101 17169 32281
300 146 19172 25545
657 193 2130 21687
377 393 21883 27925
631 262 4345 28416
457 341 7937 31328
678 686 8174 23755
771 915 12933 23364
928 249 11308 17268
279 884 6891 10403
428 303 17131 21171
283 612 2331 9584
542 433 16438 17157
687 460 15473 15683
365 737 16170 31853
874 585 3253 16736
388 677 16189 26668
474 675 7269 23916
34 24 5336 22314
888 407 11118 19382
745 201 8835 32709
633 301 26068 28045
90 418 8838 19255
223 443 82 30116
896 370 11433 18125
918 456 5932 12345
777 403 16160 29188
583 490 19029 28148
840 101 18887 27209
8 848 10803 32293
101 409 18533 26548
882 328 21537 22844
307 415 13650 16739
306 186 23375 24299
82 825 6142 13817
33 363 3735 5974
475 78 11761 31123
564 36 1523 3221
230 871 4428 9810
349 641 18275 27861
599 77 2705 24968
912 618 12722 18063
492 153 21290 28735
870 789 7360 28478
417 411 7090 26593
21 130 1027 16351
733 68 26066 27495
158 269 28279 29699
634 492 3523 6349
438 224 136 16097
905 820 17934 25692
462 318 5585 14491
859 629 28843 30339
371 649 2769 31620
913 903 25711 32109
279 661 14083 28941
861 739 12399 24732
861 803 12406 13613
103 970 2522 10768
449 527 11319 15599
273 827 7230 27910
574 370 21024 27057
731 689 12998 13232
486 520 162 3147
616 235 1501 10395
893 643 6787 15963
223 850 3137 7322
206 479 90 28613
859 278 14668 32633
325 628 871 23263
36 914 6429 23258
755 807 5059 7483
587 339 12672 26697
750 593 2999 4947
521 653 7955 19223
310 799 1057 2852
561 662 10910 12804
593 248 8923 23754
257 168 3647 10513
568 274 4435 15074
582 284 12224 22061
616 221 4349 17690
373 906 5859 23014
145 134 15637 19828
50 298 3092 26550
314 77 4840 14070
949 990 13524 16541
140 464 16798 27875
64 477 23760 24838
178 190 14401 31669
275 850 53 19825
527 621 5691 10143
280 914 7915 30275
160 525 11330 21150
783 786 4544 31113
190 642 3448 12891
546 967 2488 6840
629 117 11784 22671
74 828 14733 28711
544 723 15454 24778
393 344 8083 20521
75 253 11452 19422
550 605 5934 22170
407 167 4515 28278
964 441 21056 25199
129 178 15160 30896
507 593 4204 13685
787 625 16838 29342
582 129 8812 10235
202 415 2246 8249
931 902 3949 6769
519 352 10403 24227
838 461 14973 18180
342 571 19643 27937
662 840 9128 22389
586 71 19545 23332
694 920 1766 32054
495 723 11259 28162
190 773 6417 19308
454 68 4420 29700
576 64 22638 23912
436 523 15081 29559
515 834 836 14101
467 60 3171 9728
467 539 372 4697
568 680 29420 31384
711 260 5629 17556
875 212 17772 31907
705 324 14778 23268
546 744 23312 25686
858 783 8158 27814
999 617 15524 27747
683 682 10301 24620
77 511 8594 15347
533 737 644 24202
487 704 15108 25223
338 329 1744 29178
314 275 15007 30783
674 70 311 4439
486 789 8747 21805
319 222 8086 26954
416 1000 18935 29175
746 524 27752 30842
427 719 14776 22005
243 734 23729 30873
882 643 11289 15005
764 416 16137 18015
199 649 3199 5320
167 903 25577 28731
944 954 9186 20176
628 46 6965 20425
636 225 2623 7717
540 372 1126 12455
131 401 8398 12306
280 484 4218 9607
684 60 21894 27964
907 644 2688 13986
828 437 1179 32548
276 439 11822 25123
493 215 16254 20515
701 483 4962 10145
908 892 6981 25607
566 811 8500 27669
451 375 5266 31530
339 238 2900 13177
133 306 7675 27402
673 406 15647 19628
877 169 2535 31596
86 946 14571 26930
103 717 1126 4994
246 108 16575 19315
285 506 8017 13521
382 884 6458 15063
731 905 21015 25182
925 363 15928 26148
475 894 28706 28999
174 281 24191 24266
34 267 26905 28558
136 960 22791 29345
169 852 2021 27649
541 191 17845 23085
230 137 22698 30547
486 368 18118 32303
104 687 1614 3464
30 649 945 29640
831 191 7472 31302
99 359 3643 28260
361 374 7885 19499
744 174 24693 30904
973 931 16811 31717
934 346 12428 14329
924 868 2552 6801
142 386 1645 19760
51 929 3285 13682
656 704 8079 18550
852 287 23382 29169
967 186 23365 29600
274 470 793 29698
731 636 10495 31486
295 316 15142 30794
46 467 4964 22848
297 408 6574 17755
215 267 9643 18719
369 296 5002 13113
378 59 7101 19515
483 963 5113 31383
694 748 15014 27045
545 863 10907 19938
469 509 4790 25289
368 117 15802 19955
768 266 13728 21567
145 200 14477 25295
192 728 10580 31234
385 410 1106 10636
990 298 20058 24585
41 206 22892 27187
421 535 19856 27532
335 799 14815 17475
658 18 5984 13011
916 520 11054 31701
51 537 8430 30466
572 298 13018 25628
677 79 11696 29056
121 225 11298 20645
868 442 8783 30750
8 223 4434 29446
887 254 23495 31984
849 799 6905 17070
177 472 14754 15122
67 907 4315 4844
929 523 10276 17282
855 127 46 9141
595 70 8040 29946
929 180 4649 29208
805 876 8733 21565
922 142 22497 29528
915 922 7245 25672
936 78 8393 9593
275 469 18374 22764
588 145 21750 31727
970 130 2732 12093
378 23 6094 25595
885 660 13866 17890
77 909 6262 31538
728 690 15640 23912
209 603 10105 24796
363 630 26038 32144
863 998 14317 31697
320 975 568 13245
909 56 6553 26443
951 23 6902 16327
995 947 3143 26270
202 446 6667 8028
655 369 9710 26117
729 661 1944 26808
730 735 14497 23482
255 364 7860 11456
41 142 2008 14760
714 557 9 6997
860 201 19612 28738
807 270 936 26769
546 985 3956 31637
492 91 54 7309
275 356 7059 14106
805 698 10044 11801
29 705 15339 18338
8 493 6163 18124
592 798 1867 22075
832 651 9071 13943
658 851 3259 19150
662 319 5623 16279
251 956 1888 24389
819 320 19990 30837
402 122 3870 5598
479 935 10633 13477
847 731 8607 14123
989 253 7775 8961
966 390 10311 13084
365 690 348 7747
218 352 28343 29052
569 143 18510 25013
888 97 18504 21364
968 933 29437 30528
552 711 22824 29044
806 307 3015 28109
256 50 16673 22373
82 188 8262 30626
936 151 12661 13776
143 558 1665 7215
487 590 1355 28786
131 405 3901 23743
68 707 27596 31519
235 758 528 28516
742 304 15025 28209
413 900 2844 26684
437 753 17530 30547
284 294 9885 17634
934 815 1187 21581
280 143 27022 31435
563 15 15221 15922
275 957 13388 31651
913 648 21512 27231
845 395 711 31769
720 48 20124 26398
89 255 2368 20002
702 783 3425 30179
774 420 2833 24886
405 186 6328 19978
583 593 22246 32015
992 601 3699 5267
452 40 19822 20993
290 482 6367 11293
774 752 9219 11589
768 292 8559 10554
935 307 15166 31093
465 260 19827 23734
471 65 15924 22083
941 940 18681 28597
192 684 22969 30780
155 991 6302 22759
907 970 4751 18835
610 398 9568 30641
129 589 9006 25441
121 839 1944 20534
531 646 8225 8260
222 1000 8877 22179
914 46 15922 27952
523 304 26209 29921
176 268 134 4697
140 647 11855 21018
613 922 19004 30863
483 776 11583 28257
547 480 16104 32710
269 606 30819 32376
282 719 348 22347
410 941 17395 30258
157 879 11700 31419
80 140 1158 3613
763 137 4974 20200
632 490 6070 8666
886 422 8447 27970
552 374 24511 31616
848 470 17348 23280
263 141 11781 12312
545 210 1185 25378
884 776 15756 19489
74 939 2143 28097
688 347 15743 20494
38 664 6352 11585
975 175 27562 31939
819 476 5616 17543
36 472 16127 28700
621 774 4087 9171
210 936 4453 8725
163 439 20642 22135
203 811 15780 19939
841 576 14410 23746
484 441 9546 21258
220 785 3433 29562
719 760 1604 9929
553 562 10656 24020
216 799 31473 31495
999 622 3870 10004
536 835 6669 9569
792 931 1853 15077
758 94 3100 28873
963 620 11055 29622
969 850 13978 14668
629 367 14636 15495
103 563 6603 13644
668 184 10172 21662
481 395 21649 30882
738 148 5530 5801
676 75 15425 17357
312 310 4880 18015
17 81 14630 28270
489 693 14610 28769
502 916 25034 29437
379 156 28873 31161
868 490 9036 19834
113 513 23794 28015
927 891 13506 28416
187 126 13955 14061
761 115 14831 25112
660 683 29181 29611
319 875 13675 32655
227 746 17021 18204
730 145 2033 30244
3 26 20981 22900
631 763 14664 26790
324 213 1266 10983
903 872 21555 22781
23 354 9401 24712
960 176 2325 11399
894 571 9072 22303
138 943 10392 14458
849 256 1961 28324
179 478 3471 16117
114 891 15317 20932
348 529 10405 10840
346 665 4744 26788
34 650 22962 23279
946 351 8698 21594
598 653 13021 27344
979 715 6167 20964
701 842 4791 31420
302 351 14143 21601
736 54 13833 26456
213 913 4743 16339
421 314 18473 24526
72 517 9814 10116
420 674 22267 30937
305 322 28190 28488
827 919 13045 13239
752 425 7854 10289
747 670 15410 30743
632 106 3760 7948
505 279 1069 6498
312 838 372 26778
117 591 19195 24703
859 638 6584 9668
158 798 3944 25271
448 890 10154 19612
261 394 24714 30493
963 355 7586 10912
637 146 1299 13893
58 794 24884 27310
937 316 14564 17321
328 94 2065 3868
566 127 2231 22787
726 858 9482 15289
429 497 3072 21354
917 180 6417 23498
907 538 5000 11194
125 200 12315 23594
168 16 16062 26687
985 67 5817 27824
123 273 16012 16611
809 152 30821 30947
604 44 4802 10432
327 46 3346 4453
441 104 10921 21653
378 816 27584 28776
530 883 14376 28306
222 268 1604 13534
709 397 14686 29647
274 701 12085 29583
410 354 11411 18253
145 217 19712 31495
800 52 2042 24896
874 275 5917 27997
782 134 16718 20071
551 122 16184 19981
635 218 3944 21884
585 840 9334 26033
975 540 2440 7916
211 972 11869 24093
816 541 15509 18067
946 617 8808 17347
886 241 13720 22597
836 925 676 24095
718 409 7231 7238
22 82 21858 32512
395 970 13266 23899
948 392 14064 26576
56 596 1430 25954
893 289 12363 18913
840 236 27374 31284
364 612 269 13184
278 738 2243 18748
57 43 23190 27599
269 35 4941 27310
670 500 513 18377
594 656 4944 17226
290 612 8301 12543
844 637 5693 23352
473 527 17380 23471
139 460 2556 26952
977 746 19073 29342
934 688 22885 32105
39 729 7641 21166
236 794 15155 22729
904 849 13477 24630
372 759 615 9310
385 424 2290 18386
325 855 759 29513
192 159 18174 26242
463 832 1397 5667
608 383 7423 28904
527 33 13065 22023
320 601 16654 17500
631 936 2121 2235
981 156 11218 25406
667 461 553 19134
996 355 14760 27344
429 468 5816 19854
49 941 17915 28384
747 190 16556 29465
242 411 939 30813
796 529 26431 27871
956 62 4204 10491
430 139 11353 21710
38 46 21370 29566
915 315 26907 30639
849 988 4950 31997
679 105 19468 24064
30 233 8075 18971
316 921 20477 23561
896 44 18985 31889
382 476 20002 26318
317 887 21137 32606
200 654 140 22662
690 51 12198 13207
613 641 11462 27917
396 120 9011 13312
607 984 944 26877
503 182 24976 25705
563 845 11559 29963
259 639 11664 27838
371 253 18479 25826
298 299 2374 32581
803 454 3188 15513
867 306 5925 20091
589 920 13754 19526
602 733 4906 19177
981 649 9836 29811
102 238 12033 24067
181 207 8864 12821
58 771 10988 18497
778 690 7696 30615
165 663 3680 16251
453 415 2015 26641
137 825 20349 32378
380 310 6977 28067
207 259 15759 29043
190 332 2057 22501
242 684 19202 25360
498 50 30373 32494
592 470 7612 17178
825 717 7635 13467
868 225 12677 15123
7 44 4566 23645
822 918 10599 29648
158 5 9224 21156
170 893 11248 12346
731 729 7992 22408
805 648 17084 17605
599 795 1063 22850
515 878 11892 31344
615 556 5644 20142
779 840 4396 31591
116 322 8656 14097
353 895 17650 29555
212 709 5331 10828
347 524 17438 32428
944 176 9445 14316
77 599 13862 21412
924 574 11550 29006
334 57 4347 14603
834 474 10612 13574
120 826 1985 3571
183 998 17442 18557
884 67 19540 24400
460 645 22147 24085
979 613 4787 7050
158 153 3747 22164
558 704 18348 29397
278 374 13809 16760
919 765 4910 19416
82 629 5618 7999
430 885 3554 25883
786 778 445 24302
997 783 5257 14499
44 302 19731 19961
181 398 10738 12545
225 726 17881 26051
622 664 13762 24970
390 890 13476 29216
890 993 26216 31580
300 174 7957 21991
491 918 20604 25864
280 357 14899 32678
977 322 4739 11722
651 257 13887 25799
381 581 26481 29187
555 628 3624 22817
752 584 1863 20901
344 690 2272 5274
245 394 6001 14024
64 140 26155 28005
682 837 12741 26040
36 487 1730 30419
540 50 23029 32379
760 947 13407 24655
392 185 3129 17705
767 205 12855 27615
626 66 6699 31758
333 270 16585 20823
850 479 19788 22570
595 657 3943 5074
26 175 6527 17842
463 441 6606 19223
306 37 24460 31885
153 624 21762 32189
356 894 16286 25815
527 617 23172 23798
384 887 19297 31685
49 335 3044 26623
120 541 26159 27253
854 28 15969 26492
109 483 10488 30982
126 643 20265 24636
577 480 15922 27050
589 614 11253 29080
75 645 7322 21732
854 576 7216 21330
758 67 12922 30017
326 116 790 14961
770 276 27151 31220
205 213 7524 8852
714 597 12367 14095
665 180 22936 23729
372 675 15931 29489
202 997 5172 6610
228 82 12571 17993
311 906 1564 9142
145 343 10255 21256
255 78 13118 29996
150 664 5213 11662
937 27 5087 30656
771 606 1262 9972
557 934 27608 29576
402 858 7322 19959
208 621 10322 22621
674 485 3182 19389
340 472 4311 5073
87 735 19652 25008
22 125 17236 31787
656 945 17225 23173
815 49 3194 16133
807 234 24754 25472
691 742 11968 16717
453 142 12185 21652
724 184 9509 25470
843 274 7164 8172
112 232 11998 23801
66 602 9353 14234
911 265 1202 19873
92 531 10325 14049
862 541 23472 25132
161 929 8681 32294
479 265 16707 32522
859 386 14398 22779
295 364 306 16743
627 361 22350 31874
286 988 28728 31637
489 404 16799 27886
634 777 22658 28555
135 103 27372 31190
877 784 6497 13874
695 815 9248 18739
2 562 2518 17375
313 415 12278 22989
812 955 20682 22290
886 454 832 14824
351 307 3275 30660
527 791 17857 23922
229 840 3181 17914
31 248 20782 22011
563 425 15123 29703
757 900 16495 23167
169 389 13642 31015
755 921 20407 24127
933 170 16319 16787
145 66 21267 28992
280 551 9892 22036
667 710 2420 9272
112 43 11269 21682
174 519 22732 25460
4 307 17555 31464
456 148 18003 30101
196 503 12388 13283
917 103 21301 30174
46 61 567 6208
754 168 16011 18749
754 757 7400 22422
670 688 654 14364
167 980 3058 9976
700 423 21001 26596
995 930 5314 22171
587 255 23437 28373
47 307 6360 30395
333 463 25460 28925
328 241 23725 30642
468 465 15171 16343
312 473 14397 16498
88 443 16283 21338
691 330 2361 25420
90 514 5035 25989
771 945 5689 16836
796 610 21842 30019
180 655 1047 32306
375 775 7013 24350
64 105 13386 25711
572 8 19667 32029
612 679 10831 11103
179 279 20100 20459
209 726 8428 26295
887 730 21520 25876
156 415 8974 21792
624 957 23086 29604
15 221 14322 31495
224 861 15418 15765
358 138 1292 10172
726 822 17178 22513
90 123 25152 26680
774 655 2497 32078
305 264 22055 29140
495 753 12895 28571
796 725 4188 28418
235 83 1111 20779
960 195 6776 30027
259 361 10038 16578
646 631 28048 30425
672 552 18156 27737
716 434 18022 21819
459 547 2262 13074
473 472 7217 12711
151 233 20402 22597
260 361 21749 24476
353 213 17850 20586
613 307 1676 10972
223 765 4122 17565
674 414 18099 28253
38 900 6289 24572
148 414 7145 27246
634 976 22349 31956
296 637 11168 15743
778 109 8421 11675
927 463 15876 26464
881 280 7634 31874
510 252 8259 19959
406 708 5570 14105
894 993 15825 27387
5 848 7748 13993
149 815 565 4393
116 182 2591 18396
27 666 25438 26864
759 254 23708 28272
750 19 16884 30488
92 578 22474 28149
55 671 7014 12736
168 328 17091 31370
563 477 1437 11171
840 979 14032 17077
395 276 4488 14476
88 722 22735 27904
196 508 256 7800
512 991 3454 31405
175 704 11441 30373
378 769 3119 11265
90 234 1726 20980
542 682 16480 30126
941 678 6388 16821
686 122 9095 24071
846 606 20117 29912
434 66 581 20170
993 524 2780 23465
443 742 4016 29411
653 363 2347 18164
729 273 18511 31849
911 78 9486 29533
233 153 23921 26508
748 306 976 17099
52 991 14372 24058
718 697 9282 12406
796 343 10600 30667
717 185 5975 30542
147 343 2273 11208
937 226 1083 19678
813 987 14655 14854
298 804 4918 5491
969 116 19894 21872
897 319 24565 28872
180 188 1144 22601
628 784 18437 19089
190 692 14225 25171
829 451 13452 20420
338 111 13568 28597
484 44 1586 8617
386 524 29137 29920
200 796 5146 21992
906 767 7315 31515
770 970 15878 17247
976 152 8274 11400
339 79 21390 23025
699 427 1062 25493
920 441 24368 30322
544 615 3355 22547
229 218 4419 30388
134 631 17574 18371
456 998 25333 30090
171 924 7858 24393
913 264 2314 5901
21 905 256 8647
849 93 11924 27865
530 85 6346 25155
280 423 2269 24879
496 700 4529 15282
156 572 3761 24230
751 270 18012 28505
697 765 12336 22358
514 647 8286 29675
508 79 18055 29733
209 766 5780 17963
575 165 20190 22740
9 958 2564 15110
809 380 762 27232
234 520 393 21232
227 94 5152 21278
696 519 25634 28305
763 695 4000 15664
292 554 2338 3473
500 483 20313 24831
696 221 17509 29035
740 790 2701 21357
454 905 1178 3615
269 746 7850 31748
634 287 1687 17883
173 149 22160 27832
731 409 5694 30491
134 25 24550 27528
662 906 22652 25001
511 690 8595 31507
323 648 5973 27021
217 131 25861 28738
933 17 21928 29264
995 938 29510 29758
326 659 4602 27432
254 495 11969 27045
554 491 25072 25224
73 344 2100 22171
527 647 12771 21892
694 408 4171 4654
283 372 27210 31082
643 700 10226 13059
190 465 1676 29681
795 741 4028 32498
564 825 106 7888
306 305 17047 28493
532 325 12013 14280
949 417 765 25269
148 616 657 4997
231 60 17652 21014
210 49 9245 19902
853 363 14675 17506
196 52 5448 22417
787 803 6373 25200
417 242 20453 26457
460 750 1603 21537
838 308 18850 25581
799 858 12939 15016
818 4 4693 5462
988 409 4499 31578
35 453 3854 6329
251 751 5957 24910
39 486 5775 21218
102 911 10054 27832
675 378 2854 17769
545 151 6881 27648
63 987 22848 24349
921 143 1955 13346
672 602 20459 21128
131 350 3552 12589
797 513 7526 10329
208 389 14126 18115
290 585 13441 18691
367 209 155 25832
232 484 219 6023
67 509 4866 20140
779 677 13734 20904
785 174 4318 11094
171 379 4121 23677
508 886 4233 19235
164 290 16973 18579
321 218 5028 20198
693 817 9304 28625
3 436 20546 24022
109 916 6322 16406
271 321 15633 30822
417 204 4004 18116
425 323 3156 15436
15 379 14150 28620
693 648 21250 23651
127 441 2247 18267
767 602 14377 28744
653 697 7126 21881
269 565 24736 26533
872 940 1199 20214
79 301 4202 10193
181 645 7752 14915
397 349 9760 12133
525 339 3345 15278
25 64 1323 11008
787 691 13787 19833
457 900 10677 16476
647 907 12507 23521
983 170 1812 28379
6 944 3889 28297
273 456 20514 26166
887 329 10007 11094
905 167 7439 24486
127 402 12682 26559
141 69 28796 30669
702 954 1507 31802
880 196 13970 28314
913 196 21846 30649
159 785 15774 19890
830 130 863 5694
997 165 1762 5790
370 470 11689 26611
88 192 13071 13646
774 63 5341 30556
906 161 22852 26653
638 922 7033 14723
985 831 9752 16325
977 990 1139 7758
983 300 13301 17927
755 526 5565 7424
227 677 1956 24602
142 819 10485 12938
126 531 12452 27994
925 240 7734 23992
678 612 15058 29852
800 989 6571 12442
79 259 9564 11324
603 412 15555 18009
181 379 22056 26036
167 567 5974 24842
299 448 337 25891
135 336 3292 29562
791 55 16622 26758
11 575 22878 27456
587 945 3241 12058
777 192 11440 17530
502 68 358 4287
983 322 37 17190
113 578 3816 3914
635 992 2809 28077
107 72 10304 17693
939 260 16740 23763
813 248 10616 32375
917 832 1580 14634
134 264 7464 21218
576 627 12558 17314
185 264 19697 21431
873 826 6386 14936
570 791 2801 25002
455 156 3117 12119
684 967 190 23758
511 365 14809 20023
254 469 5713 7340
937 628 13131 27061
289 298 3009 5510
841 285 23362 31605
516 20 10613 18216
208 207 27414 28125
593 654 13620 18133
592 655 2663 13155
197 332 17553 19419
139 68 10982 31172
668 224 14480 29423
844 417 19293 22012
282 320 7110 32526
156 190 16213 19358
627 309 8117 23329
199 166 2681 8312
228 21 14247 24095
565 754 23100 29154
719 498 883 8011
498 333 15696 27729
827 697 6347 19429
109 479 6980 8884
730 148 3733 6863
989 427 7610 21565
537 384 18080 25054
375 864 17685 26296
772 328 18714 31068
425 747 6713 9159
575 840 16006 24857
115 747 761 13172
614 67 12420 32414
392 332 11215 24955
246 486 5799 28506
578 637 17209 28909
82 602 806 6896
635 202 10622 23399
343 422 5804 24167
836 803 8685 28376
848 482 7928 27785
922 843 8291 12026
403 373 23958 26155
420 145 111 11562
833 192 17016 24215
375 842 216 31721
642 97 10903 15332
178 749 5464 11288
999 721 13094 25290
331 982 27420 30594
750 7 9361 10908
768 60 15383 31872
442 651 12437 24123
206 875 1475 30272
216 971 6462 13322
893 59 18178 19932
260 329 316 31906
753 911 18907 32674
193 866 948 27138
27 118 2869 16987
412 49 4679 28803
766 341 20812 24527
130 58 25731 30309
