1000 3000
114 386 11063 13922
671 322 3364 12281
871 614 10622 16639
631 132 1547 13388
840 742 3877 26504
183 9 2545 7872
350 301 4410 8436
258 260 23560 30278
533 343 13097 31446
628 757 7223 22415
43 533 3360 9720
135 31 15059 17501
484 862 12806 17249
400 760 2823 13323
624 65 1261 8678
779 900 26620 29047
332 924 11707 15487
795 218 18968 26803
589 416 19713 22899
147 381 21719 23607
393 738 22981 24458
248 293 8906 15324
118 275 7787 27686
812 764 12632 15391
912 425 10228 22279
356 577 1980 4638
791 757 3402 15863
211 816 580 27487
846 419 2138 7866
749 888 2753 22620
606 565 8567 16034
357 811 6418 20216
969 952 8925 10771
943 594 21666 27650
920 21 16781 24227
551 855 7467 11636
957 225 12488 27293
680 248 12404 28595
697 998 13848 27649
862 819 19215 20428
32 39 4988 6478
709 148 14579 32230
920 944 17979 21938
839 601 10773 11166
205 748 12859 14520
729 431 11272 13675
368 213 19180 30807
759 986 3821 16559
995 496 3165 25307
180 705 214 851
31 462 2850 8715
499 279 13060 24969
134 244 2514 22685
337 843 28463 31619
121 979 13834 30778
160 329 6883 11545
51 865 28162 28395
405 615 15476 27600
557 782 7065 7941
635 233 12303 21711
120 776 4541 13514
622 781 4174 26439
598 176 3076 14796
929 288 20879 27675
529 963 1527 12446
113 119 16373 23269
170 617 10175 31536
567 695 13871 26150
371 145 4554 16930
690 125 23355 24718
501 580 12161 13586
610 118 7131 18044
284 805 17694 28612
246 273 9088 10266
142 879 21566 26772
832 248 50 18546
695 351 4264 11942
859 411 9838 15508
136 774 1834 22038
732 965 27331 29936
539 913 9236 25713
502 557 17213 24312
41 520 3385 18875
180 597 27 28511
733 434 15973 30456
363 527 12505 24596
102 775 31967 32167
733 91 7158 15224
120 541 4356 18728
720 266 16134 16213
35 692 808 13537
812 799 1800 26495
723 634 26639 29369
953 712 4498 20392
903 176 415 32117
111 113 5140 20260
914 218 5767 13313
491 353 15308 31728
893 51 18005 22632
145 28 8536 31265
202 998 1428 18093
61 863 27719 31571
802 462 1466 8161
200 767 9331 28750
641 208 2561 26696
857 122 8501 31955
213 292 3841 12994
809 116 656 16756
843 240 13617 26950
334 692 641 11580
969 164 161 8234
162 445 7550 22587
389 207 28068 29819
841 997 6989 23970
660 8 7420 13006
886 945 3450 8283
612 342 2871 21218
638 799 18887 29581
99 81 11864 27900
531 354 2364 32403
774 486 20414 21244
147 754 6752 28098
267 135 801 27744
439 353 19091 19466
79 561 5455 31369
52 439 8299 27554
24 212 18802 28276
597 359 6673 10915
548 519 5772 7741
695 56 4757 28857
360 273 23349 25700
980 694 166 13157
642 353 19268 25888
104 686 17817 18944
872 294 6316 30852
863 141 13204 27268
295 280 9267 27850
621 921 15380 24081
405 62 6975 15235
468 510 14108 31926
303 445 4179 9242
770 730 19060 26932
140 335 22675 24914
513 802 13454 18718
663 946 21261 21754
45 251 4870 24913
929 109 21331 28761
849 697 5755 9507
892 767 12431 22548
779 420 7163 16367
618 311 3750 11787
483 30 3256 14437
900 269 27821 30184
999 303 22419 23042
756 295 12379 23724
514 505 28116 31565
307 821 11833 25469
537 420 3224 22391
3 470 3455 3783
389 403 24379 28387
87 664 18438 22867
36 685 3554 23467
613 932 1431 11244
303 301 23538 30233
811 240 19140 24977
669 818 18735 22167
983 259 4695 16637
295 79 4927 22304
134 821 91 15526
618 892 11732 32284
526 140 14261 28699
808 340 14501 19304
732 1000 3085 8484
15 285 2069 21163
919 168 337 21307
17 875 4003 21483
554 930 15951 18415
194 310 13416 19462
350 239 11358 12864
533 695 4372 29633
998 276 4091 20736
632 846 2420 20282
465 883 8137 27346
819 191 4199 27380
924 152 2549 15306
661 137 239 26055
309 820 22030 26254
735 630 7084 13928
601 446 17693 18244
254 414 7725 14097
111 597 24688 30661
413 83 28571 31708
186 919 20289 27893
129 462 24226 30680
923 445 18157 22926
580 457 9137 15816
901 228 8322 19346
603 19 11031 22794
175 773 7355 31563
728 423 3442 22560
814 862 16859 24695
696 29 19996 29004
80 176 11975 12836
525 911 93 8281
554 471 4705 8803
149 813 8424 28703
347 845 93 7268
138 506 80 4876
951 423 3928 6506
136 397 2419 32703
733 814 4315 15297
403 545 6991 23083
584 367 15511 22154
742 302 11118 29746
146 211 19795 25538
772 446 17127 21407
732 936 4502 26272
443 248 8308 29458
432 894 20409 23173
564 568 19888 28613
848 772 310 10916
517 876 24363 27760
620 544 12868 25965
671 9 15927 19078
967 82 18264 27145
824 148 23160 23453
562 226 22810 24423
274 538 8935 11118
264 581 19273 20568
753 744 20863 22315
720 20 10606 25049
857 315 3974 27694
991 973 1672 26216
703 554 8102 8425
339 584 13453 31112
83 367 7646 22511
889 659 3406 27094
252 74 3218 13801
464 783 4793 11212
572 70 958 30043
740 225 20062 27958
952 738 7207 24189
580 482 18386 29144
153 857 3538 27579
540 607 8168 11053
493 546 15925 24203
931 713 23695 32652
271 169 8287 25151
982 189 14444 28049
426 860 16418 25569
163 934 5598 27665
698 926 13144 25578
935 62 9348 30622
172 32 22930 22932
569 961 8128 26364
89 555 5433 31929
853 723 5033 6449
431 967 13470 16320
802 460 1595 8026
840 113 10091 18098
481 885 1432 5986
458 617 17889 25647
992 814 21828 24915
92 18 4416 32552
200 455 5949 9692
906 108 6343 25549
863 88 12780 26945
338 164 7060 20393
325 720 7755 8171
478 617 15006 31397
390 682 3174 13550
295 672 15577 28135
220 98 3487 27323
341 9 1425 2163
554 149 5468 17783
960 56 12519 15794
570 727 2196 18034
330 813 5802 19861
136 122 22200 32313
554 389 11328 32175
21 486 17226 19964
130 711 1353 5007
341 251 17313 29905
770 327 5519 28117
193 936 3871 19068
988 702 29231 32262
366 456 16668 18561
718 744 2499 11103
859 344 6374 21799
723 365 4795 24450
487 330 19767 23298
937 824 11272 16581
193 77 2970 5257
372 787 19072 32724
471 931 2571 9599
578 625 13761 30155
712 402 1054 10435
973 131 12720 30132
49 179 3526 18577
573 476 1722 8010
291 342 14756 25386
739 421 12781 27106
867 188 22428 30538
263 233 12187 29889
114 779 13592 28377
843 481 14831 17293
803 589 1223 8758
429 218 7181 17964
71 778 12470 20761
57 730 7666 10208
532 865 381 9829
381 543 28427 32694
89 755 28786 28923
235 736 6773 22338
852 977 17345 29338
362 602 17970 18025
300 433 5285 9389
861 388 25879 31865
391 460 18104 27638
107 843 12563 24794
222 75 18132 25777
925 687 2415 12244
788 990 27496 27962
939 188 1062 17462
307 747 9307 16687
168 147 20728 28478
703 469 3918 4140
329 502 25038 27455
352 410 8007 24864
98 279 7442 9279
996 900 1442 5213
833 849 14300 14542
979 88 7654 17086
97 69 13323 14061
746 243 24231 30671
808 663 12793 25948
344 592 15125 23346
810 695 20346 24471
652 211 16472 32332
124 536 10179 28914
157 753 17948 30392
945 228 18013 23718
288 134 12818 17855
176 550 8778 32168
86 150 27597 28548
60 431 1768 22731
883 820 21840 28019
299 210 3420 32339
777 502 22807 27440
343 311 4784 20184
658 886 11623 11862
776 164 9057 10931
489 539 9694 20443
489 295 6736 19991
682 86 729 22447
254 677 2549 17107
725 253 2593 28429
172 15 4941 17513
440 172 7001 30479
289 584 18281 31108
258 607 23401 26691
840 408 11644 26849
993 761 6772 22449
758 523 6686 32015
220 88 8320 30009
112 115 9118 19233
241 359 25861 32511
339 434 3714 16682
816 970 8558 14829
34 201 13970 14386
319 294 15264 29226
987 412 28171 28678
732 782 5275 30588
554 163 778 17608
694 743 6977 13694
421 882 5996 29205
916 565 7476 28097
166 882 1595 10387
188 827 27621 32194
524 319 22351 30035
990 40 2075 32351
763 559 21753 26405
454 12 7893 29172
671 177 4261 9462
798 95 2053 20647
205 740 5195 14175
153 899 3468 11361
594 459 5957 11981
281 493 11937 14447
410 712 8403 15361
202 87 16648 21325
402 342 6289 15002
29 657 12071 21383
758 838 13089 16229
254 275 263 27075
61 435 28755 30011
150 237 2837 15606
808 877 8484 20993
873 48 1124 32556
566 714 9309 29957
361 506 2889 29667
843 88 8831 26135
90 349 5182 27696
196 852 2275 30055
396 224 14138 17503
444 87 14313 18518
732 901 23536 25274
754 476 4378 26196
411 130 12501 19329
113 179 18235 25548
518 976 14617 32242
447 632 12311 27484
844 407 9576 26244
911 685 1524 14175
995 584 2964 21057
967 52 6039 31976
515 409 8467 16201
402 342 21146 23663
953 941 1408 32080
367 6 1574 31252
878 361 7446 7707
208 327 18438 21386
437 960 13831 31544
77 946 1862 18561
32 152 23788 27779
414 889 19452 21970
764 187 13147 23697
148 519 11177 31782
137 663 15954 17737
281 213 7188 10260
395 822 2645 14020
666 743 3464 13037
883 630 1142 2374
260 676 19241 32092
414 122 8338 8702
461 258 4684 13076
517 743 16389 22356
175 88 16120 22866
388 424 24435 28192
889 34 16725 29795
476 739 19563 28427
693 872 15336 25717
856 546 20237 26591
11 855 21626 28584
939 499 25477 32021
580 543 12677 32672
33 880 22953 30005
840 491 2428 11590
9 608 7594 31521
873 188 133 24066
66 956 23676 25780
749 23 22184 28824
883 755 3364 29804
128 410 1394 23160
201 302 12607 17385
24 867 15674 17800
173 524 15986 25979
367 881 10996 17728
811 543 11120 16924
732 248 18703 24797
316 261 2937 18672
322 906 20978 23512
21 961 12924 30245
816 921 11490 25604
750 935 9510 28132
615 53 8491 22888
580 891 4391 28424
424 100 9287 23311
231 467 10699 16779
539 485 27066 29241
413 521 15786 19410
233 493 13892 23069
477 522 25185 29170
235 51 1168 22082
724 49 10178 19849
160 691 11432 26118
412 444 18276 18724
867 918 7165 18329
320 646 10454 18191
2 967 6145 20577
881 820 6352 29993
944 600 19352 23180
780 224 9514 23525
220 676 28827 30345
898 33 22410 28322
729 818 4235 25943
942 625 5403 22259
652 808 1366 12995
51 133 12824 27665
177 902 3208 7472
843 320 11364 25413
989 559 21858 25222
289 929 24966 25839
493 811 4284 27469
504 441 2464 15495
190 487 5348 16850
562 854 10226 29475
467 772 723 26602
570 402 24573 25936
795 84 8023 22738
138 524 160 754
632 600 11178 27535
558 238 3933 28420
497 325 3443 17910
15 605 3606 17624
529 802 2121 7707
569 229 15673 16623
69 76 3560 17713
861 907 17299 25631
562 666 13578 27546
839 160 8313 11377
93 417 2506 27543
33 709 6084 13343
177 897 3418 17540
543 489 3467 16609
420 206 2999 8238
57 92 17850 20301
802 104 20181 23203
412 440 14629 26829
905 707 17181 30898
33 107 21059 29152
403 504 17870 21644
149 31 11626 21724
96 386 2995 4622
423 26 6512 19535
585 482 9332 22131
365 542 1002 8641
502 611 7411 16624
455 977 21251 24284
376 919 11162 14700
370 934 1812 5844
984 376 12779 18927
142 810 11729 15930
478 752 17741 20690
809 88 20919 26253
859 466 3413 15736
226 654 20593 29399
136 910 2840 17405
447 366 2416 21523
148 481 4665 16169
655 246 3000 9827
458 107 3976 9417
344 168 7120 22044
593 543 13472 29981
835 866 1808 22396
594 398 5449 6253
875 31 878 12760
293 781 6483 18483
730 829 13235 18028
677 586 6736 11356
131 493 14593 27092
727 499 2120 20891
257 110 14281 27154
607 543 12568 23809
943 722 22316 31284
227 970 13777 29095
622 447 1335 14608
926 773 5399 24907
586 775 3295 17998
926 532 30479 31583
797 969 7139 18309
902 47 17980 28466
730 230 108 5526
701 218 4508 17613
75 221 863 11619
637 29 2945 6432
916 815 21818 28139
493 852 3012 14028
478 259 16170 29237
616 1000 9606 31583
805 972 1641 6388
876 844 1518 21402
698 126 4141 11157
884 561 9570 17721
586 180 10029 17345
910 283 1781 19074
885 725 1617 19361
293 193 12359 21862
760 594 20366 29201
15 873 24059 30217
283 370 3817 29324
912 353 19586 19708
84 831 31487 32694
526 423 7236 16913
90 270 1407 15827
580 803 20752 32743
746 370 15275 19789
327 711 1469 6994
717 858 25906 30427
844 470 16041 31699
920 886 23802 32179
871 650 2847 21816
956 726 2727 12551
605 12 4558 5669
404 572 17926 29588
124 544 2556 18907
841 117 2670 21323
437 751 293 3486
633 700 15777 28004
577 955 15040 19440
139 854 19204 24112
297 854 8301 18276
165 559 8594 11810
661 100 19327 27661
591 139 3367 17280
398 348 7978 28762
549 478 24710 25446
987 339 15134 32114
552 645 15316 30275
64 601 16303 26130
718 459 1003 31627
298 418 20560 32528
854 613 15431 31427
301 726 11541 16602
253 198 14060 32424
14 881 6417 31764
131 715 15870 30344
649 139 5950 6069
542 256 18471 27879
340 850 10509 11637
846 618 2741 16476
594 659 17703 19980
352 922 9234 9241
50 205 2609 26990
68 841 22122 28743
277 134 8261 26706
374 702 17104 20960
195 292 3242 13175
808 162 3929 28563
438 470 18727 22362
711 485 15063 16651
822 480 5862 19530
345 566 2248 11776
203 562 9512 19124
510 870 31388 32748
446 953 16862 30097
700 717 1307 30639
561 788 43 28383
753 572 12045 23004
234 184 11160 32622
741 522 4520 31058
700 941 5070 17958
965 368 12933 18501
318 352 16936 23922
41 684 19171 23546
402 23 16405 20456
159 337 1742 22691
367 111 6319 12707
518 573 3887 29258
376 873 30470 32006
315 890 25794 31969
675 553 13529 24315
144 854 13242 25497
42 430 6802 12791
864 627 13184 29735
869 365 4755 26033
732 512 11173 25806
478 966 9158 32658
394 134 5448 7675
324 165 29504 29707
576 484 10808 30245
665 41 12318 30145
365 683 24462 25135
635 593 12716 29280
465 754 8732 17405
431 442 2421 31632
591 187 17924 26072
641 874 2597 6922
394 988 19823 32444
165 969 1664 20142
414 440 8372 9520
130 987 632 29283
50 484 1820 24959
298 535 4986 23241
253 834 21057 27996
483 915 11041 26001
982 713 1166 22624
545 333 21543 30594
18 530 9584 24282
994 51 5312 13598
618 508 5303 8562
552 556 2879 24837
586 786 7454 32151
42 293 19533 22710
979 232 8949 10718
211 102 402 12522
705 377 8601 18040
943 746 9563 28085
628 601 4593 19535
724 740 4146 31981
304 999 29633 30452
653 575 7512 24210
931 820 12211 15785
913 442 805 20884
672 297 7193 16766
893 324 3083 28096
922 40 16583 27770
975 542 8020 28161
93 498 14956 20800
356 308 18312 23809
230 919 4442 30538
795 544 4127 19051
894 633 11449 27314
623 479 20848 29193
67 201 12469 16647
153 570 4136 12101
991 33 10736 12506
644 686 17361 27042
870 48 1751 15208
136 757 1349 31055
300 793 7635 10604
143 379 19565 23647
389 596 8735 31043
146 353 9568 21685
452 267 7849 10005
941 93 21110 30950
21 590 22660 27993
855 280 10443 27323
35 536 851 4974
60 159 5728 17429
666 248 11242 26106
675 459 14587 21251
309 57 13759 31868
272 185 17522 26238
834 51 3255 10871
474 515 1133 24484
921 744 10209 32705
46 461 5681 27377
657 375 16015 30305
522 960 22205 25883
147 844 11668 20569
491 818 2545 26353
140 821 13065 32472
40 900 22649 23149
71 183 10732 27046
372 427 2503 13245
569 543 24065 32311
840 360 22788 28495
532 418 5023 27367
519 656 2825 11991
525 645 7120 11736
273 76 17906 29889
206 205 8376 19336
376 170 13963 29120
60 441 1120 21257
310 434 28870 30552
714 459 6396 26810
645 794 3385 3426
252 619 2951 32427
420 723 20339 24246
101 52 22380 25586
529 73 6467 14564
537 341 1288 26926
282 231 25194 26497
387 537 20571 31954
451 369 17694 23205
801 495 7204 23306
563 952 23179 23918
443 83 9577 23857
831 490 23675 26445
552 403 12161 12493
870 767 15474 22519
233 34 16654 23949
658 485 3471 16506
636 609 11389 24527
194 248 7601 10008
328 944 1506 20649
920 303 11441 26944
80 874 551 25025
419 534 6991 9146
288 666 9213 32050
233 500 15900 24183
443 238 9226 27735
905 546 4232 15430
254 92 15185 17252
947 55 21699 26091
909 411 11409 21263
986 86 12472 22568
334 168 22708 28434
313 723 3028 20723
411 722 28033 31370
371 73 4903 30300
669 974 6470 20287
194 343 16552 23102
612 765 2817 14471
930 487 22770 26508
680 449 1846 14693
930 477 11375 27680
771 723 18757 26170
937 918 1398 21922
548 623 16443 17137
359 734 9687 16115
765 6 24289 28146
720 209 20047 21445
158 811 17340 21282
293 99 6795 16272
265 504 931 7241
971 936 27484 28255
44 614 288 29880
930 261 8505 23889
282 752 8984 19864
623 884 15130 26298
937 873 8928 27359
634 780 2845 22655
277 801 269 10616
632 71 26845 27844
644 836 20228 20661
882 114 4770 29620
248 698 23489 24718
157 609 7192 20434
593 256 16281 24789
208 713 4284 7811
832 966 31629 31977
569 35 354 21907
781 719 16835 22078
984 416 561 20524
394 317 1323 28597
402 407 3154 22582
413 970 11116 22190
831 712 8785 19686
130 128 5792 21585
525 397 2103 5554
758 9 15122 29388
563 212 6969 21913
622 392 2747 3287
927 695 11918 31056
254 494 9484 30953
273 827 13038 23237
10 958 18828 20891
429 724 16649 24996
288 994 28952 30570
668 480 3343 6866
708 19 11421 11514
92 351 16674 18682
147 925 2832 3101
627 962 13284 30974
185 976 5441 17670
536 209 1520 3968
491 40 392 1427
371 659 8902 21238
837 838 10529 32508
280 953 1336 4665
69 134 775 17900
248 19 18192 24550
774 479 1158 11513
359 970 357 23808
894 293 14470 18516
71 581 11832 25179
65 802 69 10256
899 701 14364 23539
564 305 4146 13893
509 64 5732 30649
842 537 6614 18477
434 129 10607 29769
130 209 3705 30327
889 238 29307 29724
391 406 4669 9521
615 257 7953 23828
119 166 7687 15587
813 552 18271 25896
556 609 27324 31300
88 894 4837 6327
6 554 6850 24521
504 623 3561 4109
687 226 28750 31309
114 215 16231 17532
398 526 3725 31468
582 172 16833 17062
957 852 12545 15014
137 703 9601 29374
507 642 5118 27869
316 352 7161 30952
235 615 11565 25051
876 863 12637 26138
402 968 13325 22858
32 771 22393 30833
565 580 25786 31341
958 926 2149 9070
953 864 5363 23071
823 967 6951 18017
185 4 21399 22097
174 879 6464 16853
307 156 2601 20362
101 125 599 32489
467 576 10439 14314
183 91 11224 15021
607 157 9320 12278
239 478 7067 13951
865 369 12116 18709
999 641 14740 29014
464 531 16810 22546
50 171 6747 10304
696 241 22430 29145
700 188 5155 27749
141 463 7462 23242
804 52 12768 15080
12 463 3985 24620
137 989 18409 21311
330 380 20812 24407
401 75 8037 22212
923 750 19260 24425
187 835 4221 22927
332 113 11012 11766
87 554 6477 22134
1 653 23015 25387
929 617 14525 16191
537 231 15354 32158
930 864 5213 8639
229 591 20288 32301
887 879 8925 10338
132 672 21770 22942
840 238 26259 27302
313 547 24909 25676
209 223 3488 14328
356 229 882 1113
973 559 8235 13431
797 796 16345 29478
222 329 16612 17261
900 790 28997 30438
446 59 23459 25528
372 602 2910 6949
833 126 17111 32086
699 61 14654 27951
352 578 3511 20021
524 710 17320 20706
480 120 13845 30559
101 194 12440 31773
706 430 19188 21861
9 49 18118 28216
680 647 27816 28482
887 423 10557 12143
918 264 16960 19433
641 756 8451 16958
438 116 13337 25277
678 620 1402 22011
515 161 15778 21697
929 736 8526 23788
191 960 19933 30497
416 627 2564 4020
845 425 28074 30690
93 598 21328 29952
360 109 21837 29531
376 117 17221 18518
26 755 27913 32416
243 216 19502 31546
758 476 10046 14428
349 994 17900 22231
721 234 4516 14159
841 378 10836 17587
790 774 13650 29347
750 179 4107 16645
145 795 12703 16422
80 203 3867 11223
533 884 1998 18922
558 919 319 31901
414 503 10335 11064
245 194 10199 18717
614 120 9597 16680
2 815 116 25575
532 46 7071 9471
212 185 12496 17237
744 293 1358 7012
360 500 6034 9168
336 298 1654 27672
628 329 10289 16106
470 210 9868 10953
988 597 21270 22068
136 107 183 27113
528 50 12172 23646
983 473 6447 10324
267 893 9608 32351
961 235 23922 29718
909 982 12898 29127
503 571 93 4438
82 892 2643 17979
503 74 7301 15096
282 62 22148 31338
619 745 7767 31620
535 219 25799 32593
903 353 347 4826
74 555 9379 20013
71 317 9230 9570
190 875 2522 30974
624 626 7420 18921
723 525 4678 30623
466 550 3075 31590
252 637 3502 4855
764 742 5647 16438
242 254 16628 21709
984 214 13629 23807
583 155 11014 13776
706 333 3958 24850
771 478 12505 17570
94 214 1883 22659
875 509 1151 29121
127 448 13071 30808
61 952 2635 15711
264 383 11869 20330
133 612 8188 25405
175 881 23578 26620
643 467 22046 29765
981 649 30562 31112
154 233 13003 18125
488 32 12897 27883
315 560 16679 31253
153 63 12573 25763
8 630 8071 23337
902 543 12049 31278
385 2 4755 9401
361 657 4018 28811
211 642 23450 23490
863 14 4688 9045
852 960 12735 26985
338 848 3834 19678
744 792 23197 30032
975 246 26416 30851
879 332 11547 13770
144 156 4231 15104
228 608 13812 32328
180 729 10830 16338
584 70 8964 26391
954 448 138 18742
941 724 4768 28927
698 272 12939 27799
371 745 28653 31730
228 420 12443 22493
991 971 9 27874
351 635 20610 24556
791 476 4237 4667
659 232 172 20602
567 16 10299 26171
359 787 885 5062
407 960 29143 30484
956 839 27051 31509
114 843 8043 13994
736 74 7957 21802
585 336 14044 16641
252 616 457 23027
886 229 11436 13429
158 776 30313 31046
898 739 11574 15232
120 925 9047 25272
815 535 24728 31702
679 975 9492 29742
910 242 5379 32521
517 208 3859 15388
530 730 8187 17494
279 879 20018 31229
819 808 6243 22929
264 80 11085 24263
605 632 11571 14192
972 922 2355 29174
774 292 6477 24759
222 431 7956 23070
196 321 8144 22758
123 856 18016 29193
516 400 9888 23729
612 519 9564 24868
364 686 7931 11369
855 850 28430 32405
322 853 16896 25204
583 831 23328 23636
946 72 4050 26414
304 819 26133 27129
92 715 14839 22921
836 649 13206 21869
571 521 1601 24353
553 49 17458 30766
224 492 12583 21734
496 606 9562 10827
373 25 22442 22581
887 999 1316 4521
91 225 10351 26817
360 159 9028 29705
4 697 12035 20555
968 693 12533 31257
290 818 10610 24589
609 773 3246 30406
974 490 2307 25344
385 517 10250 25678
585 369 9984 15376
288 161 16727 28087
38 973 2486 21536
758 311 30471 32345
622 871 17323 19919
18 4 13242 22744
539 516 8571 19105
60 309 395 9938
710 860 13027 13550
709 887 25334 25344
650 918 23752 24803
257 319 3216 17014
694 731 7066 23828
268 322 1120 6223
926 350 1731 25110
90 967 6565 16617
738 378 14132 16111
621 152 8522 10347
414 68 10572 10801
19 717 11191 14326
40 445 7493 29829
885 873 8108 15823
894 50 2154 2689
169 971 11759 23723
5 339 1597 22138
545 429 18048 22907
435 159 24393 27827
810 161 1123 21157
30 334 10422 32457
78 151 2298 26541
730 870 10333 27302
139 616 2085 4107
680 431 8915 16231
450 7 11440 31175
185 967 19973 32210
616 890 324 17282
399 687 4597 27273
40 541 6272 22368
324 571 10705 24574
591 855 6126 17171
761 310 8868 8891
982 596 17 13001
504 3 1909 26698
636 33 1141 15394
179 526 8456 10861
177 547 6866 20999
931 881 13581 23283
565 224 1602 7291
617 135 2045 13529
775 492 5645 31943
529 749 474 19083
982 70 24486 30340
538 379 4601 13596
347 257 1047 27946
335 336 1813 12081
84 147 2523 11577
145 35 11949 18591
907 113 4090 31771
994 723 30376 30672
54 601 9714 25406
404 512 1343 5328
853 182 15543 16913
688 135 11069 23059
854 936 4149 18304
143 410 19656 20139
444 993 27345 29052
469 878 26399 29575
396 114 24933 29684
377 691 6525 19859
750 884 14 3855
742 288 14454 17754
562 719 6304 9138
941 396 20435 30760
897 790 629 14007
584 438 898 2593
304 448 15891 28738
817 654 21580 29823
776 345 16809 21064
81 465 1199 5061
576 279 6176 31866
1 633 5919 31862
994 510 4110 16468
109 130 11264 20507
522 796 5590 27134
988 175 7405 13570
114 134 8586 21866
585 683 5684 12218
249 521 5812 29064
317 192 7000 29079
143 817 4291 14044
107 420 13217 24352
10 6 16582 27840
682 462 7534 28606
932 474 15834 23548
503 854 3274 25122
915 933 1121 12937
16 722 16792 31010
503 193 17852 30422
242 738 21718 24942
176 742 14441 23217
827 765 1194 30855
382 639 9415 12672
681 697 14479 15248
55 659 21536 25649
290 303 13611 26235
685 541 4298 13346
777 789 21221 28782
644 324 10826 23033
880 298 14181 25930
760 91 6884 25362
32 902 20108 24491
437 658 17314 22659
163 287 14348 28246
742 812 9501 18752
274 13 4010 32502
487 423 21695 30702
431 783 2144 22006
650 111 6287 16902
301 123 30236 30664
742 316 3382 23772
258 762 803 18045
715 383 6337 9684
660 817 689 25128
295 833 14047 31019
14 234 1866 13779
492 9 1056 5829
891 812 598 7863
262 391 2782 25800
278 155 3981 12323
905 221 21882 28462
6 499 12037 24231
696 453 5859 10022
33 328 11630 18414
225 184 6367 9796
423 679 7363 17684
111 993 12543 13447
253 491 18456 25040
345 347 6856 18738
396 945 7201 16116
353 286 20639 27875
935 539 9128 16626
71 566 9454 15207
289 785 14762 26818
731 604 20050 21140
508 4 3238 15249
526 203 1679 3659
827 217 15724 28406
730 459 20906 31851
617 604 13418 16029
173 682 10904 19223
736 114 12643 26522
562 790 1776 16392
67 582 11087 13184
448 357 28078 31947
292 765 14839 22988
737 197 5953 6577
999 258 8093 8505
315 604 544 11326
500 43 1317 11925
451 433 17777 28539
209 202 9967 17136
214 921 1808 10485
574 429 23595 32573
926 36 25390 31771
256 326 18727 23820
691 253 5330 23744
647 411 12762 26361
191 957 4509 28244
775 143 14430 25913
800 320 8673 18125
250 279 12817 21360
258 822 12368 23034
356 398 14578 31327
131 788 8693 15496
494 986 19983 22633
141 865 7802 22207
93 5 166 25983
895 521 5639 14751
848 13 22971 29315
564 181 18797 20920
525 460 5497 6884
339 217 7249 12285
852 929 13599 15802
374 437 3143 3500
49 621 8064 18493
523 36 75 22481
991 22 4172 4483
86 584 21327 24507
776 655 16103 24228
964 860 19117 32647
318 863 369 19125
65 33 18352 25503
558 750 639 31757
419 458 20851 23501
791 163 2225 10162
237 512 15809 28007
384 592 6370 6694
294 814 18387 22414
55 108 3138 11340
567 326 11342 29229
250 80 23084 25751
656 690 20039 25593
154 683 652 22432
308 524 13106 24958
410 38 8264 16572
720 486 649 18554
709 840 13129 17146
640 227 12635 28496
86 459 14638 15204
250 644 3985 29375
470 526 22109 25339
224 724 19804 27510
177 457 23890 29279
578 365 15768 18100
184 4 5298 26305
147 800 6268 32400
281 200 11628 30396
88 81 535 28294
691 796 12460 28524
92 296 8905 30197
563 474 3506 20876
614 946 4040 10914
714 167 10597 19690
896 813 924 6963
308 774 8425 26830
466 536 8629 26274
26 62 19355 19713
654 201 10125 17943
400 640 4413 5789
674 573 12461 25568
248 362 3658 16060
568 187 11438 24694
198 814 16700 22578
89 393 15030 20986
474 51 612 25264
294 710 13125 30063
618 971 13576 17583
14 134 30890 31037
301 11 1098 6529
251 313 13011 15464
240 415 12446 20190
301 277 11495 19440
524 651 14044 18644
37 407 30949 31289
862 875 10280 13531
835 62 2235 24812
638 236 20095 28747
441 432 14281 21114
209 833 19254 21724
317 426 13361 19403
224 215 9651 29933
83 421 13921 30641
110 457 1534 3057
440 332 879 18317
54 853 23350 25344
504 95 27445 28729
978 788 10114 28639
66 91 5295 30879
877 22 484 7727
271 191 928 28447
58 980 15450 21586
774 1000 541 6907
363 836 28746 29172
987 862 6944 31946
371 857 21002 26509
43 365 24315 25860
580 744 921 11938
546 469 1997 2697
194 940 4053 31122
725 435 13912 26834
173 91 1388 9125
304 909 20966 23298
539 615 17871 19733
225 122 8203 24370
148 518 19769 24078
331 784 16898 21509
565 458 2043 23640
284 12 4115 14413
581 986 2693 15963
816 421 4595 11685
355 799 12012 14478
923 545 2465 18584
494 407 1622 5903
619 511 17413 31485
171 349 8147 8652
620 955 22435 28746
475 279 5555 6697
218 661 15536 28795
786 303 4528 8664
627 594 14697 20154
249 403 1167 20025
113 802 4824 29599
341 126 1047 30051
540 32 7970 26078
766 660 4852 28991
382 438 6019 29515
753 721 18206 25631
462 846 10056 31971
606 659 22571 30069
622 354 2712 4862
427 227 19235 20723
261 556 12599 28050
159 512 13159 28846
358 102 19413 23007
735 340 18441 29377
966 884 6907 18053
477 22 23721 27506
130 941 5816 22231
500 486 3787 25302
871 150 30139 30397
845 916 2132 7520
63 87 7165 26383
469 841 13280 21120
315 604 16905 29003
869 36 20754 25430
492 654 7627 31175
497 198 7986 23322
865 519 15973 16088
577 343 8252 14083
60 369 1390 23191
251 599 8682 18498
324 983 23296 27093
743 869 3482 12065
508 586 2882 27020
769 356 1650 26582
915 606 8791 30192
827 961 17962 30907
83 466 13818 31703
96 686 8305 23025
986 4 7251 23778
154 690 21017 28968
316 451 9892 28624
533 575 23761 24818
566 971 20570 27757
162 634 18 6853
972 980 1077 8552
581 335 12660 20923
933 499 7146 20408
111 58 25480 32421
994 200 23385 27227
956 703 16981 20120
2 950 19254 22199
102 387 25308 32361
512 519 3970 4379
537 705 7347 27664
667 845 3841 24652
949 462 3764 23799
30 401 2805 30921
303 749 7182 11241
582 960 19766 27059
496 171 6383 10097
127 537 7182 9200
357 420 3478 14778
871 961 2 3940
493 317 4838 22279
249 399 12892 22374
558 647 6525 24981
307 424 19538 22168
680 635 10935 29599
112 804 8732 14037
384 728 6400 6661
95 311 12745 23892
358 735 17253 23485
186 81 8059 10613
496 264 12075 19265
816 383 4271 13428
13 353 11201 28055
940 95 9119 21767
59 110 31720 31785
836 440 28739 31071
185 756 1915 32257
18 648 12012 15244
918 389 22881 29909
390 115 18946 27326
184 295 5369 29340
722 267 27161 31284
309 437 4391 27006
693 434 2699 18330
870 581 23150 29884
25 610 26105 27025
879 512 3642 10343
717 750 2958 13670
832 429 3449 27078
211 255 9819 29370
87 278 23466 31559
675 464 2197 11072
868 105 6868 19335
662 793 12077 25128
996 280 16517 27478
660 960 774 28135
158 578 21920 22756
567 3 25682 26590
137 896 345 24524
965 935 22525 23014
588 152 28467 32270
562 564 10631 22403
604 37 1042 23043
187 959 9036 24721
386 798 14425 29501
589 535 6217 21123
690 947 19485 22868
852 873 11930 30949
69 243 5311 10571
228 836 20848 22121
368 288 16680 29783
444 813 1619 27295
227 305 14060 28088
485 420 19463 19987
539 783 10716 15912
799 845 20133 22836
768 521 6277 21090
37 832 1945 16217
207 232 22078 31755
212 825 4454 22006
490 475 8508 26272
872 305 5717 8436
731 453 11392 30865
680 195 1423 30867
468 130 4867 11014
308 856 25312 29861
530 765 3467 32535
918 380 6723 13323
166 917 2739 28863
470 383 7288 15123
571 164 1749 2543
4 348 382 11273
978 607 21524 25994
234 989 10428 25094
73 408 1380 28504
392 941 21237 29183
111 863 4751 19204
710 852 8211 10236
690 820 7187 31548
157 271 13436 15551
362 646 6904 31966
183 854 21203 30470
59 680 6124 15065
874 516 20469 21132
367 7 7513 10007
129 298 4326 32030
209 254 24786 31760
699 244 18204 30033
475 178 6906 12265
626 155 22287 24299
505 957 14225 28509
477 122 31468 31544
68 975 2004 30308
903 313 2208 24060
736 688 17303 31254
829 860 4446 10478
430 288 865 31122
980 908 17363 25729
682 616 4749 5850
257 157 3499 31073
70 782 5882 31267
151 263 8821 9360
974 581 8219 11718
156 486 24653 28093
130 458 6007 30913
764 906 17650 27942
655 656 297 18743
837 263 23919 30459
558 677 3169 12012
865 902 24096 32337
579 546 26058 29666
927 570 17956 19632
968 631 11906 28766
211 20 1612 5674
744 309 16988 28589
89 160 7114 31140
204 66 30690 31511
678 221 4791 31063
305 361 12298 13620
799 873 6285 17232
895 448 13259 18258
120 899 7853 18929
60 432 24161 25137
223 111 3290 11374
935 520 3781 22412
398 61 956 28496
621 497 15981 28251
532 162 1270 12127
888 939 2179 9882
236 269 9743 10673
203 343 11421 24972
84 228 27912 31265
240 68 6738 24883
936 501 4101 22169
794 891 15774 26333
365 821 9832 14594
410 602 6711 25306
479 172 17483 32449
102 293 8568 18827
235 863 8580 23738
630 136 22772 30673
381 5 5301 24379
342 334 9026 21828
875 243 4207 18398
486 325 10559 13801
104 656 4718 22851
173 687 1248 23147
802 449 13664 24665
106 611 6281 9144
228 278 11128 13501
345 850 4482 31638
277 899 21083 32722
396 458 13561 21147
543 384 21056 22689
87 399 20101 23726
857 497 7293 24654
227 541 451 19045
382 638 15442 27722
140 159 2780 29574
500 37 1371 13025
443 515 26287 31188
405 28 65 6537
77 460 3209 14946
881 295 4515 10496
42 671 19655 31205
82 648 3219 30145
551 838 12086 29022
807 521 1488 10200
956 936 11859 24020
402 572 14221 21009
398 62 95 25155
226 444 9114 27350
926 136 798 9949
49 713 9659 13523
729 462 12643 20090
407 456 14842 21416
286 855 813 24961
421 848 14752 18923
563 94 27174 31845
651 87 13609 14906
208 536 20813 23290
339 787 8528 13610
83 767 24885 32571
611 25 11937 15545
578 338 3013 28805
991 929 25085 26309
340 907 11866 17528
325 448 3987 32026
544 168 6752 8542
183 365 7241 14080
276 650 4959 11034
908 956 17549 19827
464 609 1927 5538
280 735 8578 12529
824 477 9602 14888
55 296 1587 18248
613 951 89 32311
454 23 8318 17834
997 470 208 19803
426 58 12421 21567
134 586 9135 9677
863 960 24644 29066
63 477 21900 26549
290 941 8643 12093
816 37 26473 27526
431 114 27442 28952
493 211 6719 24948
468 682 899 31570
503 119 21284 26702
724 150 12869 32190
435 42 8939 12510
118 778 11007 17259
880 738 23261 29741
35 301 2510 12560
733 858 29493 30736
443 957 444 29096
577 983 11472 14445
488 624 8987 27430
337 932 10175 31664
570 204 67 13480
790 759 379 16278
593 328 20827 28088
13 18 6138 24852
166 857 6423 29835
85 883 1394 27546
419 479 24134 26484
892 908 9710 15993
782 701 2511 25058
786 571 1801 10283
74 716 27738 29121
116 763 21930 25493
398 368 22583 22663
546 450 21156 28266
420 657 1720 24804
314 817 3410 31116
67 596 7041 30316
667 503 6093 16341
86 528 1545 16155
850 326 8665 22063
234 857 1656 29039
505 244 14156 14376
340 417 20681 27727
539 275 16531 29298
609 457 5613 18658
489 810 21291 23905
644 676 866 22013
816 634 21033 26480
715 397 2857 11045
529 521 24242 28604
362 20 24509 26529
296 523 6275 12424
767 165 22521 27023
797 980 11883 14775
940 849 15001 32099
870 7 16076 31573
985 675 12236 18263
443 698 2078 24591
383 580 5000 11286
568 495 26988 30646
774 215 4813 20089
231 661 12736 13013
504 278 18983 27652
660 765 10182 17932
899 923 12246 19904
863 886 1752 30727
635 984 17905 20759
669 826 7060 12260
269 576 11049 29200
382 894 18018 32176
573 43 26024 31604
88 317 9899 23087
650 686 3434 14188
660 125 16935 19085
293 200 9409 21002
860 305 11076 25850
69 830 16594 19393
403 182 7302 16454
494 464 534 31720
317 838 382 21996
605 283 9018 23771
266 848 3722 13653
173 973 3673 12736
968 654 10436 18144
94 571 13884 18502
470 957 16349 32021
17 478 11544 23787
601 897 14194 22081
541 114 11153 28400
370 486 7908 28584
733 358 17078 18794
838 288 10622 14428
439 7 1583 29705
782 348 21749 21950
70 564 5093 9844
381 452 1728 28963
873 891 20185 26738
148 327 5225 31365
66 259 363 10919
345 783 1212 4692
840 584 16240 32627
795 106 13584 28465
454 211 499 31294
424 465 19688 21826
890 103 16938 28539
335 892 17491 23263
679 821 15735 27559
383 644 755 29827
675 832 17615 32485
990 215 3453 21068
609 754 10077 19806
754 520 6161 14506
823 317 18653 21469
460 860 3668 17208
481 267 21297 28993
104 606 14521 27267
493 359 19725 27343
407 588 1427 17900
150 73 11949 21114
421 664 14707 17999
777 646 7510 9832
3 839 3598 25115
27 901 6511 24018
453 261 13640 15690
953 547 8086 25331
573 528 16836 19404
566 128 4882 9108
263 105 11200 14257
496 744 13404 30084
307 366 12259 19798
507 803 1362 28008
630 666 913 29206
421 326 7585 9546
41 35 15950 17887
520 120 5497 19692
608 747 9490 17126
899 581 13210 22198
668 440 21364 24442
521 366 2196 6009
626 572 6925 22943
601 703 1753 18778
386 573 3282 14515
317 864 14289 20933
577 654 2472 10208
779 205 8493 14096
175 917 15280 18375
79 526 13838 27227
458 891 20 28606
142 231 20074 27432
745 231 3378 4760
364 952 2529 24457
849 355 8685 31329
103 438 1161 14928
476 422 13650 25522
58 529 22235 30245
397 696 2612 5394
28 772 5827 12147
973 329 18663 20547
550 289 9180 21299
289 234 20895 27359
712 418 17810 23488
706 665 929 21027
516 705 17318 29530
740 290 330 29169
490 737 9892 20141
487 809 13006 15625
98 90 10021 14482
393 209 677 23456
853 825 7626 32015
258 896 22018 32230
149 157 3426 6712
574 601 16712 21144
560 843 14576 17697
959 617 2492 4164
410 115 9586 25374
72 290 17127 17133
415 649 6090 26325
83 683 3946 22071
525 533 19545 21413
12 21 5871 19062
216 124 25427 27732
84 552 19955 30689
755 669 17989 18566
103 948 11021 17485
462 964 328 22153
158 593 14194 23979
922 562 8144 14732
422 103 12571 17118
839 387 15778 21409
119 646 7260 15655
351 135 19155 31940
749 120 12874 23743
929 617 7053 19989
947 354 2377 6980
423 283 5757 11879
427 862 7553 32333
456 288 11678 29815
271 324 13791 15712
750 441 2370 14052
763 597 1573 2794
929 1 18443 26422
473 390 11318 25067
122 512 9697 26084
980 707 5412 19438
961 492 3128 3348
77 241 27090 32613
215 827 23399 25152
225 403 24167 31542
909 355 24243 32042
784 518 10377 23424
916 378 1825 2064
520 741 3243 30539
426 742 22732 27983
328 677 468 18375
115 310 17563 30894
470 490 10093 23926
798 927 5458 17750
649 17 2564 26224
644 320 10931 15779
512 996 14506 17408
564 94 19339 25634
159 806 2984 3993
303 225 970 31857
208 179 24626 26044
204 742 12326 22931
735 367 20786 25857
498 230 9442 22431
395 189 7148 7494
476 725 24991 31475
322 437 4260 24034
585 821 20238 30420
279 650 8581 27068
550 218 20215 20584
670 387 14752 17231
283 774 20937 23593
730 962 5977 21817
497 639 4339 30341
424 519 19293 22087
283 636 10271 15785
57 278 7202 10488
138 219 3877 19085
908 172 14379 19507
270 350 6328 17731
953 526 12788 25181
988 873 20735 31076
303 579 7196 30772
563 821 12724 29933
744 117 6285 14494
206 753 6085 17821
896 195 11781 14890
661 12 116 20186
793 730 377 18598
604 420 6812 11112
553 568 18572 21928
658 34 8602 9599
754 880 16637 17445
59 331 23713 27262
601 121 19750 28398
255 785 20742 27539
352 78 15318 25558
65 544 6856 30784
213 791 10869 25744
936 201 1034 31193
489 94 18449 26271
602 203 3320 7839
673 660 12966 22806
220 197 4632 18037
24 658 524 7323
691 477 6651 10280
539 440 14437 30218
830 452 12410 18740
259 945 524 4474
801 583 2268 3746
207 412 24626 31396
484 279 4297 15633
880 981 21968 29425
866 954 2930 20623
3 523 18415 29750
834 185 12164 12709
130 967 8138 20871
226 728 9135 27602
51 867 9664 32594
647 33 21515 27429
671 145 17835 20992
110 448 1285 23632
293 703 3113 25517
814 536 21759 32262
613 818 99 32097
811 93 18305 18640
197 863 28047 28820
69 961 7933 10306
903 828 4335 27684
471 704 8251 10898
9 765 14438 16587
697 611 29428 29439
436 504 6239 20015
254 408 12690 23820
925 594 13637 15472
14 304 6518 24385
295 135 6084 19175
597 896 6719 28379
39 78 2769 29974
778 552 20330 22839
7 922 4164 16666
154 367 13164 17324
427 906 4606 12670
274 38 10159 13976
479 753 19217 24335
272 8 8467 25562
183 431 609 8519
651 937 9321 32087
485 87 5962 17564
174 940 4854 7032
344 464 17983 26853
10 178 13226 18166
607 492 15509 28816
41 458 23 7901
457 667 6070 25710
275 380 8185 12294
480 601 17902 21990
812 293 14004 23198
602 587 10301 24610
212 174 24402 26912
511 46 22232 26257
582 468 17295 27729
94 49 13734 25446
906 234 17901 25635
816 486 17943 22723
163 634 9925 19886
506 717 14592 25054
705 976 19660 28066
471 465 14433 27707
640 696 3787 31125
540 424 2928 30365
936 818 1774 6068
995 815 29956 30114
619 373 10645 31467
345 108 3598 7233
146 809 23511 24427
519 147 13240 28854
328 68 1165 27802
693 529 2597 11445
53 958 514 4707
274 316 13270 18707
708 188 4280 21875
157 209 370 28913
789 865 21096 23351
600 148 10025 20325
52 17 19524 24221
663 452 21445 23389
313 748 1160 25983
589 605 6068 13214
254 497 3539 26702
896 516 18330 24369
956 840 29692 30776
640 110 1724 17904
54 406 8709 19515
548 401 27398 28559
836 717 9940 20327
860 113 18892 31175
217 682 12933 22161
496 949 2644 26848
566 397 25207 26428
552 23 1506 19097
477 677 9256 18381
354 472 1395 7022
806 433 11945 22792
456 698 21540 30518
85 400 9367 10014
343 11 9069 22500
138 242 14843 22224
929 73 12739 29157
456 468 4019 15611
843 576 25735 32050
311 200 27045 31601
191 30 20271 28970
947 42 11556 13712
803 328 24937 31080
258 509 4812 29023
577 722 8217 16331
33 388 20099 25241
990 51 31193 31476
968 289 1196 18545
635 670 3275 27507
25 970 8092 19234
926 642 12538 29801
341 375 27025 29939
522 91 15217 23406
311 317 3502 9281
682 815 17130 26336
991 478 14017 16309
34 297 3450 13120
72 582 10997 19856
743 818 4718 21579
635 984 23671 30224
234 187 8777 12287
226 639 1859 22676
329 909 23365 27935
197 813 18358 18456
86 945 4530 19916
441 711 7858 31239
502 608 12674 28927
524 751 14688 20865
939 836 11422 26419
314 705 3167 14117
250 28 4719 32216
467 543 24130 24981
238 300 6472 30959
82 997 23562 29697
131 811 23240 31141
688 525 14991 28599
4 284 1142 20659
175 373 3996 19978
749 918 19764 27633
280 420 732 8806
849 636 3949 32555
781 280 7840 31881
542 189 9796 18918
871 963 22403 29664
84 364 14673 20142
241 465 13728 29004
114 745 8020 21339
179 699 7215 14990
33 343 15490 17870
153 368 3571 24785
95 548 11807 13133
185 919 15564 17436
981 28 12181 26222
80 614 217 3886
545 262 6176 19572
614 374 3583 21754
117 166 1176 3702
877 644 486 13733
902 585 15199 20608
342 754 24474 30188
246 580 27360 30216
789 348 13495 19696
227 109 14504 30171
24 171 2520 18126
341 272 26709 30255
3 389 9253 13835
219 652 7078 12176
119 331 22520 29686
879 747 817 16169
830 770 25328 31117
326 46 3087 23582
984 323 16064 24500
929 879 14548 16780
178 691 3082 10072
55 381 12662 16809
354 252 8679 15591
328 539 408 2676
500 418 3807 27223
923 185 16127 25155
672 798 434 16736
857 625 5318 24462
578 606 11847 27018
400 595 91 20208
256 851 1398 31585
25 922 14311 20422
160 634 1783 8590
851 989 11634 13312
327 300 723 10848
245 967 6794 14212
515 694 7160 14387
391 471 2663 6404
866 433 11946 28176
82 145 66 30378
304 427 15124 30725
388 579 14240 28877
21 268 5735 11548
966 17 16224 20959
365 482 18293 26031
917 537 449 10604
54 110 8587 29593
132 416 14822 22932
190 613 25419 30295
31 427 12720 15410
658 415 9757 16023
106 7 966 9168
104 771 25507 31686
848 441 15792 23698
294 426 22049 28327
949 454 14531 22085
976 207 10343 11368
957 357 13259 28087
742 190 26955 32299
434 984 7267 26210
772 329 10170 30705
970 719 18265 21761
353 196 14453 17888
62 709 9436 28264
888 499 100 21742
861 313 4325 6681
378 238 18233 21312
703 190 12704 22234
9 428 11162 28416
50 723 26935 27630
366 205 10382 25580
680 139 6654 10209
981 743 6215 27538
582 894 1217 25923
732 482 5759 11758
111 911 8208 30295
55 844 2042 27883
71 996 1271 23388
303 510 14196 31348
993 897 16044 30173
142 700 4378 28667
714 517 22508 24154
37 113 16655 25331
843 860 10753 22585
215 553 24040 27990
467 131 8188 12695
963 901 13088 30256
411 487 9115 22871
93 634 26065 32741
64 486 9136 15297
430 522 6895 21752
996 564 6911 32421
623 570 12930 32721
653 376 13840 32390
746 138 19863 22473
556 997 20695 21490
921 9 21694 28078
120 993 4303 7273
37 606 3723 18499
953 209 13946 27612
785 648 17945 28861
725 331 5660 30448
116 487 386 20295
966 170 3813 7898
10 96 18536 22399
354 46 10763 13631
427 997 1271 31343
473 561 11364 11673
499 739 10165 13760
763 484 4167 18015
369 714 179 19848
928 336 6011 31242
344 833 11871 20599
454 77 21638 22736
929 831 8002 26908
838 46 199 30085
935 835 4031 4897
527 906 14980 19086
169 325 1044 13394
946 477 5372 11469
739 730 148 22359
556 333 24800 26158
470 748 16813 18107
775 438 18277 23949
555 895 2022 29668
297 558 11656 22137
244 326 15495 25970
971 162 12934 30135
380 964 11117 28775
244 719 5567 15970
345 587 10839 25562
692 98 8290 27452
729 385 25391 29105
265 520 15762 31120
154 925 9429 28880
173 78 20288 22351
513 751 15255 30635
86 259 12670 17087
916 461 9705 31364
517 809 1630 16804
584 735 10798 26788
71 224 11612 19659
292 140 13894 24533
399 803 2077 3667
683 42 461 32025
866 793 184 15966
838 754 1290 14526
322 941 12370 16250
384 650 16134 21324
876 990 347 8036
416 650 460 7229
17 31 22246 29353
570 527 26288 28862
281 352 5937 11559
439 514 7267 16530
699 212 13717 23321
457 570 21039 21983
750 489 12592 17769
351 942 15537 25456
539 276 13692 21538
455 396 4585 31650
313 18 435 2564
575 597 10247 17563
152 999 20930 24212
731 670 2134 6242
982 515 18205 30793
986 473 11065 23512
766 240 8989 29999
144 42 12063 15053
859 757 9499 28613
934 827 23131 31013
705 30 20477 31864
966 864 3272 13366
613 978 15926 30880
343 435 6235 7471
872 675 16916 27956
815 129 16200 28155
496 194 4756 17647
572 763 12789 15947
758 617 9320 13906
986 798 23299 27277
825 143 127 4122
744 756 5345 29018
322 759 13145 19690
243 360 548 3610
854 769 6329 10904
841 238 17534 21778
1000 263 6474 12173
983 161 8366 17011
324 161 1970 28845
108 403 21443 30739
724 482 712 12838
267 337 8267 9027
175 577 2383 13996
229 284 1881 5833
797 754 15118 16748
213 73 8754 9260
493 306 7569 29767
186 777 25713 27801
207 494 5200 23206
329 466 3328 25316
986 300 3808 7759
288 205 732 16839
735 296 10260 11073
532 158 15830 22049
699 200 9429 21471
564 783 8474 14188
809 793 18928 32286
164 892 14059 32514
726 736 810 24435
867 808 22209 29957
612 218 1872 7111
629 79 6020 20762
992 820 20448 28867
425 594 18494 21693
324 500 23951 29781
412 727 15602 29035
589 342 19654 25394
716 335 5562 21632
910 663 14881 32590
22 701 9120 13666
635 798 30447 32357
785 125 6318 14443
223 854 2166 3508
241 355 3703 23401
678 390 5802 17987
117 832 7311 12831
91 969 23612 32722
64 857 29379 32527
644 118 19182 20362
724 487 19730 21118
961 217 18855 19688
187 360 12783 16186
849 576 12382 30926
484 316 1580 6568
605 750 3706 14890
708 185 1711 12559
179 116 17209 26758
458 599 1791 9233
676 531 2832 16818
618 365 7907 9732
638 643 7531 12028
531 539 10530 21304
579 816 21618 24687
737 525 2890 7215
688 15 11604 28549
731 814 11765 24660
255 397 18074 25563
966 195 281 23729
333 529 5464 24820
568 988 2140 29334
357 557 24476 28376
998 223 21066 25445
763 624 9717 13185
655 524 4968 18563
266 767 12077 27176
263 714 15748 28413
134 216 941 19167
509 425 11839 31755
499 486 17456 30430
709 357 4875 15369
748 176 22836 27666
174 321 10053 30560
492 481 3121 28389
909 986 12237 27120
993 345 2035 27877
329 808 16265 20874
780 234 7863 31145
149 976 24690 30690
667 484 16534 31586
65 301 3558 19266
703 962 19288 24076
64 578 14236 20114
311 676 2861 30129
835 138 740 11033
658 787 15456 16313
429 936 14992 29586
529 951 16751 20431
934 599 1827 32513
579 524 10762 19433
561 564 4588 14488
166 320 11744 21615
205 615 8385 22262
341 15 11196 18476
799 293 14696 27588
556 400 12550 24513
990 17 12688 26298
318 829 16622 27009
758 982 6762 7429
159 742 8485 24502
678 942 26215 30347
483 679 6986 27188
266 71 16388 18976
653 238 11230 21092
274 393 9520 21784
33 662 7239 27715
617 145 18618 19685
803 831 1804 29989
558 97 19936 30335
189 587 13217 31466
974 333 9579 31821
477 994 12112 26128
656 72 16556 20003
820 463 2276 16657
928 333 13103 29333
824 521 28156 32264
53 254 11785 24228
547 971 27429 31130
899 113 13477 29684
594 852 10143 25138
74 597 18915 26283
991 487 10718 30336
853 98 19825 21276
704 173 21493 27659
131 862 11145 24834
557 182 16513 21832
82 177 9916 11451
94 812 244 1617
599 18 13409 32214
75 112 1975 11711
847 191 3881 10114
833 730 3267 21268
129 337 9121 28425
508 390 904 9170
161 566 3662 16564
208 993 16508 28912
598 421 28068 28885
510 136 13279 30478
965 637 7376 29695
589 258 4011 7054
749 599 9520 16522
830 185 1633 28866
377 519 6040 10321
687 173 16644 25330
273 559 11855 18868
26 640 7252 32287
865 196 21517 31642
795 707 4491 26699
456 72 17860 32423
941 744 25117 30902
266 318 19567 30318
733 710 1043 28287
191 224 4250 10477
493 896 11680 26648
498 364 10659 25153
27 614 15916 23858
387 915 12309 13655
239 362 16364 24621
501 441 28226 32333
457 853 11595 31655
984 712 22358 32349
769 760 19849 22754
952 141 1473 20596
237 403 27308 27861
436 257 1356 29219
38 225 7916 28090
48 873 24 18837
491 201 7495 11645
884 287 13362 17157
924 975 8507 11523
379 495 7069 7087
200 618 974 27169
637 498 377 8106
401 867 8767 15339
477 870 26094 30970
915 476 4732 16701
419 180 667 15915
16 103 10153 24374
995 433 13561 31454
302 922 18080 20408
84 774 7870 25209
839 178 2668 16361
954 120 17391 25858
257 517 14540 32437
789 432 21797 30695
244 126 1718 15177
152 396 347 14125
447 332 11474 21401
475 189 3738 8129
82 700 13019 19451
945 119 16383 23670
261 283 8642 16394
418 515 18094 26638
96 613 3306 23653
730 864 23004 26674
166 69 17335 27885
584 564 10536 24561
587 957 22816 32561
102 435 23086 31118
64 836 404 32169
474 332 18786 32739
626 565 30284 30744
645 949 8716 23134
357 784 9441 10260
259 599 26131 27010
743 641 8881 22696
974 962 3238 13128
803 466 8901 11117
721 447 15255 21689
863 685 18842 24509
909 364 7157 14426
38 387 11208 20240
415 20 10416 12938
807 968 7550 30850
671 844 7780 23727
380 188 12139 16100
155 535 7247 8011
4 171 19992 25702
594 291 578 24319
682 654 6203 12098
954 770 4033 18549
972 712 2837 6240
66 586 15789 16817
204 202 7940 27075
40 925 7278 14055
330 608 19069 22159
317 465 9389 21698
400 977 6869 23871
36 257 1468 9470
141 499 4127 18121
823 154 11635 20872
323 253 11728 20729
970 335 12883 25948
529 587 2503 14952
21 854 17031 26753
177 989 17614 17662
918 513 687 27720
555 424 17926 21890
861 446 10121 15508
960 932 2224 24788
790 416 7009 25975
696 780 16529 25224
907 51 406 15016
708 169 3102 9657
40 571 8703 22300
861 968 1844 3410
893 54 25336 28154
212 71 11414 28051
607 509 18491 30407
567 940 12186 19806
663 575 11272 32567
258 542 5062 18845
401 86 25740 28874
420 617 12375 27835
654 192 15133 25743
582 119 2825 3808
315 120 17364 30344
55 58 5060 13625
304 642 15538 29067
571 907 15075 30398
330 179 329 18066
391 710 2905 15620
137 78 26425 31551
983 67 20601 22904
834 448 12356 25298
640 510 1487 12425
334 933 20302 25624
958 680 344 2664
570 360 6041 13629
415 820 8821 16160
357 552 680 24802
198 915 4429 12839
341 621 18439 22873
50 913 20612 23477
51 751 150 24661
212 517 8805 24206
730 607 9669 29364
4 373 11127 16499
891 916 17566 24689
956 511 1260 4789
804 696 31149 31676
347 961 4776 14119
236 96 11533 26607
692 691 1904 22262
137 592 15892 22752
773 104 19059 22556
35 868 6350 18538
89 248 18110 18666
446 656 6712 15658
6 897 10054 16134
4 665 1727 24330
471 945 11113 32227
912 841 1744 26024
51 293 8929 21967
644 335 10580 24801
836 597 22059 30350
52 413 21445 29623
673 38 7269 29818
952 313 20175 21170
260 175 14116 26543
735 884 14911 15091
805 765 2037 4491
599 406 5795 13202
614 271 4456 5787
125 576 4411 27817
100 250 17804 19243
707 360 2608 17446
108 518 18589 27536
469 408 7851 9899
108 887 26850 32587
267 792 12233 21409
942 829 20342 25409
498 143 11680 15661
985 940 10564 15297
915 750 14975 28663
543 421 11188 27348
610 30 11866 31415
975 875 15931 16813
345 741 6254 14228
285 911 2529 11300
954 581 1229 12697
893 60 2645 15012
784 660 1256 10026
196 412 15827 27970
839 525 18325 23807
63 722 2230 11051
248 589 11717 21609
210 165 15373 30480
142 511 18997 30378
34 643 8253 32647
476 657 7859 25255
108 564 16481 20132
396 133 30571 31907
132 962 4229 32451
185 137 13692 28322
230 552 28822 29338
662 23 1823 6984
560 264 10482 29602
244 5 16214 20776
726 723 16064 22726
545 486 8163 27598
653 214 7344 14493
923 112 5633 25089
728 111 4154 10033
673 828 19740 24084
191 580 9581 29996
835 665 31119 32288
371 588 4201 16734
340 681 18268 20559
971 635 7948 25108
183 938 7535 23195
729 658 5436 17349
824 871 7159 18289
126 485 2388 10161
246 756 1003 2351
538 628 11848 21684
560 973 9879 21910
69 931 22297 28375
781 432 23187 31698
665 90 19712 23585
90 486 13086 22562
437 493 19920 24886
808 327 1361 22945
596 397 12613 30478
307 315 25763 28868
340 117 14536 22055
20 641 12593 19476
375 846 16816 32586
168 475 13571 26085
69 660 3268 3850
799 352 1853 11304
856 454 11487 18972
174 586 1838 28763
815 290 7590 24997
693 237 16829 19739
108 910 2976 26141
313 30 1289 15751
142 816 14627 32104
595 505 15419 19562
967 976 3984 19606
312 58 6939 21416
935 552 8759 20478
455 357 895 25041
215 347 23556 26775
38 806 27474 32534
415 643 11604 18714
293 618 12109 26003
289 913 7303 24699
593 467 15472 17109
779 858 1862 29591
147 296 447 4380
993 228 4198 27228
647 619 3980 8979
289 61 5941 29555
781 217 22668 28091
517 995 403 13613
219 246 10402 31901
604 933 29082 29402
936 814 1510 23492
609 241 5802 30392
163 213 5353 24190
339 372 6003 17140
738 760 17563 32367
60 566 7914 32677
875 218 2581 2763
770 819 5626 7213
479 296 3862 17623
640 83 18291 26170
706 261 7294 8304
14 122 5734 28278
333 862 5332 21636
661 209 807 32379
276 903 15255 32450
44 867 8697 32047
760 125 1088 8084
70 761 23165 27221
117 898 9660 12714
401 702 8336 16549
525 604 25424 27667
9 588 28490 30171
692 518 6282 8528
139 973 1026 6823
946 541 20040 30023
754 131 13019 16678
796 652 627 16522
533 281 5738 26684
299 457 22774 27236
431 215 12686 21693
115 670 13884 14679
870 346 157 23352
838 16 1844 22042
725 521 429 4796
630 979 5909 8399
546 105 18480 23596
431 357 2239 17070
896 843 2278 20828
866 663 2213 26384
694 505 1948 12869
651 951 5618 15694
654 412 392 13747
68 32 2006 7797
983 201 25172 28469
416 400 4448 5227
244 303 17711 18700
985 265 15057 19357
242 514 25077 29190
466 369 4280 11998
854 755 15104 27303
46 659 255 13667
565 902 23880 24595
78 611 23028 28337
26 507 9983 24680
71 869 777 13542
555 982 5898 26183
314 63 1836 27988
276 119 7554 17244
291 98 1409 17111
115 626 25969 29074
730 709 3289 21843
898 607 12221 13110
749 330 5330 11156
545 828 6514 10148
324 680 1408 30382
49 310 19839 21647
323 287 8616 21175
634 796 20090 30519
244 807 24675 30763
925 140 12607 17619
898 665 331 4796
531 52 26763 31214
807 564 7086 32034
941 754 4615 18528
383 857 1261 1464
761 220 29443 30098
211 15 19950 31757
43 882 7755 12200
423 353 10951 13369
474 430 647 23075
940 755 21849 28477
359 651 19608 26243
807 601 10251 27473
313 411 7483 14755
552 535 16236 19770
900 455 4642 7588
20 34 2946 31230
741 51 28793 29280
619 990 2415 10305
351 511 10841 25343
882 237 25273 27641
442 496 7753 16757
442 335 4587 7376
478 261 8239 30859
872 740 2319 6825
341 546 2269 22360
763 396 8611 10410
142 392 8435 24925
225 415 4152 9375
11 915 659 2000
546 237 7860 22457
708 11 4431 11441
723 504 15120 21192
457 396 3368 27336
85 29 22099 23116
60 430 29050 29111
939 247 11288 18918
524 885 14979 23420
856 67 3803 21263
620 497 7314 28726
343 981 7546 12949
146 320 4327 29777
320 410 18865 29987
144 767 4382 10255
153 236 671 30644
822 933 6783 24384
83 505 12355 30496
423 520 11578 32008
985 523 5727 6193
103 654 18435 21307
229 218 14607 19982
539 397 4624 13154
323 814 28147 29719
225 899 2534 23281
36 229 19354 26990
732 727 18 29581
467 947 4108 5499
433 974 12515 21582
291 61 4346 17072
29 623 6681 26391
88 109 4233 29894
388 400 6208 9780
706 545 20058 25263
35 543 6784 25485
861 924 5025 21894
416 241 1523 16465
619 243 3019 6880
341 990 8961 31384
185 714 3317 26464
680 667 21204 21235
949 453 970 30156
998 470 12495 26093
495 126 9450 16563
203 886 16147 23184
973 461 23658 24038
539 425 2380 31376
605 308 7774 22763
37 172 746 28437
807 415 4519 4920
154 790 4892 12226
256 386 20349 28576
819 725 10383 18930
744 643 9994 22974
400 96 4763 17037
829 339 1389 2290
874 235 13675 31971
646 521 3046 29998
450 95 5692 10597
288 927 9163 11785
999 815 10838 20918
45 339 9620 32433
804 788 28866 31213
664 647 4212 24912
943 953 21054 23460
626 90 15175 22813
4 55 6647 26688
760 205 900 11887
584 291 6951 32335
243 335 7371 27178
806 291 1706 20213
407 1 14926 22362
941 501 3575 22006
860 67 2087 5338
272 888 21013 26041
864 69 21272 22674
821 833 9952 16140
267 806 24338 25593
335 943 25658 31471
377 97 52 5641
900 832 13563 22178
556 626 14922 22223
655 818 18013 32570
815 830 4685 12508
367 970 2675 10799
68 624 17487 26212
494 696 8710 26232
687 93 11368 13130
99 744 18357 19565
409 105 9423 31246
729 451 21144 30250
86 192 15946 30293
982 237 7510 29551
855 590 9044 9418
28 741 13172 22360
705 775 7775 26583
851 279 19085 23074
140 768 4350 7039
658 871 9707 29090
213 547 14904 22481
157 595 10430 21858
140 796 29885 31552
654 455 6389 9821
79 958 13715 18092
42 8 4037 22491
756 583 7302 27235
200 928 28319 31969
747 851 21864 28712
507 108 25336 30571
108 753 5410 24859
827 84 2221 26882
710 683 6588 18616
587 175 9233 27570
153 586 18252 31457
116 252 14647 19901
437 663 1620 30858
569 59 12992 24090
381 749 15265 28623
115 820 1311 23780
310 595 10885 11217
925 879 12815 26709
825 349 6817 16479
613 790 94 22923
558 711 17859 18840
626 710 3570 15683
726 803 16346 28076
426 3 6748 13388
56 315 6956 21420
382 475 15705 18427
496 840 2963 31571
689 94 18757 29378
555 518 10426 21946
69 197 5517 8376
604 93 4193 24100
950 392 5843 17016
715 377 1197 5797
676 262 17331 29532
449 571 28837 32423
261 624 3475 27561
517 151 22964 31846
17 886 3508 7813
138 148 2164 28458
661 642 2493 24674
278 462 22071 31931
209 840 7364 18690
972 495 19558 27902
505 348 349 21598
827 794 19855 23535
847 611 24338 24621
621 343 14702 20628
863 33 4209 4322
682 490 18729 31677
330 970 10360 22322
602 107 24664 25094
84 697 24100 28556
670 943 18131 31997
959 828 542 14189
224 294 660 7242
117 613 2781 19513
966 763 24093 31300
721 106 20501 23252
907 752 2628 5413
687 495 16455 21766
710 871 16247 26825
8 991 18106 22160
289 1 9567 16902
7 519 16713 23121
347 827 18512 25666
318 867 4324 13519
470 244 12228 28147
794 494 7861 31245
714 929 7623 29751
210 414 20304 21853
264 473 21291 31131
908 885 4093 10000
912 305 12948 26133
80 98 27149 31789
908 785 814 16201
140 446 2688 29120
859 781 29875 32646
38 872 837 16030
775 29 30059 31429
685 10 16992 26432
694 902 20859 23130
224 505 9077 14136
317 583 5563 13598
21 424 8614 31310
496 868 1311 29956
988 838 11609 29124
851 302 19502 24231
993 579 19292 24616
61 329 11615 32745
294 23 11759 31564
432 924 17762 26281
454 268 6153 29705
314 709 9089 25448
43 711 11379 29209
166 699 12039 24284
513 282 21655 22608
324 610 1416 5800
17 749 5554 31331
93 642 1517 3412
15 976 8600 30511
712 368 22772 23755
284 515 891 22243
264 476 6365 18862
716 662 9919 12090
436 385 16830 28160
985 706 7609 26547
85 880 7970 18054
303 174 20707 30049
195 222 6063 16931
510 506 19307 22874
633 665 18842 24676
563 496 7052 27487
988 999 4120 18186
511 382 20697 26261
832 327 5030 11467
407 253 23782 29650
211 190 7804 24536
314 637 3833 30966
632 611 9337 30960
806 951 27159 28119
981 947 5786 8946
699 121 7072 28844
861 214 7854 23070
742 230 3080 8269
543 504 1753 24473
544 483 20792 29908
29 737 16611 27932
220 427 2767 3681
54 965 76 13791
908 36 9246 32280
413 853 14484 25429
445 48 4156 29965
687 940 11632 24558
607 84 25670 29960
465 707 6721 27310
606 948 22895 31092
488 102 8184 17466
291 94 7686 12629
831 869 4676 23731
211 347 7742 8583
245 587 15976 26593
631 409 6991 22677
524 802 4089 29551
19 3 1504 16214
507 253 7268 30313
792 727 2190 6495
404 660 6024 22432
761 695 8675 22038
990 612 11497 28537
