1
5000 5000
53 304
248 274
672 204
515 768
450 541
148 202
339 99
636 831
353 818
893 484
293 728
859 929
229 570
205 182
587 356
963 381
918 289
40 673
503 122
362 320
519 546
599 469
335 297
3 289
232 798
895 811
501 571
140 629
581 380
113 377
517 200
816 948
606 348
439 538
306 324
438 322
509 883
389 555
593 228
912 727
419 186
445 727
173 629
645 735
11 998
186 316
497 590
336 67
372 370
118 347
369 529
703 14
284 992
620 964
186 566
772 345
200 932
111 24
357 951
655 64
797 154
345 966
744 141
866 899
610 906
237 207
732 346
524 253
236 51
493 433
168 101
631 424
1000 725
948 423
549 473
626 207
517 470
229 295
384 590
159 74
7 550
283 683
652 271
678 438
661 202
159 89
581 746
944 19
76 61
805 339
229 715
885 604
345 146
39 128
299 257
911 75
851 860
696 809
295 384
812 746
847 399
562 756
839 765
576 498
747 332
322 581
93 317
937 240
291 584
998 520
47 886
385 155
31 901
14 472
582 884
751 200
522 256
976 187
416 78
262 542
700 737
90 955
750 574
389 874
193 919
355 687
942 269
557 652
497 473
258 560
650 860
959 368
174 430
855 829
694 420
451 606
153 446
565 895
558 600
794 346
493 558
614 6
207 621
508 445
802 880
711 818
313 521
771 826
891 80
751 754
275 185
159 994
225 129
924 761
95 393
343 41
462 878
302 84
49 512
30 958
330 161
210 757
605 889
699 535
898 800
705 803
974 115
576 19
100 963
367 607
615 842
101 190
204 991
740 153
662 92
482 696
298 94
854 745
308 412
664 926
177 988
549 903
55 75
841 607
258 323
885 187
360 650
307 497
655 49
271 909
917 938
169 938
520 189
761 847
120 124
458 47
618 245
370 982
998 49
656 929
83 859
727 413
785 715
74 282
583 867
496 977
902 441
571 44
878 231
75 590
951 711
48 723
403 443
280 360
35 372
206 998
719 721
700 123
25 211
690 642
356 839
271 372
153 651
735 919
82 204
733 894
467 679
507 857
550 654
185 54
542 270
10 376
982 263
333 319
970 507
82 520
174 787
779 111
958 966
421 10
982 363
391 376
243 186
851 361
441 990
242 7
647 317
533 398
448 875
713 232
187 555
819 869
69 40
460 65
285 371
798 77
953 470
32 346
607 976
735 996
758 530
638 556
926 210
342 248
293 917
953 255
692 659
876 951
905 965
475 570
550 42
370 961
970 715
897 743
799 451
455 65
316 91
347 36
939 533
414 887
597 719
653 403
21 778
870 112
147 828
312 658
922 435
584 277
379 867
249 732
811 362
180 416
459 761
601 175
158 453
437 354
665 416
972 228
622 458
56 704
89 235
250 522
247 966
529 185
587 126
609 179
851 812
22 209
666 60
657 861
808 260
898 466
239 807
95 602
159 361
635 462
92 996
522 513
358 562
700 925
298 964
57 35
807 26
732 917
483 84
795 447
559 896
765 117
593 501
461 398
512 808
142 826
885 117
688 447
1000 880
234 282
888 52
160 788
551 116
167 787
285 592
86 444
69 122
343 981
597 306
535 647
545 935
290 620
258 415
563 301
203 88
138 351
493 103
510 551
636 546
894 684
281 385
91 292
904 122
648 810
957 302
804 78
35 765
967 444
605 673
987 514
145 314
365 541
385 565
28 363
364 667
354 175
45 999
929 128
618 896
263 898
207 536
781 41
508 212
164 443
149 645
593 150
984 734
739 267
132 854
818 961
720 880
91 748
450 938
209 15
513 564
253 855
253 561
769 890
941 2
50 841
177 121
501 970
98 947
723 561
903 890
847 7
673 314
896 363
968 978
98 177
271 901
554 832
526 898
329 369
527 288
664 404
347 862
622 965
78 602
958 231
464 329
36 95
637 607
593 829
671 862
21 534
859 36
437 294
362 873
277 380
904 574
991 678
146 596
661 983
964 771
723 398
416 330
865 977
478 823
255 729
464 840
426 935
925 681
190 16
625 478
756 829
698 180
119 54
358 323
41 105
11 878
171 957
424 558
69 635
810 148
290 959
545 894
16 156
333 972
134 550
779 979
863 476
212 617
543 469
671 546
283 801
925 467
397 884
518 877
712 911
395 116
281 728
20 281
287 899
395 93
69 296
656 910
21 543
965 215
167 634
301 971
626 10
393 434
602 236
564 191
275 876
280 617
221 323
287 689
529 798
639 419
898 663
152 777
679 184
231 956
304 109
832 572
103 825
319 794
162 76
952 604
870 531
425 425
438 272
812 613
515 412
577 375
702 138
227 50
5 710
193 641
906 462
144 62
2 272
520 452
92 548
748 491
328 35
6 436
507 720
194 751
48 765
401 577
200 290
977 473
494 666
251 493
796 878
22 657
170 70
330 664
49 573
543 965
738 244
182 900
804 586
97 301
254 738
519 921
985 925
26 528
130 451
325 554
975 780
776 540
944 331
998 806
864 685
297 106
515 407
28 952
186 102
16 200
213 210
323 495
825 470
367 429
226 465
943 518
618 672
319 401
683 168
524 373
242 663
34 34
564 770
901 311
845 44
513 888
566 222
886 202
895 354
590 666
278 732
689 202
470 139
164 662
76 548
357 215
294 360
609 69
45 207
306 586
148 269
283 540
977 972
30 372
11 859
353 157
645 973
827 238
755 772
885 252
762 135
623 298
5 714
248 802
445 518
731 273
872 640
86 70
365 590
493 611
95 40
142 631
408 371
534 914
32 11
428 603
174 826
972 247
70 900
471 27
740 966
112 452
432 638
514 660
443 436
993 488
776 33
279 15
670 734
40 406
574 841
31 346
304 140
194 734
522 479
164 806
163 975
137 322
117 982
223 695
714 724
468 386
329 214
218 743
96 103
186 705
988 253
304 155
399 293
603 622
337 249
48 476
506 129
407 972
159 8
238 63
635 904
68 579
360 112
945 749
838 909
869 693
826 623
918 900
427 430
189 825
826 92
139 805
584 13
504 843
661 828
413 156
757 584
627 921
957 495
275 170
71 281
359 904
514 568
144 958
222 622
394 677
782 968
357 832
934 298
230 493
135 99
437 869
121 66
496 157
313 673
928 950
531 273
450 923
882 783
856 977
333 637
409 867
332 844
151 334
188 888
831 834
734 788
63 67
559 816
403 919
27 576
152 465
676 639
380 757
170 44
221 573
571 172
106 899
781 768
567 360
696 848
773 436
482 175
177 351
158 225
364 423
341 371
27 131
287 754
839 1000
723 367
7 97
69 546
573 237
72 332
23 388
373 473
735 449
882 853
197 591
30 614
306 541
900 75
233 563
639 227
730 362
365 617
350 407
686 615
882 624
790 209
461 706
617 147
612 915
239 189
673 627
81 534
912 960
995 247
586 650
25 593
172 212
487 737
450 93
604 555
17 230
695 78
731 36
621 22
214 456
337 399
223 805
237 625
771 257
319 223
894 248
536 548
735 966
657 912
804 484
727 543
714 805
186 235
976 904
600 875
636 584
63 708
526 203
914 295
996 664
979 955
869 485
514 485
970 232
621 941
578 180
521 914
157 758
767 216
403 504
563 409
886 469
945 419
629 406
321 577
843 229
949 636
287 457
95 955
877 665
993 632
701 980
703 165
746 544
423 174
590 66
5 561
188 326
688 380
414 966
225 430
88 120
613 305
757 763
673 206
904 347
29 873
701 958
20 22
330 581
706 268
480 95
215 658
750 258
636 520
824 707
115 46
188 160
764 10
485 741
661 646
715 940
162 97
243 920
5 71
739 563
344 739
777 758
736 188
460 794
540 541
171 421
271 10
45 759
602 184
513 229
269 148
726 997
463 815
517 411
685 128
254 612
7 602
321 265
673 103
423 742
793 462
831 403
996 65
84 443
430 730
943 36
193 975
498 422
109 547
317 479
642 935
836 430
706 721
16 94
618 284
725 566
658 608
12 687
155 187
106 397
497 168
249 241
457 87
109 470
988 894
34 140
948 166
732 377
391 736
134 390
954 538
903 385
576 621
290 807
563 977
966 85
922 259
965 126
804 909
552 55
627 535
659 913
4 117
797 399
351 832
243 105
322 66
942 136
394 148
769 36
597 266
127 698
2 146
229 777
770 720
804 671
891 926
714 359
162 850
945 791
353 40
280 391
921 298
40 108
602 453
458 613
192 510
111 941
904 445
240 715
684 801
823 703
891 299
622 934
101 55
767 272
501 401
11 671
440 828
150 779
557 577
659 588
237 166
581 479
437 157
566 964
362 54
251 655
540 271
103 902
758 115
766 611
309 33
501 875
590 175
369 677
565 871
509 903
948 545
953 22
353 288
839 820
179 849
174 615
694 929
709 31
92 343
968 768
230 370
183 593
876 20
544 988
34 463
745 79
28 423
322 938
507 393
291 547
536 249
202 94
384 210
360 289
88 978
612 519
827 620
855 530
826 274
738 710
315 330
933 604
510 40
770 949
931 101
218 912
784 943
318 654
746 129
272 147
986 420
82 759
66 301
79 518
223 705
929 805
97 223
243 934
609 493
824 893
763 126
516 884
908 82
794 277
93 174
29 582
817 301
50 273
555 15
85 196
876 850
380 743
548 974
138 796
406 877
997 964
617 651
913 239
75 746
581 532
841 217
47 306
405 878
100 197
311 906
99 174
384 332
499 188
402 192
217 888
932 913
711 240
677 12
737 721
550 712
849 874
117 907
806 767
63 870
801 787
526 892
16 330
372 775
446 390
110 28
146 408
316 16
911 690
304 786
380 274
781 146
445 113
154 435
154 916
895 158
167 419
727 743
28 745
951 195
61 484
454 18
652 61
637 834
453 329
33 860
835 649
79 683
969 175
591 74
4 675
260 316
663 821
155 2
159 771
562 305
400 189
699 635
831 519
536 103
177 367
505 203
924 568
477 112
237 877
477 102
330 2
311 82
273 376
153 526
33 496
596 976
271 114
676 269
611 958
677 328
140 826
536 325
73 949
798 155
978 851
268 185
14 826
223 424
358 53
474 714
338 743
310 313
394 987
162 787
984 57
747 868
844 387
349 52
768 753
891 459
670 921
755 691
694 275
197 397
564 940
46 46
130 306
144 275
705 424
572 130
310 233
691 547
779 546
273 215
331 443
627 136
242 727
978 138
148 517
689 57
453 13
668 546
529 551
865 54
893 856
963 324
245 102
476 654
343 223
347 263
448 685
367 691
71 260
547 288
215 455
178 388
568 64
548 783
255 975
266 2
556 604
798 400
581 856
631 564
458 921
180 419
105 645
566 555
283 170
243 980
334 498
937 766
900 76
767 636
324 649
626 400
48 877
183 6
639 351
171 189
955 266
859 219
653 764
633 624
687 223
261 367
11 255
29 32
659 83
349 298
656 615
786 223
631 233
859 31
105 482
137 298
650 768
577 744
276 914
536 955
540 4
431 608
117 371
470 186
268 539
421 503
468 415
73 375
323 352
516 210
36 115
593 353
574 524
934 385
222 543
266 995
849 288
225 479
588 697
374 154
599 485
56 533
38 26
376 153
354 36
946 55
249 616
162 285
977 750
401 846
339 995
72 960
765 901
524 533
192 352
339 562
508 312
430 748
16 1000
71 315
870 667
580 159
462 90
957 643
786 85
163 375
75 189
225 155
498 321
848 864
297 191
989 193
531 70
662 50
648 89
861 320
534 287
27 657
461 145
345 445
913 219
739 533
942 246
558 115
863 149
892 418
335 39
741 296
420 925
208 657
480 781
402 245
154 54
302 997
92 588
23 402
486 726
826 423
284 790
391 304
732 569
456 611
106 760
267 509
447 94
5 328
655 835
680 172
594 480
294 404
805 804
406 851
314 71
527 462
813 413
299 347
121 421
518 10
242 418
30 171
492 753
557 368
684 212
164 804
325 431
299 949
647 74
471 358
955 302
51 608
305 979
186 562
29 128
459 423
672 581
983 543
491 894
311 392
609 145
121 542
109 426
252 480
498 716
449 653
650 123
318 903
601 855
445 432
675 4
770 738
690 320
869 819
524 861
356 864
605 599
605 481
618 800
498 390
70 323
597 392
623 821
351 931
675 842
492 130
720 711
417 156
193 676
993 118
424 421
187 489
144 49
160 109
506 314
788 918
371 918
963 157
547 573
582 51
801 548
766 762
813 570
168 884
374 729
378 488
469 391
173 49
834 934
355 378
878 312
515 312
81 567
82 230
540 907
852 471
849 549
268 359
282 949
504 978
792 991
841 442
157 11
89 411
579 197
86 169
590 490
942 668
640 532
51 283
476 471
873 175
293 389
181 113
671 407
777 575
838 246
989 347
662 105
656 444
115 519
432 289
642 967
278 91
856 350
221 218
369 801
300 227
667 652
90 217
277 322
282 282
970 781
919 339
914 385
162 102
546 852
570 938
555 145
370 532
137 293
969 333
525 17
662 468
573 353
227 182
306 956
884 323
11 86
519 411
288 682
838 648
273 348
931 317
759 150
403 719
419 369
927 620
159 126
359 50
282 317
687 288
184 926
926 235
80 455
468 18
607 413
93 890
830 662
972 481
440 623
809 693
543 857
53 229
935 257
966 435
290 800
286 976
85 736
89 560
667 617
935 312
681 882
902 949
50 956
636 950
228 627
355 805
643 470
262 778
804 890
3 401
765 98
402 77
867 242
997 693
859 571
647 69
229 281
490 488
366 892
428 709
437 580
450 952
456 192
792 274
328 625
791 267
171 474
896 887
64 187
377 567
272 287
821 66
259 618
648 483
272 103
876 597
666 784
677 108
551 47
372 190
354 950
362 898
340 930
963 399
734 901
669 128
426 771
465 934
691 325
577 455
402 957
531 454
122 129
29 491
95 723
289 389
410 936
155 236
864 968
977 228
380 830
882 703
601 232
378 306
893 417
189 235
683 93
433 745
303 389
369 468
551 716
320 967
240 544
483 772
775 365
946 222
186 847
736 860
749 614
80 205
985 31
731 967
874 121
951 397
152 461
970 880
521 185
800 876
804 622
297 535
865 561
295 390
552 871
822 16
351 133
652 583
999 191
859 108
105 383
173 266
293 592
512 414
900 635
786 69
743 834
958 871
294 572
79 666
630 712
141 362
717 741
966 320
488 737
407 889
567 264
515 368
102 152
546 534
952 466
662 889
215 500
2 435
55 845
772 917
252 64
332 171
296 357
381 761
914 700
308 854
284 580
111 416
635 395
33 785
236 886
299 144
293 291
68 659
970 869
939 932
698 976
444 721
65 942
50 873
726 162
445 627
880 418
892 49
396 162
876 254
218 303
361 499
34 1
972 592
697 564
175 201
1000 616
165 910
366 888
149 856
589 857
568 609
43 372
344 68
410 181
316 341
353 396
537 153
172 540
940 521
722 658
789 371
102 736
822 410
377 627
341 71
845 874
837 279
597 232
908 735
843 300
768 990
769 350
771 626
197 173
297 814
135 79
656 786
932 280
151 667
872 327
618 269
592 189
821 894
126 831
887 476
384 718
289 458
123 14
798 207
43 819
318 152
855 27
670 719
403 239
298 979
925 355
461 970
836 129
192 21
118 969
1 643
634 525
342 544
437 577
611 807
96 216
912 758
401 901
751 833
105 263
812 186
743 121
142 783
107 608
333 76
125 950
604 515
175 391
800 361
568 666
994 802
723 522
866 168
591 374
76 24
80 582
352 670
62 767
956 547
844 728
965 947
764 46
230 68
808 645
639 331
436 408
986 729
203 946
370 230
376 854
381 117
886 85
748 897
753 406
688 262
239 642
519 907
249 32
511 206
550 966
546 424
330 666
187 51
338 120
792 569
236 253
353 559
229 243
240 570
522 653
681 624
395 158
532 235
165 957
32 457
328 388
314 920
600 577
150 928
375 28
142 121
555 218
545 798
332 186
709 546
368 862
304 490
402 436
179 291
625 301
472 886
589 829
374 641
200 477
523 681
474 774
529 668
477 599
460 139
562 856
675 151
659 423
180 644
331 755
581 980
107 352
464 877
231 331
103 493
144 206
209 324
315 45
779 236
50 818
931 653
577 86
65 796
596 625
958 332
702 517
729 749
693 598
736 580
829 516
748 388
50 875
833 803
26 186
52 464
386 732
741 500
176 364
447 966
977 100
310 964
716 240
257 358
758 30
967 773
943 897
198 852
365 566
114 990
415 662
220 1000
893 933
539 840
143 226
799 927
899 912
467 107
323 565
202 880
814 609
934 159
117 873
749 655
136 93
261 916
275 518
257 805
884 52
925 226
14 631
734 254
826 629
382 257
156 715
14 698
900 103
364 675
39 430
336 180
245 777
274 77
380 693
318 686
965 155
58 905
701 893
279 835
55 322
798 911
831 572
13 972
194 944
546 648
453 438
840 820
635 442
872 361
419 242
657 923
809 112
587 286
172 906
96 335
944 32
252 884
413 366
694 942
703 604
560 566
711 122
708 278
618 111
639 121
65 340
475 949
225 228
487 240
771 991
257 33
991 72
767 528
948 451
194 393
963 290
741 381
453 594
333 106
802 82
576 636
972 748
611 435
851 847
223 799
362 52
707 449
450 719
928 284
398 65
289 652
182 180
913 974
231 318
282 96
931 921
315 578
478 882
546 365
857 281
514 155
258 344
334 184
251 992
343 591
473 264
162 896
328 720
462 384
118 877
228 889
277 629
671 852
365 278
399 36
546 809
641 197
449 781
129 917
848 714
339 281
335 994
405 307
506 95
561 347
328 209
250 668
17 478
557 985
939 287
699 823
821 521
139 508
680 857
261 568
531 604
572 883
358 622
716 384
114 224
877 296
63 136
837 162
85 244
837 737
647 686
149 110
884 935
338 600
376 957
537 442
723 191
724 84
136 795
500 700
457 765
95 518
273 603
117 177
322 670
702 261
688 604
22 130
766 844
283 378
175 817
406 82
376 971
192 36
940 818
504 377
831 876
466 837
56 905
857 299
865 6
368 171
480 751
606 122
635 776
888 977
471 61
723 112
810 944
707 284
794 883
181 542
437 455
956 166
258 460
770 192
448 234
4 710
350 495
220 174
955 226
481 157
567 896
753 236
945 77
18 67
170 766
326 475
305 132
861 648
177 570
671 294
641 611
410 115
146 326
896 918
22 732
253 911
214 188
400 167
997 611
600 321
220 130
673 161
765 43
198 355
92 125
17 895
842 824
569 252
628 546
76 531
500 28
885 622
454 151
439 696
550 523
483 374
848 224
830 199
512 62
543 752
963 899
439 523
53 603
794 680
308 653
69 732
349 891
313 138
702 354
823 160
20 755
491 19
406 489
582 733
305 563
495 766
966 21
210 320
337 178
884 424
146 189
62 90
897 761
264 699
894 484
679 973
119 523
938 975
694 874
585 683
42 892
911 485
260 506
10 208
125 215
664 130
551 123
717 179
305 653
258 242
646 887
472 329
464 13
693 355
496 294
134 586
378 663
670 461
687 492
158 418
147 416
286 912
377 238
498 657
795 17
304 398
790 953
841 732
197 679
583 501
277 476
470 218
873 693
213 639
71 697
615 495
498 989
85 810
233 208
350 724
192 571
434 192
374 268
603 997
599 947
61 151
251 35
936 665
383 605
932 890
682 730
748 990
338 576
261 23
176 359
321 890
689 540
239 879
894 230
446 484
479 743
2 969
548 940
285 633
596 689
546 551
9 319
566 839
427 855
736 447
940 68
866 213
236 348
568 107
599 127
697 633
11 964
372 849
46 47
445 65
336 39
799 116
756 312
252 218
125 12
451 906
15 367
850 829
691 459
524 684
647 601
324 892
973 777
627 545
75 796
447 986
955 952
692 11
843 676
95 152
88 661
145 153
335 176
776 648
973 768
236 419
415 410
9 558
204 88
16 41
409 283
267 962
405 228
249 820
103 197
558 672
340 227
807 634
518 462
789 896
833 749
392 975
32 972
997 471
143 767
43 711
42 187
754 875
774 939
749 357
654 617
514 891
970 101
224 192
930 155
440 109
857 768
935 248
304 517
251 13
296 727
3 165
717 846
396 917
143 588
801 832
530 961
707 999
432 877
202 360
157 461
690 365
228 770
297 527
489 166
65 882
766 80
217 634
553 410
856 822
30 489
501 381
977 676
56 198
479 953
805 372
926 245
139 826
962 131
472 563
825 158
215 317
257 674
492 815
728 688
671 409
948 384
432 66
461 28
354 536
232 698
122 387
21 259
26 427
139 266
473 500
770 87
278 639
537 164
965 331
793 607
552 731
82 58
42 417
661 471
32 67
641 448
265 726
602 838
232 417
207 560
343 947
459 431
78 943
206 104
724 198
588 913
84 229
607 495
196 354
472 511
235 697
724 579
905 404
117 208
580 354
678 366
376 671
779 23
6 637
232 620
720 432
97 540
491 584
138 718
622 491
704 306
674 106
328 899
435 365
390 175
999 345
664 74
892 136
300 583
630 209
879 41
857 138
288 241
708 92
285 721
767 142
220 833
774 284
204 255
806 945
765 204
824 571
109 45
236 198
805 415
464 924
548 199
600 955
882 656
472 287
791 462
872 242
492 27
63 305
98 232
227 481
802 879
568 226
790 142
312 714
294 710
585 589
165 893
901 844
741 9
766 555
231 174
968 728
280 338
244 248
889 382
698 932
974 600
78 117
313 431
743 627
983 782
788 628
27 965
271 299
250 948
911 823
783 593
808 390
256 404
894 42
57 529
938 723
271 190
915 292
887 782
713 650
304 293
735 938
263 453
247 906
706 168
402 332
150 655
472 791
76 218
532 390
378 465
531 436
598 58
279 648
553 500
664 118
369 796
730 30
831 670
852 481
387 326
840 97
940 567
527 344
613 356
783 308
228 485
247 817
844 732
473 624
645 929
825 295
275 963
254 192
293 896
903 999
558 590
536 982
57 42
101 931
417 50
910 124
351 854
411 842
111 628
978 204
173 381
919 677
332 281
891 25
39 146
8 131
628 320
675 627
5 993
811 823
561 115
658 479
787 644
914 877
185 514
449 453
136 903
224 617
301 664
936 440
527 478
262 712
292 460
81 217
121 369
297 292
494 25
802 788
408 591
362 220
369 510
415 978
205 48
276 466
927 374
22 893
812 378
322 35
925 841
449 15
571 557
990 235
718 834
367 548
222 471
155 630
342 391
276 163
814 105
868 968
864 28
724 921
781 375
331 22
585 648
956 830
356 516
115 475
114 487
713 29
998 796
718 260
842 518
375 472
762 864
120 796
522 130
491 299
692 965
761 57
79 417
345 548
845 101
847 300
851 511
607 353
174 45
498 189
980 371
928 682
449 853
639 317
523 536
178 187
328 380
270 986
663 340
537 299
700 513
227 159
472 860
530 416
720 203
969 729
388 318
792 880
107 338
522 59
173 989
282 753
609 123
144 747
41 193
627 595
186 848
15 427
40 68
993 424
434 526
856 49
378 79
535 163
32 317
960 247
527 51
707 478
519 900
87 811
669 408
816 186
168 242
226 408
837 257
525 899
254 470
449 547
246 493
524 474
120 64
634 32
785 704
996 385
874 453
668 739
915 464
712 674
805 103
205 335
822 969
221 137
642 994
292 554
968 521
608 301
867 817
711 494
434 285
870 115
91 727
175 321
131 34
866 435
160 502
783 902
939 101
122 744
432 332
185 555
272 707
506 444
65 552
456 873
108 481
920 11
648 938
919 279
117 374
166 155
827 88
817 432
812 900
140 946
55 914
718 968
798 787
811 712
875 751
85 874
958 102
611 801
394 269
773 493
425 92
678 604
229 173
954 706
49 736
826 670
239 677
510 136
939 545
291 296
287 397
909 128
816 842
118 757
241 410
864 538
752 683
871 325
694 877
867 438
474 95
677 997
80 829
431 867
765 652
353 628
126 209
193 892
962 751
722 160
934 551
809 150
312 533
92 407
542 520
947 267
127 586
292 478
738 777
146 362
101 670
581 221
817 108
528 189
429 227
879 137
815 853
551 761
234 72
627 785
765 694
683 993
960 937
448 513
973 435
342 516
684 741
896 898
78 822
995 131
159 558
148 128
62 748
523 732
167 693
100 171
115 958
51 649
213 996
792 814
377 985
731 385
232 898
930 259
767 47
465 598
849 154
33 582
450 867
948 350
669 68
848 821
248 377
50 122
271 962
381 638
374 812
515 258
451 292
186 985
35 678
835 559
875 773
912 794
282 884
75 831
518 292
543 840
116 983
473 533
500 925
214 784
756 804
988 278
956 661
577 67
401 188
257 749
598 65
334 604
536 437
640 320
473 815
568 571
271 616
831 160
486 555
92 365
75 889
630 821
114 163
119 505
451 946
674 528
824 260
726 628
947 135
706 887
741 435
643 206
330 11
501 981
27 413
831 36
556 658
18 192
743 775
539 684
600 893
54 185
579 479
917 331
387 394
58 71
748 841
202 18
275 250
42 132
141 714
46 533
717 744
448 854
106 129
437 459
632 176
622 239
102 729
382 952
792 294
807 261
365 73
11 750
924 307
575 443
754 956
298 136
143 748
543 199
451 441
54 534
859 674
626 834
80 604
999 812
930 723
554 851
680 59
550 298
387 735
780 676
84 825
554 902
787 308
415 547
706 47
38 157
265 538
873 811
419 814
288 6
937 1000
923 624
997 310
868 799
914 518
288 982
490 595
655 502
200 496
970 683
551 170
676 889
826 889
660 705
238 960
947 942
477 254
561 61
836 228
260 932
47 911
60 514
316 424
80 616
461 658
829 550
578 923
665 601
654 351
539 444
105 226
541 108
350 813
676 569
165 99
823 761
468 908
543 47
890 57
22 468
556 640
483 485
899 699
340 942
461 516
157 188
571 452
513 1
188 741
429 716
936 28
133 823
384 3
746 285
219 893
241 131
764 491
602 822
770 615
446 638
24 16
346 258
406 829
780 964
919 373
308 302
14 543
101 733
370 893
932 165
529 150
672 685
428 299
954 756
736 74
367 963
949 682
267 365
522 903
833 118
608 15
592 984
781 987
816 187
836 314
854 245
28 466
196 824
798 120
796 476
715 131
662 501
677 852
104 686
117 104
334 429
381 473
746 649
534 593
773 426
789 969
359 551
834 834
28 486
649 746
640 800
148 961
228 378
249 364
64 92
840 985
355 107
432 292
866 345
322 482
109 696
533 300
248 35
356 830
561 454
125 472
557 7
924 93
672 36
535 795
76 615
251 914
609 208
319 520
999 817
639 356
368 632
740 785
417 272
378 918
594 289
434 100
876 305
145 943
706 227
241 456
163 447
662 450
984 330
436 941
985 968
663 808
197 103
682 337
945 374
204 449
800 629
617 396
948 295
597 511
988 477
438 629
70 477
602 739
703 619
6 74
689 630
552 781
188 63
160 372
9 773
587 129
26 892
848 633
150 40
47 684
276 164
957 400
101 56
45 275
935 66
316 176
999 100
220 109
574 775
876 578
40 902
957 244
993 342
64 818
881 532
246 472
738 672
304 58
815 160
417 675
487 904
792 775
594 297
954 974
227 279
63 379
727 584
268 275
597 250
337 465
334 691
628 1
487 231
510 859
797 462
124 211
576 980
617 599
643 141
562 681
426 232
90 398
549 875
614 981
605 968
572 52
421 598
72 752
203 619
975 99
654 97
24 971
57 150
647 416
105 408
68 654
92 761
619 68
243 688
845 548
194 392
503 100
381 564
442 92
45 619
163 42
786 825
187 698
427 351
266 194
965 107
175 669
553 842
916 253
337 166
256 278
947 499
700 561
710 990
586 975
741 632
370 455
315 639
135 722
590 293
458 404
230 405
805 157
776 532
843 89
382 613
126 293
89 272
561 659
930 811
496 8
501 600
260 75
455 921
371 257
89 306
807 23
165 399
94 367
601 894
98 448
418 29
417 903
251 543
320 122
582 819
452 382
634 478
329 910
374 522
79 408
109 958
961 531
362 112
160 436
581 72
671 705
815 807
72 469
706 920
808 413
469 502
646 178
95 831
601 936
337 679
963 94
545 128
168 608
596 264
36 154
372 755
460 205
658 338
715 238
366 860
456 965
413 45
254 596
242 237
5 401
560 330
103 893
94 312
509 206
508 503
274 361
269 710
888 564
366 103
954 116
782 291
226 482
566 559
132 419
843 351
531 520
354 106
99 731
163 246
894 12
457 870
338 555
513 945
979 134
305 581
613 821
219 291
749 404
801 317
121 857
75 141
4 247
215 32
767 658
801 979
837 219
828 636
909 118
447 852
125 467
707 412
732 962
508 950
649 139
246 285
275 932
218 352
81 36
273 362
835 72
928 638
912 987
796 465
417 251
824 832
14 154
757 164
264 267
658 363
222 366
124 593
868 789
263 39
248 80
69 979
783 797
175 895
65 980
562 486
208 810
571 596
702 757
663 334
447 816
852 779
524 502
612 65
82 996
539 106
595 610
246 992
307 707
742 735
534 366
350 450
376 3
721 937
773 106
960 577
666 344
915 684
515 931
445 987
391 401
85 930
809 756
698 139
16 560
774 917
929 280
871 109
931 926
250 654
483 2
673 14
290 405
6 649
684 309
384 505
409 811
510 270
105 220
809 387
36 6
55 49
921 363
165 840
632 490
237 395
616 980
849 691
901 205
534 247
653 28
444 995
506 316
133 894
605 907
60 864
409 811
777 516
781 760
762 482
454 265
707 816
557 82
793 50
68 537
243 440
343 215
666 223
729 426
683 650
492 993
883 859
925 560
2 244
383 348
979 35
287 705
787 190
752 82
136 995
504 80
516 659
275 504
650 959
110 774
456 931
246 622
269 355
58 492
741 244
894 746
395 428
538 315
782 796
787 493
463 356
208 404
682 720
567 725
715 58
129 808
995 904
483 674
235 32
263 737
336 833
82 537
839 284
295 558
403 994
540 867
454 895
91 891
172 680
405 519
742 377
250 631
181 354
883 300
52 731
675 5
843 341
851 112
242 155
326 180
235 921
493 420
740 531
283 351
363 442
571 958
866 931
617 237
533 840
726 621
17 218
184 129
656 711
97 528
482 985
687 347
270 792
956 176
49 113
895 638
734 918
683 153
16 128
358 664
284 698
588 261
217 192
357 61
876 895
388 649
231 719
346 812
139 135
307 358
830 720
719 801
174 637
187 186
375 608
281 145
1 344
949 580
765 810
978 873
713 158
821 307
187 924
719 215
651 487
825 232
555 56
531 471
515 133
133 103
152 172
714 496
429 507
586 674
261 858
815 524
783 611
626 534
603 96
206 548
485 998
782 724
256 521
323 866
156 489
632 761
578 547
129 117
951 226
569 910
632 583
548 792
110 839
564 937
458 964
656 691
962 63
121 338
219 444
767 624
978 166
396 680
678 621
983 831
360 549
644 89
527 930
377 107
125 808
300 557
517 879
667 107
345 455
84 780
991 848
519 970
196 334
969 955
732 515
714 815
320 141
81 588
153 465
182 22
364 264
24 938
343 890
753 917
3 192
974 489
906 686
451 16
971 776
727 348
43 972
212 597
206 673
986 444
975 990
523 441
308 727
530 360
982 739
640 593
479 601
463 408
325 301
883 458
566 821
414 657
172 968
811 825
963 897
829 740
480 465
249 387
309 331
208 375
42 332
42 959
190 91
824 986
631 501
352 879
190 571
302 651
6 336
833 499
478 342
916 291
949 777
350 238
894 454
52 502
620 37
117 959
728 612
855 639
464 22
840 753
922 749
799 602
154 675
508 43
280 383
614 112
150 510
35 792
464 320
581 999
140 76
243 424
556 662
29 55
258 529
317 134
483 80
610 286
783 441
358 696
304 172
122 28
410 408
33 130
826 927
219 624
977 443
243 539
315 817
810 121
466 613
429 967
769 838
573 678
782 323
46 819
127 174
778 831
313 376
214 524
197 125
918 642
836 753
924 376
516 660
799 767
35 26
346 779
315 374
57 563
135 400
220 660
965 628
677 745
700 549
204 830
896 769
765 516
676 319
776 823
848 159
194 119
3 985
378 756
530 352
567 158
777 216
512 819
673 390
587 338
739 223
306 23
724 28
914 520
714 380
270 192
102 986
261 346
594 865
823 200
997 981
669 948
741 707
234 16
52 324
36 609
317 86
807 433
49 148
580 356
726 104
94 147
783 198
326 48
897 970
192 233
709 12
765 160
10 274
146 90
773 375
920 295
347 827
445 810
182 924
348 1
743 355
384 935
731 394
855 864
184 300
981 165
761 509
86 985
897 476
528 770
613 494
735 404
69 990
939 955
308 689
632 167
285 390
724 461
497 414
607 404
822 16
598 589
194 849
463 422
969 34
804 600
827 250
274 680
674 349
921 323
554 93
913 302
969 928
451 213
201 250
709 778
436 205
202 56
688 951
562 136
283 667
918 780
8 217
231 835
450 842
543 724
385 95
39 358
363 850
43 103
444 367
819 603
369 652
635 400
794 279
878 599
990 183
958 630
692 821
295 852
870 332
637 852
208 431
155 22
362 498
269 858
162 77
264 695
62 836
721 643
241 913
507 715
195 158
301 821
750 494
827 684
270 612
483 989
304 686
539 487
583 610
810 560
235 234
132 142
211 861
730 858
628 406
609 428
330 25
233 379
534 514
481 787
473 400
113 69
129 219
1 145
737 850
328 479
413 8
879 303
231 295
919 309
732 157
176 417
314 679
491 750
965 171
979 889
792 882
471 844
778 702
483 428
489 344
169 168
91 110
561 203
402 171
456 308
736 111
336 564
92 712
332 663
443 601
943 382
866 634
254 492
219 352
995 504
63 614
427 371
603 796
530 674
190 376
29 822
161 291
977 787
399 109
155 37
935 482
759 234
824 159
836 539
829 696
375 740
938 876
880 647
390 171
274 516
384 30
239 173
238 497
659 743
996 549
879 146
354 272
946 612
586 657
347 331
160 342
297 314
155 40
286 446
531 346
578 33
34 182
668 567
840 73
934 55
666 408
338 612
252 506
87 421
95 256
57 402
403 675
568 600
473 180
87 566
818 746
56 265
212 271
886 797
943 444
27 85
682 222
347 412
588 33
368 69
552 13
528 873
623 622
988 711
212 296
706 464
381 641
461 219
782 201
603 310
466 345
688 999
876 456
938 178
194 244
804 236
948 911
462 447
60 191
797 262
718 82
15 412
753 545
842 944
95 805
821 372
970 56
271 630
103 270
590 126
847 75
475 33
300 630
317 254
825 934
995 143
589 396
638 106
649 586
309 688
295 74
451 669
654 634
726 82
708 982
1 360
659 543
829 614
111 474
764 4
206 716
182 672
449 21
343 289
651 130
112 203
319 464
620 243
127 982
607 731
130 610
82 103
685 438
378 97
214 748
386 298
132 944
326 443
947 974
418 363
519 163
329 745
591 824
442 948
100 548
992 384
226 97
962 933
622 634
234 339
928 148
57 88
171 339
459 86
291 357
63 382
886 445
570 73
326 929
708 833
766 789
99 891
483 547
447 544
573 779
574 236
830 296
24 678
298 163
445 129
408 276
230 683
792 46
114 148
533 787
194 761
653 312
975 834
342 529
98 752
747 368
708 884
592 514
287 259
130 762
749 678
19 763
319 794
916 816
1 434
707 30
892 486
696 661
732 766
802 770
155 495
296 905
709 346
69 817
598 913
923 24
897 267
403 241
411 58
115 450
639 435
369 987
474 110
240 300
314 743
352 159
75 60
11 974
322 495
213 846
85 534
108 844
786 474
793 830
104 477
348 189
35 87
367 681
364 394
36 166
800 92
40 46
64 622
324 704
281 403
698 703
396 443
757 502
609 841
748 346
911 169
520 48
263 597
732 297
899 914
477 274
800 575
937 945
707 478
77 534
764 878
521 422
628 776
815 286
156 416
85 534
329 303
175 123
227 143
360 713
165 134
594 953
290 990
836 64
877 276
979 984
937 768
637 499
323 556
170 796
357 217
411 761
532 775
960 822
197 939
868 971
699 405
60 842
308 874
856 537
893 784
689 815
338 352
92 517
10 929
813 177
899 763
824 163
986 992
467 98
974 402
664 807
486 665
490 357
263 731
142 894
986 121
196 402
638 184
654 596
666 925
145 653
837 77
209 733
762 788
929 678
30 452
411 884
492 736
837 994
627 105
326 127
678 297
207 897
268 550
884 712
713 393
741 222
829 688
248 693
452 345
218 907
829 744
566 26
134 795
997 26
705 203
599 922
864 206
296 764
798 11
902 538
329 837
818 966
594 556
109 662
631 968
845 367
740 439
841 521
45 673
505 340
631 811
873 361
728 561
679 12
91 559
779 208
832 113
695 276
452 217
751 717
21 849
267 492
193 434
739 817
304 252
538 64
910 143
157 451
597 730
982 960
147 993
916 485
64 964
405 785
555 870
927 332
861 764
276 258
454 127
788 291
974 834
911 407
111 456
411 201
89 432
466 9
262 547
200 358
544 720
84 276
887 525
877 674
71 608
607 951
849 886
773 247
801 77
849 120
864 437
690 938
195 509
805 566
332 491
848 981
776 363
43 5
32 620
632 840
787 166
868 637
844 353
502 915
512 755
751 267
171 352
3 758
427 919
311 119
85 66
27 897
711 694
467 76
870 636
480 389
593 575
76 459
966 366
342 993
51 765
122 993
631 359
685 149
978 975
472 468
850 16
234 651
519 168
947 138
418 20
270 505
825 89
655 106
38 807
614 800
42 586
874 217
372 428
329 528
22 109
879 190
17 52
453 410
815 131
252 382
754 726
338 68
500 84
668 345
558 754
501 121
93 588
94 635
425 261
15 774
952 176
300 708
579 160
227 806
431 973
21 80
791 672
579 423
80 58
52 952
13 328
372 667
796 793
742 327
352 530
150 391
72 546
144 454
593 290
589 863
415 512
535 49
42 820
610 305
14 625
454 320
795 848
690 78
655 42
420 846
80 413
630 348
207 545
995 709
17 899
130 838
264 914
482 880
81 560
607 146
735 986
859 311
592 372
408 154
158 63
669 359
601 821
912 540
91 318
772 528
805 715
395 610
224 699
957 13
86 325
537 307
817 765
194 176
460 762
734 160
9 936
140 811
43 937
172 791
214 665
108 279
43 130
559 292
224 45
696 665
63 282
88 307
358 402
492 168
519 547
203 519
361 628
655 457
295 146
145 622
510 202
738 875
421 879
983 618
872 942
844 131
622 801
509 130
901 225
961 625
721 295
72 583
348 461
142 329
147 336
592 176
365 200
343 307
922 596
819 558
529 40
417 483
434 288
72 921
669 449
216 426
387 542
388 633
788 641
242 75
688 666
297 597
378 285
706 343
897 951
778 472
769 569
606 106
771 888
304 983
640 108
746 995
363 327
992 644
479 961
699 584
606 266
531 422
365 967
20 832
764 121
60 182
618 418
12 695
968 713
526 620
469 656
446 837
402 428
979 752
671 868
664 591
422 230
894 346
589 343
653 165
306 250
658 906
547 826
571 26
499 379
545 224
796 366
389 231
785 123
702 22
594 628
698 376
254 463
707 297
68 397
844 46
603 985
820 324
11 387
698 115
131 5
266 420
477 933
750 537
926 429
73 749
394 927
1000 764
520 533
850 595
961 232
473 955
335 944
586 274
148 579
913 595
464 681
776 527
280 871
882 660
539 866
259 317
734 39
411 658
538 48
226 257
948 306
366 221
782 781
250 758
613 467
377 873
930 765
492 490
493 810
777 47
934 385
685 111
958 354
714 202
390 352
228 458
389 961
680 179
56 585
135 775
438 539
426 670
98 586
854 484
84 39
66 458
257 284
334 674
858 385
262 693
291 292
575 71
629 126
290 14
334 252
119 414
174 331
267 249
830 976
557 77
237 198
557 966
251 753
447 246
209 763
887 666
520 685
708 663
690 153
402 452
390 109
802 994
591 571
285 954
55 270
322 533
352 511
164 954
492 793
519 691
5 242
756 201
727 315
627 194
581 674
936 231
369 758
345 531
136 34
736 905
606 238
660 813
277 858
508 350
388 604
839 874
918 692
981 995
87 542
819 88
758 280
149 471
176 301
164 433
474 153
50 535
73 990
804 36
77 470
552 858
411 658
718 282
602 338
548 982
912 390
332 162
662 380
241 298
385 811
466 805
251 480
534 587
185 535
849 482
798 700
662 799
401 394
493 636
930 524
846 949
578 154
239 695
411 503
51 386
102 864
948 678
796 151
666 117
735 921
76 664
170 20
918 732
30 525
524 278
222 714
142 453
61 635
332 895
343 62
292 487
29 4
634 13
421 726
31 726
114 931
93 485
903 254
201 834
34 732
426 786
14 259
410 136
169 602
498 363
776 60
851 895
472 814
498 696
887 812
924 557
545 855
763 777
391 114
871 520
517 429
608 128
291 97
962 181
775 556
346 930
248 384
25 452
798 80
615 545
168 674
210 66
86 947
974 69
9 431
159 590
879 536
733 198
787 50
287 84
117 276
44 820
438 41
213 845
974 856
775 72
226 464
1000 789
624 200
640 816
348 622
170 316
656 247
26 358
384 295
513 350
732 273
247 954
81 928
992 771
570 167
563 947
163 382
439 39
879 878
694 634
450 992
183 819
681 184
430 128
480 896
175 866
292 794
403 178
291 989
114 237
449 540
354 540
141 588
686 671
939 749
99 604
338 730
119 530
616 12
218 186
157 268
450 760
534 56
753 271
467 360
434 563
843 241
781 379
926 289
470 390
188 244
836 196
948 615
73 657
495 363
150 678
478 949
921 241
256 315
257 934
385 993
449 150
816 36
499 686
344 815
695 675
378 141
148 349
968 310
246 257
412 605
9 676
186 825
813 596
860 795
970 801
877 495
366 404
496 663
421 615
362 148
904 550
557 878
833 388
534 62
245 393
65 146
371 642
11 209
221 353
113 687
901 431
151 827
730 583
379 896
250 245
700 857
50 119
909 936
180 875
766 544
856 441
981 825
838 506
896 693
954 889
78 457
385 81
167 533
260 719
794 944
251 817
990 397
492 263
914 763
268 993
696 244
732 858
751 755
495 355
465 60
924 659
653 71
15 165
102 581
85 387
363 54
872 802
384 578
463 709
652 542
969 158
109 538
939 643
569 785
993 742
94 680
682 359
869 466
871 797
810 523
204 11
847 676
424 528
714 94
834 962
804 731
109 411
235 689
949 108
994 264
234 841
839 39
724 302
286 314
128 249
668 30
259 23
71 296
939 555
260 227
190 300
112 984
141 255
523 779
105 341
882 283
682 63
972 746
652 806
64 558
914 487
429 896
599 704
921 371
243 140
54 143
450 389
154 998
940 123
870 542
696 743
921 897
754 973
982 529
471 506
499 344
919 410
899 31
914 109
423 325
414 394
808 130
712 597
872 437
704 373
386 67
346 561
167 201
194 69
339 468
600 879
647 854
84 839
496 468
300 606
895 622
92 430
682 830
941 442
508 701
425 295
401 330
854 52
740 492
769 6
660 530
861 415
700 473
684 527
690 358
28 876
259 925
406 750
821 537
51 454
669 925
584 105
457 658
964 783
592 570
504 904
849 37
950 913
914 625
172 387
867 439
243 374
34 171
507 324
351 597
58 936
794 286
685 713
780 733
758 402
44 971
678 812
491 427
740 253
146 166
335 563
626 101
497 404
267 33
108 744
314 544
385 809
389 624
255 657
113 121
721 565
710 270
132 169
848 29
743 92
82 991
979 53
14 90
981 46
680 149
409 600
964 731
401 1000
325 355
383 472
344 511
288 545
807 709
729 647
706 755
574 397
11 966
936 627
833 267
63 693
520 431
633 342
79 397
42 749
770 559
644 87
880 175
224 621
920 334
54 543
760 404
330 448
750 457
527 908
794 619
984 48
867 529
797 650
578 136
723 145
260 124
639 125
43 809
244 385
391 394
19 616
689 130
442 838
785 337
400 217
129 481
392 592
169 825
940 130
364 194
428 514
163 905
992 370
136 924
930 742
238 641
559 322
391 971
519 934
366 909
922 337
446 76
574 652
706 441
359 784
559 636
622 266
911 727
118 302
679 922
274 675
4 98
330 742
441 88
40 184
107 823
22 212
409 750
459 332
822 999
374 75
498 414
873 657
304 686
689 330
409 321
677 408
600 991
86 954
167 457
198 349
994 621
883 178
826 429
918 280
230 859
863 396
965 368
620 182
438 846
402 789
972 994
947 782
4 46
528 665
809 245
985 196
538 889
482 804
490 929
160 993
168 119
429 298
192 922
16 417
546 310
513 176
305 701
227 411
791 264
691 504
895 670
872 109
619 177
283 585
407 956
337 742
781 145
462 261
163 155
317 250
922 616
229 681
488 553
142 994
601 77
93 337
561 370
203 249
181 77
309 641
266 29
240 343
742 275
147 229
542 196
953 114
160 570
87 962
354 552
419 232
442 724
814 419
999 802
732 550
304 383
841 93
276 91
301 925
625 811
691 307
209 133
463 752
754 485
646 299
181 512
427 679
154 647
423 934
313 846
312 799
828 621
950 452
555 671
362 695
768 866
791 990
260 102
325 220
730 641
187 666
699 442
710 662
873 788
280 763
823 198
514 89
497 825
428 159
441 417
132 637
641 215
702 543
8 127
660 351
246 54
854 505
618 398
451 590
871 828
768 945
298 209
240 758
351 297
933 580
252 97
502 816
550 444
937 548
443 119
227 824
760 779
206 880
332 859
474 645
716 951
527 217
24 49
874 525
798 542
535 549
758 598
997 303
94 335
32 127
310 807
427 327
327 305
436 317
751 123
12 861
344 77
991 241
667 76
601 350
542 567
170 289
406 930
556 18
9 945
546 256
34 575
67 628
602 929
919 274
165 372
937 46
524 630
846 843
409 931
85 42
424 654
495 953
931 451
985 426
862 298
63 373
21 695
596 808
539 608
591 134
149 679
760 783
318 1
340 311
116 214
93 184
42 513
725 156
447 178
268 301
751 922
961 312
129 487
637 491
993 345
182 210
191 468
170 504
695 87
442 323
402 804
802 441
670 897
566 674
585 175
30 966
675 81
869 905
197 462
687 843
580 643
674 973
763 515
494 953
384 520
447 793
565 7
795 19
106 294
511 444
657 697
535 282
930 542
678 838
208 718
882 346
52 973
307 127
785 483
933 883
15 204
373 256
348 477
297 672
520 928
850 864
191 818
454 427
180 810
65 265
204 933
533 559
225 544
346 233
161 389
863 892
518 11
793 945
479 991
171 231
142 759
591 265
699 496
868 656
386 125
505 33
600 212
361 50
515 68
383 849
243 370
67 359
652 780
77 787
901 909
458 537
806 250
70 596
373 44
961 1
874 231
724 615
332 242
421 236
403 761
961 161
63 448
434 737
545 392
545 638
240 14
70 277
407 834
109 579
622 430
627 807
37 840
938 250
784 601
482 308
735 807
953 585
405 231
795 28
388 695
845 515
871 676
326 451
209 983
95 789
836 205
869 961
635 935
461 498
252 447
183 771
424 661
718 928
270 985
87 7
207 41
647 360
851 381
186 68
307 601
898 266
88 275
93 432
725 470
554 455
320 366
573 207
983 980
409 926
336 788
957 299
625 982
650 351
450 738
788 983
95 632
415 979
435 198
116 730
729 667
811 306
716 988
571 210
218 460
201 11
732 378
390 71
98 877
268 520
925 707
369 828
332 987
333 55
147 887
393 913
137 719
80 234
688 601
42 220
75 997
527 312
875 377
545 267
146 520
781 130
444 904
116 315
147 315
364 86
178 374
20 349
267 321
697 584
629 615
954 451
560 759
842 348
556 457
991 679
425 741
655 837
695 528
315 933
426 304
246 57
462 275
271 716
809 139
93 90
217 556
450 665
283 649
164 335
550 948
168 876
120 341
679 529
279 133
198 249
194 74
201 415
385 629
288 240
514 339
652 722
46 538
83 237
915 541
994 418
387 64
923 505
549 855
904 951
546 693
870 607
75 17
549 768
313 294
623 688
966 130
87 840
154 327
740 784
960 577
862 435
506 375
281 455
97 325
399 614
762 1
75 200
221 261
795 653
64 780
237 677
348 384
830 266
567 276
790 1
290 638
320 389
330 31
369 764
212 293
31 118
709 737
732 995
921 437
771 301
901 952
962 62
910 13
872 218
291 392
705 128
840 339
479 205
501 841
492 946
943 273
150 64
853 700
634 505
525 146
100 336
304 26
37 83
267 665
998 607
16 269
364 486
380 34
940 509
338 732
593 361
472 279
900 211
337 812
748 320
987 492
358 614
737 873
646 452
331 723
943 810
645 617
287 937
45 577
327 84
913 218
25 911
745 63
218 479
824 575
147 578
89 83
219 384
344 183
543 498
150 308
308 58
529 37
635 124
500 329
287 179
978 697
780 814
73 115
528 484
892 150
614 959
681 262
608 589
253 298
957 324
301 44
644 583
6 481
512 532
543 850
260 665
269 690
489 62
367 961
813 3
868 817
38 221
978 111
176 102
40 915
691 347
494 59
64 10
627 21
125 427
807 740
943 414
203 837
192 725
605 795
778 43
760 671
947 670
260 444
665 721
497 850
255 526
506 681
936 890
624 849
323 152
220 567
824 154
178 130
107 957
362 615
222 237
560 234
44 385
406 350
307 408
865 39
33 669
945 509
651 239
213 508
665 59
847 866
110 614
579 681
783 149
46 622
666 912
940 376
673 295
130 349
591 355
366 537
818 56
20 649
394 465
58 431
48 349
814 982
874 377
934 489
719 542
897 55
654 92
556 554
820 103
207 536
333 609
673 753
274 352
1 171
372 905
807 170
776 765
315 691
372 27
292 139
817 687
755 588
289 961
49 880
642 593
781 441
68 218
907 216
8 996
762 652
514 126
557 861
328 595
908 41
187 541
147 103
85 144
756 163
163 400
201 586
406 325
828 326
893 622
938 339
501 972
773 403
611 552
82 296
57 208
987 816
927 822
445 973
708 857
172 997
661 448
317 487
318 172
388 496
391 958
552 893
104 577
572 242
640 608
679 850
490 747
774 535
921 470
345 693
510 475
339 970
191 842
149 289
690 85
102 455
939 753
284 765
882 185
526 183
904 341
557 556
260 668
559 456
593 246
222 94
490 29
657 306
416 244
130 814
779 793
208 979
704 767
349 194
234 415
371 819
964 496
906 262
710 740
997 105
318 605
902 361
752 95
431 892
793 480
210 239
945 334
243 579
111 152
181 309
737 264
906 406
404 279
368 240
753 42
576 211
569 699
192 799
578 490
955 122
34 838
487 860
491 62
880 968
840 525
427 358
143 742
997 472
599 524
565 578
780 198
80 541
537 304
580 61
654 181
430 658
410 764
576 628
826 873
85 667
362 893
719 941
539 400
643 281
414 294
571 19
520 608
197 297
207 197
306 462
540 377
889 133
913 868
4 545
533 973
428 394
941 729
369 778
958 871
372 600
504 46
137 661
645 289
143 253
586 9
290 129
437 828
659 683
96 989
53 33
837 884
75 373
563 896
905 940
839 866
616 934
318 163
535 718
930 264
502 82
939 373
900 613
488 904
435 179
535 592
682 101
369 902
260 334
305 722
839 924
959 337
336 523
792 493
716 991
96 638
922 32
90 544
256 51
710 980
747 999
293 604
67 413
634 169
46 203
970 695
595 506
573 84
90 343
653 45
314 703
734 289
883 783
350 10
158 931
759 513
954 485
763 881
368 448
80 839
864 717
380 1000
349 422
274 452
39 410
653 754
480 664
77 179
2 287
592 883
622 397
930 966
479 486
824 439
193 576
258 911
212 44
919 980
494 456
829 328
943 403
569 484
46 568
532 812
421 999
407 740
649 944
232 419
884 122
381 991
830 819
896 394
649 856
692 908
332 279
647 448
91 811
433 259
292 929
380 770
653 576
948 84
685 654
240 961
24 177
362 408
87 250
596 911
639 865
131 286
456 453
544 557
673 323
604 104
251 449
76 879
275 947
158 579
91 29
707 526
123 778
718 27
684 365
131 326
406 982
923 708
603 888
207 942
411 896
627 898
633 880
949 347
229 773
702 354
284 390
561 293
933 718
961 343
93 244
152 119
542 89
245 534
491 81
37 507
391 229
909 217
599 400
735 388
757 225
572 928
54 481
601 587
342 62
324 12
931 854
249 243
239 872
600 746
290 951
233 165
303 753
811 102
61 999
809 532
698 438
247 285
715 94
35 674
71 375
831 922
100 517
350 801
521 452
981 26
919 4
244 139
898 867
253 984
612 95
492 619
259 819
231 802
722 444
712 737
670 428
297 818
186 671
328 906
709 988
403 749
977 630
853 197
992 12
946 991
58 150
671 31
714 977
822 318
586 100
120 664
524 28
27 443
219 877
695 444
257 74
443 452
514 807
253 956
768 596
322 180
425 821
715 466
630 328
337 833
197 214
690 728
82 950
885 701
449 815
602 153
918 876
397 598
793 397
812 806
12 763
143 766
951 579
328 163
479 184
587 44
426 362
191 976
158 475
221 889
338 284
610 313
581 995
120 347
830 152
1 150
803 160
886 197
94 250
157 443
261 200
705 805
897 936
567 464
401 851
718 534
568 206
150 746
428 767
493 20
553 642
237 537
821 173
594 546
221 848
954 401
112 465
550 903
378 983
937 401
524 598
6 788
34 83
831 590
477 800
883 631
642 857
807 761
346 920
96 580
988 438
416 445
464 572
536 583
389 137
525 698
606 204
278 803
80 76
668 293
343 205
219 127
921 607
408 925
723 26
179 763
963 740
111 63
349 615
104 487
434 684
732 651
790 428
285 588
497 697
550 613
241 528
684 609
270 354
375 445
662 851
721 488
161 290
246 520
168 890
181 718
161 729
830 565
54 231
732 150
63 577
5 320
453 887
255 647
945 914
685 282
172 259
90 305
352 816
974 391
79 271
255 4
739 32
34 55
741 845
882 122
769 702
736 29
858 299
163 200
955 457
258 243
630 849
680 465
751 861
782 564
147 524
72 74
14 472
665 49
723 238
24 831
288 710
855 901
400 124
665 692
522 38
349 377
474 190
672 373
23 90
335 472
269 995
165 279
51 283
218 555
776 882
237 301
274 826
348 407
391 618
41 708
319 600
158 810
745 122
508 903
46 823
473 90
867 690
561 436
899 47
830 822
204 216
322 716
368 394
68 563
207 612
362 759
467 904
758 520
316 221
652 318
149 428
139 242
271 426
74 751
516 237
508 713
679 186
407 189
354 878
354 929
56 371
189 53
68 598
629 723
658 567
592 578
180 697
222 761
103 986
312 434
384 213
205 869
705 470
875 295
304 861
108 146
746 431
641 959
444 450
426 713
538 440
607 340
364 773
945 558
589 124
140 781
893 150
977 241
618 253
599 2
435 49
178 397
685 296
327 772
825 115
910 100
94 391
233 419
443 921
244 89
784 862
678 86
421 114
591 93
586 223
778 207
945 264
53 179
578 510
646 252
965 603
249 803
61 477
31 559
843 757
929 123
344 729
605 807
559 823
384 465
610 267
101 269
788 683
93 762
727 48
559 552
63 504
786 519
703 722
585 433
738 785
678 739
220 221
858 791
347 814
403 478
56 315
47 708
826 602
601 500
805 160
978 287
999 67
969 255
187 422
502 176
450 861
115 793
502 802
396 887
41 511
569 795
358 493
353 973
141 972
754 57
781 364
374 697
637 660
191 867
979 72
415 316
585 960
505 221
573 743
436 566
344 690
441 928
242 434
547 671
796 795
367 871
221 845
12 22
289 234
484 451
142 674
979 310
897 180
984 504
185 982
986 764
946 14
756 94
342 41
180 874
534 725
665 464
527 131
643 359
19 399
983 952
805 266
643 309
121 735
95 433
386 29
845 809
982 269
354 428
584 188
61 583
85 307
279 900
697 877
812 571
803 113
769 857
230 321
574 161
745 962
790 113
129 829
301 494
573 589
786 306
498 714
253 957
392 669
482 785
565 85
86 611
833 921
329 199
442 815
37 339
169 549
431 422
124 830
435 770
981 463
941 649
211 266
917 852
79 826
954 577
26 953
58 430
285 791
256 321
369 763
248 313
241 303
248 323
452 983
351 286
527 802
650 224
378 157
164 516
290 380
246 739
344 650
575 372
783 274
550 879
4 847
750 950
329 921
649 317
794 978
640 848
907 568
618 575
561 507
899 198
545 585
318 280
847 616
278 709
168 812
154 73
401 553
344 271
481 684
147 222
892 237
991 730
570 375
188 558
615 635
49 1
884 282
76 591
463 794
831 410
494 659
116 648
985 570
85 534
425 526
965 397
323 689
811 828
946 961
649 110
996 135
103 262
564 735
989 768
184 330
153 138
267 264
126 963
245 626
822 618
641 967
432 514
800 998
533 500
613 644
392 406
992 797
269 707
519 488
244 523
602 406
725 181
437 123
813 82
36 881
426 867
57 417
516 558
794 331
381 572
433 168
218 239
492 454
546 530
902 276
663 881
909 175
746 828
478 156
916 222
741 534
794 554
586 403
128 56
680 826
834 724
416 95
103 175
446 906
727 83
849 653
174 873
361 757
977 222
236 99
113 69
650 987
77 878
50 268
285 848
364 121
933 98
553 871
126 97
639 689
859 645
177 593
418 612
46 312
433 507
81 343
420 698
578 446
220 199
27 549
178 550
885 593
437 304
587 298
544 194
223 611
15 192
684 657
371 288
189 199
691 219
596 401
566 418
709 784
423 574
539 366
640 627
579 890
898 341
408 830
252 972
415 679
290 628
388 989
720 104
772 819
815 55
277 369
382 623
58 681
677 754
60 190
911 86
150 628
198 370
655 740
323 942
29 174
805 481
984 388
258 105
916 772
124 943
372 463
110 16
707 248
999 651
276 615
334 712
134 390
399 14
416 187
164 464
179 880
936 48
151 312
416 349
806 162
267 201
577 554
931 614
871 639
892 338
629 655
965 368
363 802
661 825
995 989
896 443
111 13
386 17
787 727
571 971
993 829
379 79
572 100
599 440
295 740
957 350
702 839
965 230
37 222
865 52
912 8
511 862
371 364
579 466
467 330
202 187
92 117
621 56
181 675
578 134
89 408
978 151
599 423
902 250
724 443
451 797
903 765
640 945
637 391
733 709
519 97
966 221
17 873
176 700
516 744
204 576
198 3
834 598
568 943
519 461
752 833
114 934
616 668
91 764
119 356
85 217
951 195
927 146
351 914
21 580
601 355
220 31
398 388
893 777
913 359
433 670
121 423
575 959
219 173
777 472
392 956
902 159
755 842
252 274
438 560
387 191
212 444
242 234
66 397
548 939
546 214
899 302
824 823
113 831
561 696
554 229
632 927
702 326
603 908
285 67
757 867
532 190
270 66
599 537
872 132
215 721
667 941
582 251
523 71
961 670
472 932
150 505
311 205
565 278
151 386
779 695
854 627
733 623
981 398
419 69
625 666
101 765
388 92
554 263
412 944
678 756
234 2
699 854
501 533
292 663
39 620
358 709
336 903
64 308
235 969
845 269
198 343
671 566
573 35
294 162
817 258
81 834
573 610
980 603
642 321
779 130
51 74
590 902
179 961
85 685
598 424
54 121
294 939
412 852
767 98
386 778
596 28
777 343
435 116
943 160
470 15
873 486
492 331
146 680
960 103
915 352
392 534
469 690
448 37
605 512
728 120
360 25
972 544
96 579
746 696
645 710
553 800
751 931
112 97
338 461
781 65
931 375
383 186
851 815
798 191
786 361
201 902
613 358
1000 60
459 607
116 181
317 516
595 827
308 898
113 426
191 973
651 393
765 514
557 387
367 648
311 919
746 679
843 60
724 546
106 569
780 345
904 524
831 155
597 290
769 978
909 31
297 791
106 62
608 919
345 498
594 422
19 782
837 603
828 562
371 900
473 103
227 948
613 262
237 209
157 811
845 923
134 440
959 731
819 855
908 672
395 535
516 143
90 540
669 268
14 568
178 44
957 662
759 957
37 48
916 112
173 823
41 950
866 836
353 457
988 221
370 84
803 562
756 134
219 456
871 202
704 749
874 914
174 677
361 382
111 965
735 608
443 422
885 434
171 757
65 178
719 416
258 324
417 835
578 256
241 299
102 630
953 507
899 991
644 926
41 622
291 140
124 447
65 280
392 679
792 89
549 645
874 664
323 791
765 193
656 223
513 574
40 703
963 752
260 66
415 615
830 542
945 588
227 463
965 501
138 686
225 609
437 690
991 924
110 813
591 61
68 986
68 287
389 501
221 357
445 244
135 457
16 164
425 982
293 568
673 692
725 846
877 981
2 153
365 894
186 110
87 287
998 345
930 647
878 264
895 242
280 636
588 132
216 211
300 42
514 680
316 735
238 783
142 916
924 491
659 540
144 635
661 303
575 413
259 901
259 697
833 982
762 738
319 127
230 792
584 680
417 801
550 708
864 513
163 88
754 168
139 799
832 963
473 429
566 77
816 267
539 663
635 274
534 518
774 596
953 253
510 855
243 242
702 963
969 749
461 447
988 726
132 111
657 134
828 336
380 538
655 695
518 723
581 631
874 561
931 729
538 97
527 953
335 860
94 590
249 362
842 602
459 487
798 883
747 117
548 818
833 306
434 178
790 828
703 987
6 226
132 455
161 220
529 172
214 822
717 412
657 457
27 49
711 618
665 565
559 807
370 17
380 439
175 372
432 394
713 630
491 953
555 438
485 519
629 137
40 72
859 756
937 224
720 868
392 64
557 35
37 28
551 734
118 73
432 741
551 765
540 202
65 191
974 78
502 745
156 288
844 634
873 151
88 393
841 26
556 311
898 214
916 533
722 352
318 118
891 716
809 446
558 462
639 467
463 278
925 882
653 953
602 613
477 933
366 780
991 845
670 162
713 990
189 233
802 377
125 800
538 467
590 636
129 825
230 389
461 679
562 75
111 579
163 352
456 638
357 199
520 995
604 262
856 755
640 272
393 199
322 654
492 896
375 231
59 756
261 341
239 425
404 163
508 735
15 44
730 305
363 860
462 573
103 501
16 636
540 419
310 564
638 529
401 948
596 752
142 143
333 20
903 860
308 378
731 341
821 959
748 712
248 131
63 491
318 382
946 499
257 137
585 334
905 48
49 998
476 182
848 225
918 666
388 136
313 416
420 205
886 843
556 137
365 610
789 780
809 881
764 478
112 354
929 725
130 683
516 928
800 969
99 364
895 829
230 605
788 902
431 487
386 592
804 597
857 59
87 130
546 127
656 910
217 390
808 843
962 146
250 656
839 186
102 502
784 375
29 354
892 619
300 466
672 572
970 76
662 630
316 43
599 719
172 402
475 494
133 910
920 534
995 536
658 368
672 240
514 711
985 744
738 48
547 776
504 769
368 829
201 473
590 912
216 873
162 532
47 609
265 504
469 182
399 190
808 211
915 530
653 325
131 103
534 596
908 471
747 174
141 618
692 366
700 785
822 582
841 146
884 608
778 319
944 507
870 746
402 339
614 212
944 714
97 263
975 831
799 888
209 860
32 169
375 12
190 525
944 148
720 830
195 290
465 172
90 235
952 534
344 73
769 710
468 221
580 560
782 785
620 555
337 210
851 947
281 348
516 118
288 654
449 134
444 383
334 998
522 641
254 921
489 660
596 567
784 735
108 529
698 883
988 815
684 152
5 920
931 932
886 434
427 25
971 346
422 311
610 855
802 306
982 242
22 509
991 984
789 918
346 979
260 780
197 438
513 159
502 792
869 791
188 466
883 735
830 564
641 123
427 149
359 360
410 570
150 491
370 977
787 284
716 222
491 988
64 238
961 14
414 538
198 338
295 790
512 31
170 315
174 634
210 177
267 242
408 481
338 870
62 218
257 353
780 538
976 788
782 224
35 45
645 335
510 991
525 406
882 242
967 862
581 748
528 819
6 936
450 287
73 374
609 731
319 259
696 479
555 547
597 684
688 196
699 631
423 21
415 129
895 6
493 510
981 138
931 611
231 506
302 803
868 124
540 659
967 148
154 796
323 865
135 97
976 116
680 74
878 396
717 665
170 510
156 763
751 563
725 440
935 561
638 582
26 703
832 267
366 707
977 746
704 39
307 297
666 836
221 888
774 317
632 68
425 711
197 628
291 783
357 316
822 485
121 145
109 855
675 171
95 473
53 626
76 756
400 698
95 164
624 425
564 839
574 283
789 187
150 387
256 719
259 829
699 740
855 49
930 253
943 107
64 757
870 161
140 632
992 605
542 453
722 148
963 482
409 374
797 521
152 518
862 217
614 764
782 872
168 57
867 32
26 699
665 183
979 586
859 516
570 210
464 134
412 650
473 463
752 988
625 609
476 774
582 288
752 185
232 432
596 432
784 720
462 922
395 688
534 404
215 342
374 289
884 415
260 867
622 925
898 431
859 428
920 107
912 401
752 579
777 285
899 709
872 774
74 642
390 750
287 86
216 585
556 737
307 353
828 399
195 636
593 589
721 961
886 509
835 422
910 788
624 142
741 857
276 345
62 537
961 164
284 609
127 570
252 340
341 11
578 118
768 365
564 7
307 272
605 708
432 446
202 770
550 955
850 652
236 281
145 944
292 263
710 917
4 323
582 232
1 765
272 167
404 502
755 45
194 506
676 631
270 194
357 838
810 292
786 302
175 822
493 319
513 697
45 226
926 563
346 670
943 840
269 891
496 674
558 486
757 582
765 15
638 848
13 960
229 730
477 823
149 905
721 237
85 425
137 720
997 170
329 29
1 467
529 138
923 662
813 932
318 732
831 260
456 754
563 151
111 692
148 894
399 393
429 859
419 183
363 854
347 721
225 575
876 422
76 492
590 644
112 637
138 964
506 342
827 952
79 389
327 842
853 5
725 847
897 2
793 556
769 53
589 951
19 386
683 866
765 809
425 27
959 442
283 903
182 669
647 408
618 160
229 229
786 610
950 754
622 64
663 903
165 245
438 61
840 200
404 661
54 144
147 611
842 843
529 412
619 152
374 20
450 913
739 908
665 902
923 994
850 333
126 896
493 326
556 641
798 103
735 57
999 827
964 661
465 920
60 204
409 208
717 844
529 680
718 479
580 576
747 911
742 219
382 520
763 464
935 981
759 71
709 310
718 920
413 600
749 872
930 534
744 989
879 630
557 309
441 623
217 66
87 778
210 713
110 534
45 562
288 296
961 666
534 987
164 224
750 13
292 789
838 970
112 383
385 828
152 376
281 563
562 538
327 26
79 230
559 778
549 262
887 731
166 335
57 736
889 42
790 714
448 109
654 88
137 550
486 46
913 200
329 603
966 897
178 551
155 771
920 173
778 938
27 125
349 413
303 213
277 648
838 913
247 161
123 849
740 850
756 818
192 62
7 56
613 319
841 410
1000 688
794 110
604 471
261 478
166 285
399 691
545 584
758 746
939 89
396 684
207 914
491 378
716 58
915 80
983 716
307 50
316 220
652 133
195 244
932 719
489 295
882 449
507 596
669 275
754 692
801 409
892 111
316 349
503 940
294 614
692 968
824 687
561 961
607 26
87 75
873 471
174 834
231 847
45 234
947 30
606 660
772 81
977 777
575 588
248 275
328 671
188 690
434 858
870 157
947 654
648 122
244 518
525 184
263 22
637 250
529 162
622 495
915 835
248 520
171 342
95 57
768 277
215 307
431 634
131 873
831 424
310 674
692 340
294 975
737 189
597 366
607 824
914 358
710 119
87 683
33 555
172 92
79 71
653 139
903 711
680 829
364 57
873 363
889 114
217 264
55 108
68 340
628 791
41 993
350 694
408 348
576 99
56 613
829 469
678 82
195 945
532 97
985 815
433 485
300 639
710 155
718 84
793 670
601 535
13 567
826 327
794 97
777 7
537 900
296 664
834 232
675 425
689 101
79 44
223 376
877 716
941 640
944 36
350 50
21 689
821 298
380 634
589 483
868 542
624 889
331 463
962 420
502 630
134 152
437 632
769 107
363 999
758 367
821 588
378 217
945 115
138 288
817 543
505 330
104 824
5 403
492 915
268 752
860 737
764 683
420 241
968 719
63 378
226 799
308 748
117 642
917 71
386 66
659 759
86 429
534 206
889 851
444 682
562 66
423 849
225 478
404 617
245 524
1000 669
623 289
78 301
175 231
504 741
902 440
762 529
476 78
693 967
626 762
26 438
178 403
652 998
846 209
564 584
694 34
991 78
679 541
139 574
688 230
834 4
542 410
462 950
883 307
677 779
90 550
487 166
358 610
574 144
707 132
20 204
405 569
644 47
872 683
674 976
160 552
292 132
306 23
893 893
115 653
840 547
63 215
946 931
868 737
163 408
33 390
534 159
137 112
54 640
596 123
507 458
695 381
750 397
483 753
674 542
812 620
556 566
315 647
932 340
846 566
491 909
102 248
271 137
177 225
878 151
226 692
872 284
462 869
407 696
735 654
523 625
446 752
225 828
597 620
612 777
27 154
351 87
803 322
42 672
183 130
259 270
585 112
406 726
691 207
720 852
248 439
569 719
322 256
504 486
572 495
563 475
675 293
95 919
545 884
525 78
874 92
134 380
483 381
856 441
751 21
632 385
652 636
115 871
342 686
376 387
658 752
769 209
958 743
330 4
719 22
112 978
802 342
230 794
175 227
675 324
75 741
648 280
797 660
569 513
243 488
779 75
718 991
853 763
340 768
921 102
860 711
532 309
887 386
532 751
365 892
426 119
925 232
296 376
210 817
517 86
594 151
974 487
296 700
79 537
117 135
291 974
258 817
457 550
113 694
511 419
741 807
307 579
631 630
127 745
170 993
181 877
794 666
715 253
688 718
353 476
953 117
353 2
648 786
662 725
296 476
736 894
439 987
462 303
655 574
950 387
639 733
425 182
74 227
314 703
406 238
520 531
576 186
578 501
750 955
99 938
84 442
727 969
43 569
140 667
527 906
596 695
560 397
290 610
36 296
803 93
642 108
535 271
546 318
695 244
732 780
130 838
262 576
331 827
889 577
765 128
838 736
690 292
557 1000
687 616
575 843
309 70
805 992
988 38
23 529
688 401
442 300
984 384
372 528
653 653
226 619
400 684
548 449
111 963
6 680
938 896
186 34
912 746
285 210
183 722
232 266
332 371
480 212
72 312
95 520
284 718
52 958
750 114
913 93
764 883
731 923
1000 762
967 309
21 161
155 433
993 523
995 482
196 179
126 797
672 207
176 210
913 294
816 676
694 807
93 524
344 460
468 570
11 535
77 614
532 284
704 455
2 952
506 402
567 543
412 757
472 428
957 292
179 813
647 507
217 397
240 565
804 494
242 349
211 382
276 91
364 474
970 954
665 833
483 983
62 650
50 844
337 879
616 430
283 868
655 540
247 363
946 545
120 250
987 108
783 712
156 926
230 91
907 427
79 534
248 388
784 305
968 468
467 313
159 258
680 746
706 519
815 730
795 761
59 151
624 814
784 316
910 501
633 888
217 794
515 967
255 816
630 782
543 156
773 489
196 447
388 431
806 236
897 64
275 779
878 782
753 21
678 994
24 473
798 8
750 558
350 125
490 434
520 48
901 19
272 15
630 868
908 299
949 138
342 247
170 367
392 957
727 703
800 90
123 465
740 595
641 576
671 776
536 683
629 463
84 594
155 508
501 434
770 191
110 794
406 703
864 103
674 886
576 885
430 797
127 375
804 186
937 129
135 998
577 435
693 316
114 465
23 663
912 489
294 107
713 892
216 703
574 993
819 937
550 15
954 314
557 65
518 243
440 311
878 721
861 602
401 358
233 871
811 256
801 417
55 741
861 240
77 759
114 318
948 708
880 124
697 921
299 904
737 929
93 106
371 344
772 600
305 501
127 942
936 303
935 337
654 951
412 462
700 231
134 326
205 961
477 902
862 211
3 996
341 561
896 852
31 420
454 276
676 354
470 620
918 437
682 571
251 520
669 373
670 24
576 305
525 615
471 851
518 319
987 181
468 157
457 771
145 203
955 287
43 915
613 274
916 833
242 245
725 697
152 839
979 352
290 975
565 519
973 132
452 925
333 571
275 892
672 209
642 336
619 257
30 651
124 320
267 676
648 688
748 120
830 914
26 978
651 327
308 752
543 489
782 790
24 477
485 175
349 92
625 464
622 778
444 183
323 598
178 996
762 963
553 128
117 703
84 203
402 858
995 250
189 321
572 681
571 484
768 500
817 237
839 85
276 714
421 833
442 68
34 140
49 408
324 750
182 734
368 413
121 801
889 949
903 614
759 750
624 144
124 133
546 347
667 702
422 896
122 848
929 505
90 993
806 93
108 644
641 582
199 535
215 353
279 410
357 6
687 621
126 49
578 730
993 712
134 899
266 429
963 405
984 342
779 453
391 292
370 465
791 249
304 42
156 221
708 656
975 954
107 767
621 455
642 106
599 506
672 805
850 153
383 838
951 363
405 799
533 83
206 493
910 853
820 717
784 380
513 104
861 802
876 203
253 961
387 309
250 490
888 859
276 876
615 182
462 8
679 319
25 747
895 241
496 99
58 424
771 5
54 169
335 550
329 26
462 296
374 779
284 848
495 813
18 910
146 162
294 765
721 846
258 299
813 844
259 579
899 35
621 545
946 355
934 245
371 339
592 532
490 117
251 812
380 964
378 71
721 900
973 545
293 59
687 29
289 902
593 236
471 503
134 416
366 934
640 129
82 326
748 173
576 153
689 805
72 919
958 910
412 979
476 845
560 414
138 959
979 176
872 136
469 859
783 306
977 35
191 720
717 483
168 459
567 882
45 69
739 62
493 948
10 143
996 49
565 911
498 82
562 889
690 997
534 376
798 102
236 17
465 499
404 851
157 437
352 685
286 962
724 625
15 745
100 833
171 661
753 863
487 662
207 657
86 588
177 708
780 734
86 632
632 226
913 13
620 821
915 948
294 501
475 385
692 829
57 648
91 769
519 429
425 699
105 560
316 333
87 985
394 328
568 97
2 852
185 401
291 129
191 678
932 750
385 894
220 695
513 116
363 884
821 10
232 392
777 303
84 544
823 951
438 53
906 787
873 915
39 688
972 314
444 580
280 964
950 782
431 113
590 229
506 568
331 853
356 751
694 589
846 116
354 124
474 509
187 6
292 301
928 161
597 600
428 285
866 217
377 227
453 585
270 140
258 803
363 982
917 750
657 515
970 67
824 106
733 335
683 754
683 787
23 884
632 482
452 121
202 235
443 716
14 120
721 393
802 158
98 501
27 566
722 336
808 531
712 273
206 141
764 424
757 269
58 698
907 890
87 576
944 563
403 49
442 926
672 530
842 89
131 59
702 183
432 540
160 533
442 311
255 37
51 639
908 994
481 58
88 22
387 67
804 401
82 803
130 19
875 721
458 403
459 615
790 784
428 239
810 448
848 222
839 872
891 416
743 100
845 428
670 583
736 705
639 836
784 401
68 846
105 597
18 798
493 906
668 827
301 10
991 6
631 317
750 998
490 466
550 537
110 121
749 13
7 763
55 6
380 43
849 360
930 183
802 784
743 746
382 966
972 124
149 53
138 685
76 734
240 661
906 218
411 919
485 487
864 975
573 701
454 474
362 553
640 965
842 66
665 265
742 130
848 477
181 95
655 261
41 674
630 337
993 567
757 529
406 151
994 703
698 370
695 749
861 81
80 361
314 164
356 135
922 983
362 198
432 218
806 989
933 376
636 991
52 968
563 356
568 187
110 307
684 509
735 4
668 176
893 947
683 485
552 570
932 692
506 574
765 630
928 661
104 905
489 278
467 84
886 658
163 748
411 769
701 38
309 920
238 733
205 994
323 23
628 100
379 395
759 53
187 893
461 78
42 61
982 86
375 541
422 770
215 722
426 3
132 925
330 720
786 458
168 934
596 192
369 332
702 498
625 548
228 222
252 887
299 148
930 160
358 241
810 36
813 501
170 152
576 97
350 172
898 485
727 663
308 225
966 115
407 610
634 362
559 184
557 512
492 206
870 243
682 513
26 113
411 444
452 753
851 763
560 357
293 759
618 470
717 242
252 680
597 147
639 799
603 932
274 458
835 242
433 239
129 37
992 736
762 952
568 501
988 555
560 202
451 656
528 106
829 714
698 267
208 421
683 252
770 274
705 4
145 537
972 677
397 844
265 185
219 394
141 324
467 457
359 875
220 823
10 715
334 539
417 428
776 87
132 343
379 137
794 511
71 875
399 620
933 856
48 285
500 335
516 543
984 805
837 624
48 646
799 137
367 659
465 260
901 3
378 395
502 35
126 113
323 240
113 452
96 111
178 171
855 154
364 172
451 822
49 778
447 11
496 677
583 139
1 938
551 223
302 349
123 134
460 796
215 888
74 558
1000 234
906 291
435 194
78 390
996 317
692 440
761 775
652 263
16 235
362 951
990 844
112 615
978 419
429 783
658 810
731 481
204 505
886 870
151 766
609 66
427 522
333 259
702 66
380 285
753 483
755 26
82 466
503 296
20 66
841 451
628 503
324 461
716 787
414 979
589 223
166 2
536 485
485 729
47 211
48 65
490 75
797 275
60 656
427 888
111 531
607 111
700 663
117 362
528 602
427 466
324 117
980 693
100 142
532 588
402 348
815 82
979 90
511 50
450 720
398 584
636 462
816 227
284 794
396 281
312 52
37 492
836 736
76 27
805 780
497 956
208 275
330 745
884 425
330 320
382 696
949 271
659 322
963 272
851 64
476 9
492 362
459 527
437 176
966 589
92 345
813 959
274 833
568 692
317 864
790 828
814 665
339 998
693 232
953 28
9 216
691 195
404 644
854 822
735 196
721 426
82 363
87 503
702 366
226 421
143 847
370 326
540 139
686 507
232 896
26 826
894 660
866 485
905 594
253 470
938 598
670 210
877 715
31 876
198 186
791 428
136 398
190 719
718 670
526 936
990 906
133 839
778 610
920 921
761 331
329 577
390 148
164 78
31 936
535 604
833 572
312 64
361 124
11 614
38 777
28 884
126 206
866 253
998 715
725 239
957 25
930 94
195 887
580 325
311 916
125 529
438 846
789 681
491 58
233 3
91 717
544 880
15 627
690 563
720 430
715 102
230 498
543 749
593 54
317 943
700 661
969 571
519 526
549 255
252 584
664 654
228 250
753 379
715 355
709 345
945 877
112 334
226 695
528 351
889 163
800 853
632 764
644 192
875 941
944 995
518 438
750 112
475 640
824 997
801 692
738 720
273 750
860 223
811 680
959 715
985 460
245 902
754 9
134 170
370 83
815 732
679 708
118 769
615 119
484 815
993 63
930 583
137 179
464 217
600 332
705 274
851 698
587 866
930 460
62 56
4 215
794 762
505 905
494 791
568 423
718 304
299 243
845 910
799 562
683 925
888 493
657 234
821 829
323 449
240 373
924 483
305 875
304 309
819 127
550 428
550 23
766 632
871 898
218 990
357 499
838 187
421 513
732 581
297 845
508 284
444 51
162 393
937 29
258 526
588 52
600 703
145 664
659 431
613 42
425 422
274 400
969 465
694 705
101 378
509 473
151 930
54 223
853 741
628 222
360 492
534 785
57 720
770 522
453 190
109 348
715 46
541 871
443 689
115 429
266 538
291 643
819 876
30 969
184 860
706 894
337 448
824 782
283 128
903 581
229 396
927 536
512 855
288 258
581 946
612 700
139 444
74 321
873 72
12 721
281 560
564 292
709 97
306 82
510 118
393 256
91 930
83 750
111 80
938 943
566 21
489 656
41 96
818 212
392 97
161 31
912 264
424 402
717 303
812 615
914 195
384 773
630 366
41 718
753 265
51 975
767 393
106 15
700 271
387 220
17 756
779 570
718 404
879 406
697 626
926 963
774 941
389 786
535 674
786 55
781 266
483 209
648 166
735 386
483 56
940 289
180 251
691 900
283 261
354 529
168 19
377 759
10 950
750 456
213 822
444 498
716 252
690 239
392 908
96 497
167 851
239 330
800 709
634 931
62 890
567 731
515 897
643 59
719 662
645 983
329 400
897 135
949 934
192 855
511 884
893 964
631 600
108 760
822 722
862 928
920 659
608 172
842 837
653 734
405 291
81 767
643 930
935 406
281 337
645 122
471 517
279 450
700 560
505 731
749 43
9 275
824 481
164 819
43 877
551 82
443 367
897 175
866 396
640 175
688 796
1 376
829 159
156 813
606 530
687 899
38 583
762 11
455 347
450 306
273 451
930 213
618 729
767 384
271 708
235 353
17 655
44 617
636 91
574 491
916 390
974 888
8 486
952 993
364 793
356 839
474 687
596 896
353 762
730 771
153 404
159 277
525 642
159 420
193 520
331 45
678 797
591 825
700 520
397 734
744 131
529 59
615 639
575 251
249 161
890 677
297 19
374 867
339 726
328 795
599 118
677 155
278 718
288 344
410 150
360 328
963 290
217 109
919 525
873 749
9 934
415 25
814 250
983 931
764 186
600 252
508 182
842 84
505 434
418 43
761 303
89 759
492 437
804 639
403 793
412 752
282 634
608 630
537 416
842 93
743 150
624 344
528 239
740 290
98 535
702 795
866 300
280 901
980 821
202 799
338 745
95 738
356 355
304 115
625 605
487 937
397 523
111 55
596 441
266 275
126 391
386 672
860 388
845 672
482 769
691 943
789 455
810 772
622 276
468 73
959 529
206 326
950 984
372 872
136 941
996 432
608 450
856 553
672 511
144 954
695 385
615 693
75 82
357 342
417 114
133 600
979 597
431 781
33 61
89 557
131 514
25 41
662 702
559 751
717 541
753 905
186 85
918 946
541 19
287 984
716 135
163 992
380 376
882 710
455 59
701 836
822 864
827 733
120 453
543 83
740 279
232 110
468 830
145 261
91 353
370 658
136 914
254 353
651 131
960 569
895 129
319 174
704 927
161 494
151 550
919 867
436 452
53 736
156 659
134 8
348 796
285 907
700 339
471 986
767 589
743 5
442 431
817 539
834 264
467 426
867 922
633 927
367 717
209 609
811 388
862 521
728 292
465 932
73 843
172 932
265 334
64 252
823 437
970 171
988 130
402 290
251 272
764 57
274 656
602 135
865 146
834 873
209 178
556 749
327 169
87 271
936 182
204 892
943 468
82 741
37 246
300 430
928 616
920 552
231 551
122 611
389 140
688 408
485 485
119 262
405 373
238 515
597 878
657 166
809 315
57 194
805 954
18 542
465 514
77 443
566 842
871 149
96 354
898 670
44 942
234 263
427 288
787 448
87 325
601 898
374 155
935 979
677 832
556 977
767 375
276 267
630 663
635 821
409 85
231 474
167 667
430 895
922 825
188 357
272 355
962 31
694 938
517 277
61 80
435 441
682 614
923 528
568 312
716 978
89 172
822 373
621 14
145 655
290 208
267 500
805 496
886 167
768 163
505 243
388 128
621 988
697 960
723 1
244 781
564 630
535 303
641 656
503 191
572 927
571 670
911 635
64 973
660 952
469 635
132 300
347 570
996 563
708 219
516 432
849 220
378 903
860 175
487 345
861 404
888 447
747 825
840 259
521 634
860 227
540 476
999 839
418 158
726 462
717 977
671 835
599 247
38 278
280 795
992 736
838 255
180 839
909 764
606 371
135 789
741 880
206 117
536 525
104 106
125 100
665 898
690 427
199 637
944 123
650 251
156 95
299 272
519 310
551 420
897 477
355 216
9 223
490 998
777 990
397 792
488 15
139 188
375 464
377 327
640 157
235 407
507 652
899 445
195 494
345 43
161 511
957 546
583 919
897 176
48 138
618 752
862 629
592 601
892 402
420 716
654 454
242 208
941 217
87 928
943 301
836 656
750 218
972 644
367 218
35 482
47 537
575 520
673 951
659 201
475 201
873 364
498 740
216 373
954 724
30 264
715 604
208 596
312 310
456 532
714 254
151 292
300 866
331 722
400 109
378 362
723 324
535 759
364 328
108 703
106 453
225 998
679 91
52 277
95 235
722 701
422 820
437 294
401 934
47 213
899 118
893 6
763 740
767 854
428 650
47 540
558 350
192 297
451 801
905 893
412 945
874 492
508 523
190 257
77 125
834 546
546 116
293 364
861 617
649 456
546 794
801 774
532 166
170 25
631 200
871 716
709 359
39 251
204 93
882 725
584 255
597 663
397 53
770 981
112 395
588 141
95 663
777 373
621 852
728 510
731 566
997 24
963 438
370 481
727 912
857 552
546 180
31 439
724 842
227 176
908 250
480 342
825 50
791 847
482 865
921 937
551 68
971 715
519 574
275 846
203 182
633 140
187 723
90 439
783 907
673 349
777 861
14 722
778 867
532 254
833 397
598 489
803 994
658 461
319 199
185 707
514 757
141 200
259 446
747 697
511 864
987 212
311 877
902 337
672 914
864 962
300 911
630 975
879 983
26 708
837 481
860 351
218 613
643 293
418 411
772 100
826 912
762 254
702 219
343 708
909 39
58 881
34 305
146 201
460 565
218 522
448 555
245 994
629 312
115 449
848 419
421 768
329 141
694 42
670 4
634 746
175 50
491 773
18 513
834 833
136 618
251 207
591 295
612 781
969 533
175 318
869 774
509 982
373 221
886 689
608 395
255 827
536 34
483 638
374 976
869 767
949 143
316 913
4 611
24 551
448 611
540 92
866 515
109 717
756 481
618 849
666 751
549 488
575 272
225 322
517 566
451 289
689 260
14 106
558 616
34 304
257 235
645 505
285 651
316 341
192 601
276 260
901 703
44 192
556 860
317 219
695 963
341 385
598 208
48 489
189 693
449 968
500 677
255 839
712 231
251 223
680 612
417 434
898 620
365 867
727 782
768 32
524 815
251 735
362 349
299 919
433 428
406 168
33 865
85 686
257 269
826 818
899 436
12 961
607 606
624 65
784 374
458 242
684 969
757 177
887 625
55 723
890 443
760 687
160 310
485 484
170 749
672 350
211 343
362 211
814 501
956 803
871 859
442 943
455 850
153 713
524 405
243 77
760 331
696 774
633 949
679 915
761 929
750 668
727 726
22 400
134 648
290 256
116 582
417 706
413 546
994 574
377 873
664 933
75 420
350 300
188 766
68 507
176 800
43 314
239 865
110 518
246 897
41 833
95 471
950 712
270 417
158 385
462 101
61 324
468 542
721 369
9 633
692 562
622 89
256 995
291 623
690 103
968 294
954 797
368 110
786 923
803 95
13 697
547 281
51 825
633 265
762 245
728 846
998 466
978 797
420 644
107 522
931 770
411 928
261 644
407 667
77 378
386 643
952 526
80 492
657 324
99 892
448 121
962 981
307 146
350 124
824 823
359 896
177 912
287 855
449 30
437 965
614 661
692 167
391 512
493 631
776 254
763 1000
84 116
773 37
114 75
745 773
11 555
471 506
947 768
372 866
798 540
128 878
61 133
530 505
305 528
666 482
480 358
583 134
461 278
211 599
556 36
3 954
318 256
547 928
866 586
578 27
149 453
370 236
260 233
2 466
623 605
927 485
248 924
121 339
628 120
234 675
409 125
28 609
105 343
907 394
965 694
345 832
62 441
497 920
456 481
582 129
369 704
589 896
432 321
231 866
193 9
324 553
856 982
557 419
755 319
88 487
685 733
249 354
889 641
831 465
4 406
573 544
286 711
178 90
793 924
907 770
19 313
103 713
721 328
460 568
909 457
840 145
106 118
930 97
4 884
138 225
197 615
574 493
678 212
903 868
731 725
204 538
994 793
485 986
469 890
138 744
998 883
597 190
483 346
93 69
578 626
868 974
206 260
323 801
338 183
957 78
821 725
10 467
264 672
293 22
508 245
359 834
711 959
309 567
176 455
40 13
497 555
756 841
605 573
851 724
618 62
746 456
512 235
812 517
298 798
798 659
349 511
956 1000
295 437
610 572
954 799
212 947
745 984
914 306
378 27
326 558
893 451
128 394
660 647
164 224
523 20
26 554
913 354
359 136
487 531
42 620
529 274
810 853
27 225
974 969
383 245
444 799
260 414
174 99
760 129
217 787
689 40
448 250
760 982
602 643
279 851
439 17
716 318
400 452
839 980
479 318
649 324
269 982
910 405
635 901
716 162
723 447
36 797
216 413
392 681
11 889
758 236
312 649
972 989
152 735
700 115
264 424
850 207
697 844
988 810
553 550
841 537
731 413
365 152
234 289
884 53
284 745
965 151
389 525
697 815
296 664
387 189
766 248
530 614
224 393
965 244
575 615
551 359
423 931
196 363
622 783
786 474
715 357
731 291
77 309
394 170
666 701
235 226
714 871
945 345
642 605
338 412
405 16
973 506
280 913
144 149
645 151
987 630
130 299
449 208
538 248
511 744
925 512
69 643
284 490
918 745
880 960
323 553
659 96
108 941
382 313
545 158
853 537
318 755
256 188
230 223
611 480
65 1000
801 335
505 15
100 892
985 469
160 673
695 995
169 17
828 933
410 353
761 199
479 901
484 696
349 376
979 510
888 955
88 483
158 74
182 151
235 516
555 949
307 466
23 66
983 361
412 764
338 923
941 7
972 858
364 6
33 415
159 479
874 818
643 280
156 907
996 17
743 153
444 234
978 793
362 719
597 993
84 329
280 717
264 782
458 913
943 388
532 664
955 698
823 261
275 791
555 512
637 743
129 948
339 843
196 615
561 137
259 737
173 532
410 632
928 117
818 386
380 554
366 917
111 894
672 668
631 192
179 307
814 153
114 469
105 680
512 859
491 129
362 232
415 590
970 603
621 299
381 485
244 992
655 4
858 259
341 702
536 508
220 674
498 997
401 564
245 890
848 191
281 965
816 240
417 566
566 1000
360 312
922 538
975 807
119 726
757 145
431 221
454 306
934 38
446 725
837 272
672 232
722 313
618 847
214 639
268 764
640 229
417 533
200 760
188 110
310 618
319 833
292 663
720 163
177 254
677 177
328 218
937 706
720 130
911 671
365 198
855 104
695 667
551 801
657 184
372 861
613 490
153 298
958 821
614 269
406 220
229 655
153 379
233 161
257 818
128 955
60 269
779 747
835 962
83 884
252 266
190 29
242 348
354 676
443 143
521 595
603 566
702 625
344 153
160 756
117 753
260 685
770 859
511 700
764 194
588 175
321 278
179 661
247 473
507 32
445 660
1 418
658 125
185 246
148 988
957 659
380 583
324 309
185 562
700 52
250 18
203 833
720 916
50 117
274 113
292 893
643 526
21 564
985 537
790 839
495 990
40 654
494 691
591 897
976 320
330 362
661 988
784 874
753 924
620 534
37 556
876 411
932 547
654 167
138 874
652 419
296 381
931 766
971 966
590 987
494 270
864 574
429 230
978 546
940 237
649 127
382 290
683 738
658 348
684 678
731 248
932 162
680 739
91 866
155 32
945 506
77 828
871 640
586 73
993 490
249 840
536 656
919 538
931 883
380 209
230 86
214 970
350 708
221 758
859 371
759 249
231 615
508 834
558 593
764 349
990 41
96 373
553 962
