50
-10 -19 -8 23 34 25 
0 -35 -3 36 35 29 
3 -37 -3 30 20 32 
-2 -31 2 38 32 43 
-3 -21 10 21 19 43 
11 -22 9 27 15 40 
-3 -27 13 37 29 37 
-8 -37 2 29 35 30 
-12 -33 -8 22 15 43 
-12 -29 -4 26 32 39 
4 -33 -2 21 23 23 
3 -19 6 23 36 30 
6 -29 11 34 15 31 
-3 -37 7 28 31 41 
0 -39 12 20 17 22 
7 -38 -10 44 25 38 
10 -29 -8 33 22 41 
-7 -28 12 22 17 27 
4 -18 0 43 17 34 
4 -18 7 33 36 26 
2 -16 -3 30 22 38 
-3 -22 -9 29 34 36 
-1 -22 7 35 38 29 
5 -23 -7 35 34 26 
5 -28 -3 25 32 36 
-3 -24 13 38 23 28 
8 -25 -7 39 36 22 
-10 -35 9 21 37 31 
2 -31 -4 33 34 40 
10 -15 10 42 14 30 
-5 -18 13 26 27 22 
-8 -32 4 39 38 32 
-1 -24 -5 33 31 41 
4 -19 5 35 20 24 
-11 -39 4 22 29 32 
-13 -27 13 38 35 43 
6 -22 13 39 15 27 
7 -17 -4 38 37 45 
8 -16 11 21 15 38 
11 -31 -10 24 29 39 
-4 -22 -6 31 30 22 
7 -39 -3 28 39 25 
12 -31 14 19 35 35 
1 -35 -7 21 37 32 
5 -34 -4 36 36 34 
3 -38 12 35 14 32 
-3 -23 5 20 25 41 
11 -25 15 33 28 35 
9 -40 5 34 28 25 
11 -39 -2 22 16 44 
