50
34 17 5 0 14 11 46 23 15 21 44 24 29 36 39 44 49 46 22 37 38 18 47 39 24 27 35 46 5 27 36 33 37 9 8 0 27 22 30 41 12 27 24 8 44 6 18 36 3 15
24 10 44 23 12 42 29 47 12 44 26 10 16 12 17 1 16 35 19 27 6 8 8 30 44 36 47 18 13 5 26 11 30 25 46 20 32 24 37 16 45 27 26 7 34 49 26 49 0 41
39 27 11 37 41 43 13 20 36 4 13 17 23 31 44 28 3 9 5 37 29 25 12 29 3 14 7 8 25 15 21 47 4 19 34 39 34 33 6 36 10 20 13 39 35 28 9 25 25 32
11 5 48 19 34 42 30 17 32 6 12 20 8 40 10 18 43 3 46 24 41 48 15 12 10 37 40 15 39 13 36 27 34 31 19 27 50 2 48 26 32 13 43 16 4 49 21 34 35 46
21 25 49 10 19 25 31 4 25 34 35 1 16 0 8 17 5 10 11 7 26 19 10 45 10 38 48 13 50 47 38 5 14 49 5 13 36 46 5 35 11 35 42 12 13 31 0 41 25 35
39 15 2 17 25 21 41 0 38 15 31 30 5 49 13 42 25 38 30 30 44 49 6 26 45 33 24 39 32 32 14 26 45 26 15 38 38 11 23 27 47 46 25 2 48 18 44 32 16 25
11 6 7 39 3 46 22 10 19 41 49 44 37 16 7 1 48 44 12 12 3 24 32 10 36 2 1 5 39 29 27 5 39 47 14 2 31 40 15 34 15 20 5 9 46 42 20 17 7 38
18 44 41 28 47 29 19 12 10 4 45 26 24 26 45 14 36 12 25 38 9 29 27 34 6 33 4 1 44 10 26 23 4 4 3 33 8 8 50 9 18 35 15 20 11 43 5 46 48 15
10 49 7 35 42 6 14 49 33 20 31 35 3 18 47 41 43 41 26 46 0 15 1 41 41 21 39 26 50 45 27 8 45 41 25 2 47 5 42 12 17 9 25 29 43 14 27 28 24 8
0 22 20 47 13 45 22 39 19 36 50 37 8 44 45 12 48 24 23 46 32 34 21 35 11 21 40 44 28 40 44 29 25 12 2 14 11 41 44 20 35 45 2 15 26 18 16 47 50 3
0 34 6 47 26 20 15 29 15 10 41 0 37 22 32 1 13 49 6 3 1 17 6 13 4 43 23 34 21 5 48 6 9 49 43 38 43 23 31 5 13 37 5 39 21 19 23 38 18 24
14 30 0 39 49 40 21 28 43 43 35 10 26 40 49 37 19 42 20 4 43 47 25 43 46 4 26 5 12 9 3 35 4 45 7 27 14 12 42 49 8 20 40 12 34 48 43 16 20 21
42 9 24 6 13 13 36 0 15 50 34 40 30 45 50 21 22 30 27 7 4 1 22 47 6 23 12 35 39 21 9 13 27 16 44 31 14 5 30 31 39 28 13 19 29 13 27 36 32 2
49 12 20 1 40 24 38 7 44 24 29 8 26 6 28 7 36 2 12 22 11 50 31 48 13 0 6 43 17 16 7 8 8 29 45 37 48 33 24 14 1 48 31 2 42 14 9 24 23 18
13 32 42 36 35 24 19 46 41 5 31 11 31 16 1 50 8 37 9 3 14 25 1 28 7 50 5 29 45 15 49 11 48 26 12 21 32 1 27 11 31 19 33 1 42 27 16 1 17 27
18 17 19 26 0 0 22 38 47 13 44 35 19 6 41 15 43 12 10 36 27 39 0 45 13 15 19 26 29 28 18 0 45 4 8 13 21 12 8 26 46 36 26 20 9 13 17 27 7 16
47 11 1 31 22 13 46 5 24 26 35 7 12 24 40 0 36 38 3 1 23 17 41 12 20 16 33 6 0 11 34 16 50 48 48 8 36 1 29 28 28 3 46 35 19 29 34 37 18 8
2 17 21 36 19 12 15 22 24 49 34 37 28 47 15 18 4 2 11 3 45 14 39 9 15 16 32 20 36 49 30 15 42 49 30 23 2 3 38 24 4 42 10 16 25 41 50 4 27 33
35 34 49 21 50 7 9 48 18 44 6 46 32 7 8 22 0 16 11 7 22 9 40 24 46 31 16 35 42 21 38 6 18 27 5 31 11 41 42 37 17 43 38 13 19 15 34 26 4 48
24 17 38 1 36 50 28 34 43 15 44 39 25 48 21 12 5 0 11 10 11 5 39 4 1 39 24 23 13 16 13 42 46 5 41 30 14 32 41 22 3 19 41 9 18 13 0 38 18 41
50 23 39 39 44 9 46 10 36 1 37 32 18 45 10 17 20 30 16 0 18 36 48 35 4 44 39 28 35 47 43 12 33 20 7 35 38 33 22 40 6 1 32 3 37 48 6 3 3 21
19 25 16 37 7 49 15 9 49 28 27 0 6 48 4 23 18 30 1 22 40 16 23 31 44 24 32 34 1 35 0 3 46 34 13 29 41 27 41 4 3 38 0 6 18 36 17 9 38 25
36 41 8 4 31 3 11 49 14 7 17 37 6 8 35 48 35 12 35 9 31 36 21 45 29 15 11 39 35 16 1 32 43 23 18 21 12 18 38 49 43 44 28 35 3 1 16 22 5 5
32 12 49 14 15 25 6 24 1 18 32 12 9 2 18 48 38 6 33 29 17 6 48 8 38 4 32 29 34 28 20 49 28 1 16 12 38 19 1 23 32 39 16 20 2 1 33 40 40 2
47 45 37 43 35 17 30 22 44 44 28 24 50 49 22 45 14 32 9 29 4 47 50 15 32 49 14 31 4 41 25 2 14 10 49 41 29 25 17 15 50 32 25 9 35 8 43 37 36 30
40 47 27 0 33 12 32 12 19 34 49 40 25 0 7 1 23 0 31 35 13 13 22 36 20 16 40 27 22 19 33 25 7 25 31 33 34 21 7 4 7 38 28 43 23 40 9 49 44 6
37 17 14 44 17 4 1 20 26 19 47 13 18 15 31 32 49 37 13 10 32 31 11 37 29 0 33 42 38 17 39 34 42 13 19 36 28 46 21 33 4 47 32 39 13 3 20 49 12 27
10 20 41 0 30 37 35 10 21 2 20 29 1 44 38 9 3 22 31 47 23 30 32 41 22 44 28 4 26 19 24 34 15 20 1 31 4 31 1 13 36 42 45 35 17 13 40 9 0 33
13 29 44 24 38 28 14 23 4 12 43 1 11 38 49 4 47 20 39 4 9 44 49 35 34 48 36 30 36 39 20 26 48 45 35 16 26 2 10 1 45 26 4 15 22 7 37 43 40 1
8 0 7 6 16 29 46 33 27 23 35 40 26 8 16 4 15 23 21 2 43 27 13 32 38 46 3 36 32 7 5 11 25 4 46 1 45 22 50 42 22 6 21 2 10 13 12 50 45 22
19 39 44 25 33 18 33 39 0 8 43 43 30 46 22 39 22 22 47 41 49 4 24 10 24 10 22 2 38 28 24 5 19 39 29 20 12 8 50 31 3 31 3 48 9 32 20 40 29 6
36 35 5 34 23 1 48 13 11 9 7 22 48 28 12 26 41 12 20 31 12 46 28 26 7 20 23 3 33 4 10 38 9 6 46 1 28 10 17 11 33 20 44 44 24 32 15 44 24 30
36 50 13 45 10 42 22 34 38 3 39 23 5 18 14 7 26 35 39 30 8 45 20 22 4 39 28 24 41 3 4 26 22 30 36 30 11 39 21 38 29 29 37 44 26 45 28 15 42 43
45 19 39 0 11 2 33 32 27 25 0 12 38 27 30 50 27 13 38 2 33 8 33 10 39 6 6 8 6 10 49 18 30 47 29 34 48 25 35 9 31 17 3 20 6 14 18 15 30 48
20 35 36 48 21 36 23 13 31 21 35 46 34 7 44 21 47 45 0 28 21 36 37 48 31 50 47 42 30 16 25 23 37 8 41 30 50 50 36 29 30 39 27 27 48 43 26 41 29 3
42 2 19 10 39 24 37 15 25 14 22 25 37 18 12 16 37 11 10 2 14 34 5 9 26 35 25 12 32 39 39 23 1 40 10 12 18 47 49 26 36 15 7 20 30 24 20 19 43 44
29 4 36 18 8 29 29 3 11 34 36 41 36 14 38 4 40 28 49 50 16 38 30 26 12 37 35 48 5 48 28 31 18 20 46 38 37 37 36 13 36 10 27 6 26 30 9 14 37 3
20 33 10 24 32 30 46 18 50 5 38 28 20 4 26 22 30 37 38 15 27 49 13 0 12 37 40 43 33 39 43 13 16 35 27 1 25 35 29 39 39 4 7 31 47 45 34 14 17 21
4 45 11 44 21 46 37 46 4 19 26 20 4 41 34 5 7 10 20 1 43 30 7 15 3 21 43 34 33 10 50 12 27 46 50 9 17 17 16 34 46 22 13 4 8 26 39 36 18 32
5 42 1 31 28 45 12 6 45 29 27 2 39 17 20 11 10 5 50 21 4 41 10 34 20 36 26 43 11 26 46 44 24 14 7 13 13 42 43 17 44 38 4 43 36 33 47 29 11 18
23 44 24 20 45 29 27 10 35 18 24 44 27 17 0 6 19 29 18 13 2 0 8 20 11 11 10 20 39 29 4 36 28 3 11 40 42 3 19 27 28 14 42 17 19 43 9 33 10 14
14 9 19 0 41 11 31 0 46 1 5 38 41 47 16 28 48 27 16 49 34 32 4 0 18 13 2 6 29 30 10 9 38 41 47 2 42 21 8 32 43 13 50 0 27 40 25 23 2 25
6 22 40 23 24 26 0 40 6 39 21 14 11 39 44 6 8 15 18 37 19 33 18 32 49 32 26 4 24 5 13 17 50 29 32 26 35 24 2 13 31 39 48 24 14 8 28 21 27 15
31 20 4 41 8 18 28 42 26 5 21 21 34 46 29 43 11 41 17 32 29 17 26 26 50 1 7 32 25 8 48 48 46 8 11 23 11 50 36 34 21 10 32 24 8 19 25 7 6 43
36 49 24 22 11 14 23 11 11 29 41 35 38 2 29 16 48 29 20 41 41 32 34 36 35 27 49 9 18 35 0 8 19 26 2 37 7 37 43 24 33 1 43 2 39 15 29 33 9 42
42 19 36 28 41 25 42 21 7 0 34 8 5 15 2 0 42 7 30 21 11 5 15 35 18 27 37 16 22 24 25 0 1 2 39 10 47 47 49 32 29 15 22 3 12 18 7 40 36 45
19 40 12 26 35 44 44 38 19 3 40 5 33 24 14 44 35 11 37 20 38 43 24 38 29 17 40 19 17 17 23 24 12 35 31 30 4 1 38 3 17 21 13 45 33 18 12 36 12 7
24 14 3 42 45 45 25 40 38 23 47 41 6 4 43 42 33 38 21 14 37 3 14 6 8 33 35 16 20 10 28 19 1 1 48 0 8 22 2 8 32 37 24 23 29 13 44 18 13 46
44 44 42 33 11 44 15 15 8 11 28 37 38 39 38 3 33 48 25 22 26 0 5 41 11 35 2 39 19 38 43 27 15 8 20 48 37 9 31 10 33 2 41 47 22 50 9 43 33 43
48 7 33 17 18 43 32 29 29 6 23 21 25 3 38 37 7 46 13 50 4 12 24 20 8 11 6 8 46 17 4 28 42 6 8 2 7 25 17 41 1 32 4 7 40 50 50 35 28 9
42 -26 -55 -70 -47 -27 -64 7 -59 -100 -66 -67 4 -61 -73 -91 -88 4 -93 -99 -92 -75 22 -51 -90 -21 -82 3 -47 -55 -29 -93 1 -55 -5 -98 0 29 -80 -9 -23 -100 -22 -13 -74 -16 -13 -68 -43 -47
-82 29 -64 7 -100 -52 -62 -27 -60 -10 -81 -65 -29 -69 -52 -92 -41 -55 -88 -14 -74 -58 -81 -13 -24 -80 -16 20 -27 -42 -35 -81 -16 -89 -44 -26 -44 -42 -88 -50 -16 -46 -73 -62 -61 -9 -99 -75 -89 30
-48 -35 -90 -10 -92 -91 -60 -64 -55 22 -77 -86 -59 -30 -46 -65 -20 -77 -42 -81 5 -28 -14 -95 7 -97 -88 12 -94 -9 -43 -12 3 -7 -40 -5 -21 -97 -57 -8 -50 -78 -45 -38 -74 -39 -41 -16 -8 -77
-22 -22 -9 -90 -69 -92 -97 -58 -97 -41 -58 -50 -49 -86 -29 -77 -91 -14 -28 -37 -92 -59 -51 -95 -91 -99 -42 0 -88 -54 12 -41 -60 -41 -79 -54 -31 -94 -83 -47 -81 -30 -40 -39 -30 -99 -45 -43 -68 -4
-43 -99 -49 -41 -64 -52 37 -24 -86 -100 -77 -97 -18 -29 -49 -65 -28 -22 -74 -26 -53 -72 -76 -61 -35 -68 -28 -56 -62 -52 -81 -54 -42 -76 -76 -82 -82 -13 -39 -94 -53 -55 -64 -58 -48 -5 -35 -27 -94 -98
-78 -25 -24 -44 -90 -80 -18 -49 -49 -98 -88 -71 -60 -58 -67 -35 -99 -48 -61 -5 23 -92 -36 -87 -41 -45 -4 -35 -45 19 -27 -77 15 -50 -100 -12 -70 -86 -60 -85 -20 -11 -33 -21 -92 -58 -34 -30 -42 -82
-47 -54 -63 8 -87 -22 -49 7 -65 -42 -45 -34 -50 -3 32 -92 -65 -38 -100 -80 -43 -63 -17 -50 6 -42 -82 -83 -42 -85 -21 -56 -42 -88 -35 -96 -47 -26 -74 -98 -83 -92 -71 -25 -61 -28 -18 -68 -90 -74
-37 -20 -74 24 -45 -42 -87 18 -87 -87 -66 -56 31 -38 -88 -80 -82 -75 -15 -31 -76 -10 -46 -72 -38 -61 -88 -38 -98 11 -21 -72 -28 -59 -14 -95 -43 -46 -89 -62 -96 -92 -66 -60 -91 -32 -2 -80 -37 -50
-62 -51 -71 -86 -61 -79 -45 -94 -53 -13 18 -88 -31 -18 -81 -46 -13 -78 -51 -91 -87 -19 -61 -76 -12 -79 -63 -93 3 -87 -20 4 -37 -64 -83 23 -5 -63 -52 -95 -51 -57 -27 -48 -71 -72 -28 -81 -12 -64
-65 -65 -59 -60 -87 -60 -77 -53 -44 -59 -27 -75 -30 -53 -87 -100 -89 -84 -84 -19 34 -51 -57 -77 -96 -19 -34 -31 -56 -84 15 -17 -43 -54 19 -28 -36 -62 -59 -59 -23 -22 -93 -61 -76 -99 -79 -70 -5 7
-100 -85 -27 -45 -70 8 -68 -16 -60 -57 -44 -65 -78 -10 -76 29 -1 -58 -82 -98 -100 -64 -76 -43 -21 -65 -99 -85 -56 -58 -49 -18 -66 21 -18 -97 -70 -74 -76 -10 -16 -36 -57 -70 -10 -98 -53 -53 -73 -71
-19 -59 -59 -25 -18 -97 -9 -45 -97 -44 -64 -15 -90 -36 -58 -59 -88 -89 -52 1 -88 -31 -7 -24 -33 -49 -52 -22 -79 -49 -28 8 -74 -37 -31 -68 -37 -77 -80 -67 -16 -100 -97 -95 8 -64 -42 -50 -97 -7
-44 -60 -51 -92 -28 6 -86 -73 -85 -56 -96 -77 -75 -26 -91 -17 -78 -74 -36 -38 17 -57 -51 -21 -72 -44 -84 10 -3 -69 -69 -87 -78 -90 -24 -71 -10 -79 -60 -49 -83 -13 -62 -67 -98 -2 -87 -22 -34 -61
-46 10 -87 3 -66 -71 -46 -66 -60 -92 -60 -7 -86 -59 -85 -47 -23 -86 -10 -57 -49 -58 -22 -54 -85 -53 -52 13 -91 -11 -67 -39 -98 -12 -9 -95 -36 -35 -52 -72 -90 -52 -42 -15 -32 -78 -49 -7 -12 -55
-71 -63 -84 -16 -77 -33 13 -56 -72 12 -64 -46 -92 -85 -83 -87 -97 -77 -26 -36 -58 -89 -22 -23 -46 -4 -27 -48 -95 15 -45 -76 -28 -45 -67 -94 15 -50 2 -18 -15 -41 -76 -50 -31 -96 -80 -76 -56 -96
-83 11 -16 -91 -94 -63 -64 -51 -96 -32 24 -60 -68 -44 -35 -74 -48 22 -19 -48 -3 -2 -32 -80 -60 -42 -39 -44 -29 -66 -66 -1 -23 -66 -98 -49 -68 33 -86 -36 -67 -52 -20 -90 -87 -98 -80 -32 -55 -51
1 -63 -30 8 -13 28 -100 -92 -58 -90 -3 -39 -93 -19 -65 -91 -81 -47 -76 -86 -19 -72 -65 -3 -97 -63 -70 -67 -62 -68 -91 -30 -52 -43 -97 -99 -29 -85 -95 -53 -42 -79 -93 -53 12 -47 -30 16 -94 -20
-3 -93 -92 -32 -98 -57 -69 -92 -1 -22 -21 -86 -48 -45 26 13 -99 -44 -45 -64 -50 -13 -18 -44 -66 2 -51 -80 -52 -66 14 -10 -70 -99 -53 -69 -32 -73 -85 -91 -16 -79 -29 -40 -59 -5 -29 -89 15 -88
-19 -64 -30 -47 -85 -78 -62 -19 -29 -86 -58 -29 -7 -88 -53 -29 -34 15 -21 -18 -38 -6 -3 -10 -21 -69 -34 -69 -24 -39 -68 -11 -64 -15 -74 -47 -53 -69 -69 0 -48 -61 -82 20 -90 -90 -51 -16 -15 -88
-45 -58 -80 1 -38 -13 -1 -70 -69 -16 -22 -20 -64 -37 -74 -48 -50 -88 -9 -76 -27 -92 -84 -79 -89 -15 -92 -63 -42 -46 -63 -28 -45 -22 -17 -83 25 -37 -75 -88 27 -77 8 -75 -58 -30 -63 -24 -70 -21
-87 -51 -40 -42 -10 -93 4 -30 -30 -32 -43 -37 -8 -61 -35 -86 -78 -51 -62 27 -39 -83 -77 -10 -52 2 -82 11 -89 -44 -35 5 -80 -42 14 -40 -81 -76 -31 -88 -71 -74 -10 -13 -24 -28 -80 -19 -87 -75
-41 9 -46 -87 -78 -70 -77 0 -16 -36 -17 -91 -74 -39 -60 -9 -57 1 -84 -95 -53 -41 21 -66 -60 -31 -48 -58 -15 -98 5 -53 -75 -62 -66 -53 -47 11 -64 -5 -63 2 -8 -95 -47 -63 -83 -86 1 -62
-17 -7 -60 -55 20 -66 -25 -80 -4 -36 -69 -59 -60 -4 -100 -100 -44 -40 -35 -65 -94 6 -65 -38 -30 -79 12 -64 -100 -92 -34 -52 -90 12 -94 -62 -40 -64 -99 -14 -76 2 -54 -9 -91 -52 -76 -5 -64 -74
-68 31 -98 -38 -98 -74 -42 -69 -58 -56 -55 -21 -83 -82 -97 -59 -63 -59 -99 -91 -61 -63 -67 -89 -99 -22 -81 -72 -2 -92 -86 -48 -13 -64 -38 -28 -35 -68 -2 -39 -2 3 -45 -94 -25 -98 -37 -48 -3 -47
-18 -52 8 -19 -44 9 -96 7 -79 17 -37 -61 -99 -80 -18 -95 -56 13 -47 -59 -83 -61 -24 -76 61 -95 -27 -83 -74 -61 -33 -65 -58 -16 -64 -21 -60 -19 -72 -23 -55 -57 -7 -94 -68 -52 -69 -24 -74 -88
-50 -54 10 -21 29 -46 -70 -94 -28 -42 -19 -68 21 1 -51 -91 -37 -92 -92 -53 -47 -30 -92 -63 -98 -65 -98 -65 -47 -55 -57 -40 13 -98 27 -39 -10 -40 2 -26 -68 -55 -41 -30 -58 -87 -89 -44 7 -98
-98 -63 -64 -39 -66 -86 -100 -38 -41 -75 -17 -33 -50 -53 -74 -54 17 -43 -83 -71 -82 -18 -58 -4 -30 4 -35 -64 -80 -98 -51 -55 -35 -73 -89 -90 -76 -27 -79 -32 -70 -63 -16 -92 -89 -71 -63 -3 -43 -24
-82 -66 -97 -9 -58 -49 -100 -64 -100 -53 -51 -16 -93 -97 -70 -79 -81 -57 -78 -35 -60 -36 -90 -81 -59 -40 -83 -63 -49 -53 -74 -84 -66 -69 -62 -36 -33 -60 -60 -68 -25 -89 -30 -41 -41 -33 -46 -21 -94 -38
-51 -90 -93 -81 -57 -99 -7 -29 10 -59 -85 -22 -2 -62 -81 -44 -73 -49 -46 -29 -64 -73 -98 -32 -14 -63 -36 -34 -56 -34 -43 -55 -60 -96 -91 -85 -59 -68 -75 -68 -5 -68 -12 -67 -97 -34 -44 -87 -97 4
-33 25 13 -28 -88 -27 -100 -90 -45 -99 -99 -89 -95 16 8 -95 -81 -66 -34 -46 -89 -66 -21 -97 -79 -84 -96 -1 -74 56 -71 3 -62 -37 -89 -71 -100 -27 -95 -86 -29 -59 -48 -60 -97 -45 -64 -82 -41 -75
-64 -75 -56 18 4 -90 -38 -43 -28 -83 -68 -100 6 -38 -96 -48 -21 -53 -95 -94 -44 -10 -18 -75 -92 -23 -5 -57 -89 -64 -70 -64 -56 -43 -31 -90 -11 -13 -20 14 -97 -21 -76 -67 -44 -83 -89 -54 -61 -60
-56 -31 -72 -90 -85 -75 -36 -62 -100 -72 24 -63 -78 -37 -61 -67 -96 -69 -75 26 -48 -44 -61 -53 -32 -86 -84 5 -16 -67 -31 -29 -59 -5 -97 -100 -62 -94 -90 -19 -79 21 -76 -87 -64 -40 -85 -48 -37 -85
-79 -24 20 -36 -90 26 -34 -67 -74 -75 -63 -48 -79 -20 -2 -25 -94 -72 -56 -56 -66 -55 -88 -3 -52 31 -40 -68 18 -84 -74 -63 -86 -76 -34 -83 -76 9 -68 -100 -81 -8 -10 -92 -33 -19 -30 -4 -94 -79
-71 -79 -59 -92 -91 -96 -42 -13 -100 -78 -24 -48 -99 -22 -96 -58 -87 25 -42 -95 -59 -54 -90 -94 -84 -78 -98 -40 -86 -65 -48 3 -76 -87 -57 -37 -48 -27 -57 -52 -18 -96 -15 -94 -80 -87 -30 -29 37 -67
-28 -82 -90 -27 -68 -76 -90 -92 -96 26 -16 -88 -93 -24 -57 -92 -95 -83 -6 -35 -73 -19 -97 10 -66 16 -50 -42 -9 -88 -26 -52 -23 -61 -48 -62 -31 -75 22 -40 -63 16 7 -49 -10 -88 -33 -95 -86 -10
-73 -4 -7 -10 -32 -41 -75 -100 5 -15 -86 -84 -38 -10 -43 -8 -95 -99 -73 -59 -16 -57 -28 -10 -56 -97 -20 2 16 -87 -17 -54 -43 -58 -25 -57 -85 -34 -69 -94 -89 -78 -33 -27 -38 -57 -84 -67 -5 -73
-60 -82 -64 -65 -58 -70 -60 -17 -87 -35 -55 -87 9 -66 -50 -55 -14 -73 1 25 -87 -68 -51 -72 -74 -63 -49 -23 -53 -96 -61 -72 -70 -97 -65 19 -68 -85 -55 -85 -53 -46 -46 16 -68 -24 -26 -31 -14 -64
-50 -71 -16 -59 -48 -78 -35 -61 -87 -26 -42 -57 -53 -98 -75 -17 16 -1 -18 -10 -49 -25 -73 -58 -100 -72 -47 -89 -80 7 -82 -47 -99 -74 -100 -28 -87 -95 -42 -72 15 -56 -56 5 -49 -94 -48 -68 -88 -95
-70 26 -43 -2 -43 -43 7 -62 -72 -31 -83 -78 -45 -43 -24 -67 -21 13 -87 -94 -18 -73 -41 21 -76 -42 -67 -69 -44 -96 -38 -100 -41 -3 -40 -74 -95 -64 -28 1 -44 -81 -81 -91 -93 21 -89 6 -95 -74
-46 -52 13 -20 -97 -54 -89 -35 -20 -99 -3 -60 -79 -86 1 -76 -44 -49 -41 -76 -94 -85 -28 -39 -80 -33 -74 -48 9 -96 -10 -68 -74 -37 -20 -34 -27 -10 -30 -32 -13 -81 -24 -13 -60 -46 5 -64 -24 -24
-70 -13 -73 -24 -35 -95 -79 -85 -100 -10 4 -23 -78 -41 -38 5 -40 -68 -94 -72 -6 -97 -98 -99 -21 -31 -21 -78 -33 -22 -57 -46 -61 -85 -56 -47 7 -62 -38 -80 -55 -82 -10 -25 -80 -93 -34 -37 -11 -44
-42 9 -3 -34 -42 -36 -35 -35 -62 -100 -48 -50 -22 -75 -76 -77 -82 -77 -92 -42 -51 -7 -45 -37 -28 -74 -1 -77 -99 -79 -69 -84 -86 -63 -94 -74 -98 -68 -95 -45 -75 -63 -17 -95 -5 -32 -47 -17 -79 -60
-46 -87 -27 -64 -38 -39 -95 -89 -27 6 5 -60 -68 -45 -66 -82 -13 -60 -91 13 -18 -64 -33 -29 -79 -1 -66 16 -87 -89 2 -51 -32 -6 -29 -29 -53 -76 -79 -23 8 1 -42 -97 -28 -55 -38 -58 -78 -58
8 -88 -66 -49 -84 -53 -89 -97 -92 -23 -31 -95 -14 -89 -81 -67 -92 -44 -65 -54 -34 -46 -13 8 -36 -75 -84 -89 -58 -9 -55 -81 -66 -21 -77 -48 -54 -43 -26 -25 -43 -100 -43 -65 -46 -95 -13 -42 -53 -75
-77 -41 -19 -58 -72 -45 -69 -15 -38 -46 -17 -41 -73 -34 -100 -90 -51 -38 -50 -52 -25 -97 -91 -65 -41 -68 -71 -88 -93 -52 -83 -74 -47 -6 -100 -77 6 -98 -78 -72 -84 28 -75 -68 37 -89 -79 -74 -85 -92
-25 6 -39 7 -86 -82 -70 -47 -99 -9 -69 -25 -8 14 -75 -35 -39 -37 -81 -3 -34 -73 -57 -30 -67 -95 -5 -81 -79 -75 -84 -3 9 -41 -9 -13 -31 -76 -76 -77 -73 -30 -61 -63 -42 -67 -66 -6 13 -33
-68 -41 -77 -59 -57 -31 -14 -70 -24 -52 -7 -99 -27 -85 18 -27 -82 -95 -68 -25 -28 -50 -66 -41 -40 -44 -5 -63 -100 -91 9 -20 -13 -87 -85 -85 -95 20 -95 17 -85 -66 -60 -6 -88 -55 -92 -86 -12 20
-64 25 -2 31 -27 -65 -49 -64 -68 -55 -67 -50 -38 -16 -58 -43 4 -41 -87 -92 -71 -59 -7 -13 -23 -25 -88 -58 -86 -32 -98 -18 -5 -91 -37 -96 -14 -84 -43 -76 -53 -73 -89 -13 -52 -99 -83 -81 -50 -57
-17 -43 -35 -29 -68 -47 -17 -82 -58 -88 -99 3 -61 31 -33 -89 -76 -23 -25 -82 -16 -56 -30 -45 -73 -66 -12 -45 -54 -20 -96 -39 -71 21 -30 -83 -97 -49 22 -52 -48 -54 -42 -55 -60 -14 -28 -92 -75 -78
-71 -12 -68 -100 -82 -51 -12 -63 -52 -5 -36 -90 -55 -71 -48 -37 -72 -63 -45 3 -41 -68 -44 -61 -66 -81 -24 -34 -4 -4 -96 -41 -47 -42 -43 -92 -41 -84 -41 -29 -72 -91 -99 -66 -41 -49 -38 -44 -40 -24
81 52 -3 82 29 30 6 32 73 63 17 63 91 64 26 77 52 64 100 74 97 52 84 30 54 4 23 82 41 42 91 28 74 35 43 -7 41 66 96 67 53 80 45 52 99 95 22 82 94 -11
17 68 94 47 24 86 84 88 32 53 61 36 -3 85 8 62 98 33 -6 82 90 17 23 38 -19 34 68 53 15 39 53 51 100 99 64 18 31 12 64 85 42 59 -20 73 5 32 23 69 82 73
38 73 -14 91 64 90 86 34 83 43 24 27 -13 26 77 9 74 17 55 68 66 87 61 39 73 79 15 86 50 54 41 14 30 36 7 85 96 79 27 26 -13 93 55 38 82 64 -13 82 90 28
96 73 74 55 40 -27 29 74 -12 86 68 -13 -13 39 37 89 48 20 96 22 62 96 56 25 25 11 -14 44 98 61 49 1 58 100 35 90 70 46 71 45 38 28 68 16 43 54 46 83 -2 98
100 72 65 86 18 98 72 73 85 20 29 48 21 51 79 23 56 33 94 29 65 67 85 77 -27 77 63 59 -25 22 71 19 1 34 55 58 -4 68 43 7 9 99 50 31 90 9 32 58 59 54
48 62 59 -6 63 20 19 3 71 90 46 9 43 80 78 76 95 7 33 13 59 -2 82 72 96 22 83 38 43 60 84 86 94 26 54 19 35 94 90 92 80 64 42 79 67 97 69 60 71 95
-15 82 26 42 49 86 21 49 16 93 50 87 95 87 64 -5 71 43 92 88 95 67 69 -24 53 25 90 72 71 10 72 30 0 26 31 46 65 47 47 87 52 14 81 27 34 31 73 24 49 91
92 29 46 74 86 2 46 85 55 -26 82 54 53 67 68 61 76 14 70 86 31 77 86 -4 75 45 19 13 59 41 85 51 62 2 6 65 43 -22 29 23 54 78 93 90 67 -3 98 40 28 51
-4 39 -14 -13 31 30 51 20 73 64 50 17 43 8 36 85 85 98 96 57 32 100 1 53 58 15 13 72 52 23 48 68 92 100 6 44 61 28 98 69 61 57 78 3 50 66 99 25 45 36
96 39 71 -1 52 71 74 19 29 97 96 74 29 28 89 89 64 30 16 26 97 79 64 33 69 63 32 85 17 43 100 69 -8 42 38 34 77 70 24 74 36 84 76 92 66 48 91 55 95 73
93 90 60 79 15 56 60 27 82 99 94 52 -16 48 68 76 18 66 -15 32 -24 23 31 9 22 22 80 77 55 23 29 70 8 82 8 95 -5 59 28 97 84 64 55 4 60 55 47 69 33 14
20 44 61 43 92 38 66 57 84 27 69 74 -29 44 93 42 15 47 69 47 57 38 76 -6 27 45 40 26 54 55 89 79 36 75 7 86 12 75 49 24 81 65 39 13 58 91 33 24 39 60
94 12 16 29 65 98 1 43 61 33 18 69 67 9 20 70 48 8 46 12 92 34 28 33 82 56 89 83 43 85 21 93 53 24 -16 40 42 98 19 -6 56 47 12 51 -9 80 95 94 16 78
15 33 62 49 46 56 77 82 77 26 60 42 96 76 37 77 77 -18 81 44 6 63 32 -34 33 75 42 73 22 61 78 4 78 24 86 88 8 85 -28 51 44 72 54 3 11 51 50 15 82 74
28 -20 76 32 77 42 89 45 55 80 62 72 -14 46 -41 76 -3 61 8 92 57 81 48 98 82 50 95 12 52 83 20 12 93 95 56 100 99 45 70 95 60 89 34 66 16 94 77 -1 76 79
66 55 26 -34 68 6 23 9 19 67 37 48 31 32 24 85 -20 36 63 40 85 27 32 72 15 47 33 30 94 86 -23 20 19 59 54 87 98 35 69 99 100 -18 43 18 58 84 77 48 68 73
67 77 68 69 29 83 74 50 5 42 62 37 70 73 75 56 90 94 13 85 40 22 78 44 12 57 25 81 100 96 39 41 67 89 27 54 42 64 81 85 79 84 83 18 16 9 17 84 24 15
84 29 76 47 13 59 34 49 60 64 24 84 48 62 63 60 67 100 55 83 70 37 64 7 75 37 29 86 84 71 40 79 67 77 61 -27 74 86 56 34 86 40 1 -1 84 90 37 43 46 86
11 64 2 98 51 73 28 45 68 85 -3 88 72 60 23 57 92 42 71 86 30 10 75 44 73 35 46 96 97 32 92 66 -10 81 42 67 70 34 -8 35 -5 95 93 55 -2 46 7 56 42 25
-4 52 87 23 0 63 63 74 38 7 96 32 98 44 12 48 60 93 10 -15 53 17 13 14 63 30 95 20 98 85 87 77 74 92 21 10 90 77 86 2 89 55 96 100 49 33 48 46 31 73
71 -22 99 63 76 68 51 42 -2 45 94 47 56 80 22 43 16 60 77 97 79 19 68 77 3 98 29 50 37 18 43 89 76 -1 51 -1 66 -31 81 76 100 42 68 88 35 -14 38 60 15 -33
37 58 32 41 3 -18 41 71 37 85 49 36 20 35 32 44 100 54 61 95 15 58 35 -8 80 74 71 5 14 52 64 45 86 55 61 53 27 98 13 66 42 93 30 78 55 63 53 3 38 95
56 96 28 44 58 44 93 63 89 58 69 34 87 67 93 83 72 90 34 50 93 93 83 7 67 53 80 33 59 30 64 65 63 96 79 87 99 -19 16 93 26 41 -8 44 27 84 -38 47 48 -1
-19 68 1 22 0 91 -10 18 77 82 18 74 29 26 24 86 53 -16 70 40 78 59 70 -14 61 4 18 26 45 -3 38 15 17 18 26 72 19 48 49 2 57 73 58 63 -8 62 7 63 100 37
34 36 56 96 87 87 66 40 -8 50 85 94 -26 29 93 36 54 55 38 32 67 83 67 73 67 -18 73 97 97 74 -15 73 87 63 20 -6 51 68 71 52 48 48 45 93 60 -15 89 57 -7 28
28 -29 19 58 98 86 52 74 41 6 71 67 78 79 64 55 71 69 70 21 57 89 77 16 -32 97 54 86 49 47 96 90 67 25 28 72 36 63 89 74 3 -9 48 11 -9 100 22 24 91 14
69 82 -15 85 83 44 74 66 -23 26 90 79 -25 97 55 59 69 73 45 4 50 39 33 26 29 49 2 80 65 50 66 69 76 59 28 32 30 63 94 59 66 66 71 75 36 58 34 85 90 17
29 79 87 98 45 72 88 82 37 12 90 42 56 93 53 89 48 71 92 13 16 -7 24 -24 86 53 71 71 45 37 31 58 0 78 -12 57 38 73 40 94 55 2 70 79 27 99 7 36 48 42
34 73 25 98 -14 93 96 77 72 13 8 -2 60 48 96 50 88 54 95 10 6 21 55 80 39 98 16 79 86 16 33 1 51 21 100 74 95 82 -29 14 23 19 36 41 40 71 69 45 100 12
84 78 68 91 79 46 -2 18 9 46 99 57 13 53 61 89 38 89 39 38 23 84 34 79 27 -1 66 78 10 77 100 77 75 -2 16 47 -7 68 42 81 43 86 13 100 19 17 89 74 58 28
54 58 98 60 37 73 13 -6 20 80 100 24 35 67 4 78 45 72 85 40 19 59 97 43 75 65 33 -22 33 71 -1 58 27 1 15 63 70 84 20 72 65 16 9 4 100 97 45 77 11 29
52 18 37 79 83 20 71 41 60 72 47 53 31 20 79 92 27 43 30 76 15 78 47 26 83 -22 8 78 68 71 18 98 40 63 50 14 40 71 82 91 100 53 47 89 85 24 24 47 45 77
72 23 44 97 44 41 63 54 99 65 81 13 79 18 92 36 74 68 6 39 43 89 79 8 87 98 37 -14 53 7 58 -5 -20 83 87 98 20 57 6 71 30 65 9 18 54 49 74 88 71 81
55 10 57 -36 -33 98 37 45 67 79 39 -6 70 31 27 -20 45 80 43 80 75 57 75 26 92 -14 55 84 44 45 81 23 50 7 31 43 95 67 23 15 79 36 94 100 57 96 11 69 84 76
69 65 100 83 26 14 96 85 33 45 19 75 33 75 78 45 59 -3 98 17 34 26 9 85 21 80 67 36 89 -15 29 77 100 32 68 41 12 33 89 53 -20 63 68 62 65 16 77 72 92 11
52 33 95 35 95 57 -2 76 41 59 84 20 54 1 43 62 79 -31 7 -30 4 43 84 20 27 -9 68 44 95 41 100 32 31 8 27 38 72 95 75 19 50 71 98 49 88 48 24 -8 45 84
80 98 -3 50 -25 8 95 51 10 48 18 24 80 55 36 68 40 97 24 36 72 97 60 60 85 67 87 85 94 22 72 75 66 100 44 84 79 -19 46 90 86 87 9 55 31 96 41 98 9 69
67 33 12 30 41 95 46 61 49 89 72 63 13 48 87 77 70 71 66 89 -10 56 44 -10 48 -7 93 60 -2 68 85 92 43 99 6 100 60 89 49 44 27 12 54 48 -14 77 92 60 7 95
97 65 78 12 72 61 56 9 -3 -14 4 36 75 56 20 94 2 39 99 85 70 93 82 63 58 72 79 44 26 11 63 36 21 90 86 22 16 -20 40 34 79 85 49 70 -23 91 54 23 37 -9
61 -17 100 9 91 23 67 40 98 -29 57 67 56 27 43 59 -18 53 96 -4 55 85 65 82 61 17 -4 45 98 78 50 54 80 50 53 81 67 59 51 58 90 98 79 70 76 -21 98 -29 82 60
70 57 36 72 32 13 78 83 44 56 30 68 25 76 90 63 82 94 29 38 95 93 23 43 46 82 77 4 92 36 46 36 26 97 65 92 43 78 45 51 -4 87 89 26 100 100 40 48 100 80
-21 77 72 92 61 47 91 20 -20 65 30 83 24 90 57 65 16 64 75 13 76 51 82 57 3 77 67 38 89 -6 34 57 100 49 69 -6 2 50 55 55 75 -26 84 34 70 7 46 -6 92 35
86 38 12 55 60 24 65 86 66 45 78 57 23 -2 40 76 93 57 93 97 79 73 56 -14 36 91 23 75 43 4 37 70 36 46 47 86 51 93 19 38 71 92 95 58 1 73 41 24 32 64
88 47 48 99 33 -2 85 63 35 24 50 73 95 5 93 48 16 17 54 51 43 63 94 90 99 3 24 -20 58 30 80 24 9 100 61 73 30 27 73 76 -14 96 30 50 63 -25 28 64 97 35
-17 3 64 81 32 8 -3 93 21 26 -1 99 60 57 58 -17 61 74 -15 13 98 74 70 99 81 22 36 85 94 22 36 31 11 78 37 40 34 81 91 -1 29 78 58 39 84 85 44 28 86 61
67 89 22 97 42 3 53 9 44 81 40 85 45 63 -31 83 -12 56 81 61 32 50 79 55 32 40 77 73 56 39 38 41 52 30 38 37 57 -24 44 13 38 7 41 5 31 82 72 58 21 -21
82 -6 53 -31 64 49 45 56 31 24 49 50 -13 31 97 36 55 38 6 91 29 -1 13 3 98 -10 63 4 67 76 91 92 21 79 42 16 54 34 96 78 81 78 24 59 95 42 91 88 89 48
96 55 27 65 22 89 36 45 73 29 53 36 39 0 60 85 70 5 57 44 56 77 96 32 33 94 30 95 73 65 35 87 22 17 17 -1 85 61 77 -38 29 37 39 39 -17 61 6 -24 -2 98
98 1 54 9 91 4 36 68 10 95 89 57 79 51 80 91 46 22 73 21 21 45 74 70 82 68 63 49 27 87 100 69 73 62 23 38 95 18 58 88 58 25 91 63 62 92 78 24 65 37
65 74 89 75 16 92 13 -10 89 57 -4 20 -1 50 9 41 18 80 73 8 51 37 54 63 88 68 17 68 52 72 34 9 93 61 93 24 -8 46 4 41 72 18 69 3 87 46 77 66 58 30
