50
38 17 41 14 34 17 19 3 10 21 0 2 1 16 30 31 17 5 6 7 40 20 15 47 40 18 21 46 1 25 9 8 48 33 5 2 1 45 47 37 25 36 41 25 50 48 9 44 42 41
50 0 25 48 17 27 35 10 5 9 48 26 35 37 38 0 11 28 33 29 40 42 40 31 35 42 13 40 37 6 18 44 19 9 30 38 32 46 42 29 7 21 38 28 1 47 48 12 24 0
48 50 28 33 26 15 34 23 12 18 43 24 37 42 10 43 30 40 22 47 44 27 17 39 9 6 13 9 12 31 40 8 27 19 32 39 5 12 45 16 28 10 25 9 6 4 17 38 10 4
43 17 47 27 5 48 34 20 11 36 18 11 6 38 12 30 42 0 20 18 1 17 24 28 22 17 9 1 18 9 17 18 40 2 7 48 20 6 20 33 7 24 45 30 3 2 29 36 10 49
11 50 43 23 28 15 40 17 28 40 18 19 32 22 1 41 25 27 15 27 11 43 1 9 49 33 12 42 38 42 33 0 17 13 10 9 25 21 50 13 41 27 50 8 47 14 32 5 27 46
47 46 36 1 36 18 5 34 43 44 38 14 48 12 25 17 25 49 10 3 15 49 48 37 0 40 12 1 50 36 33 31 25 48 6 22 19 12 16 43 11 26 7 25 8 3 41 31 13 42
40 2 15 6 23 38 39 30 15 23 17 32 41 2 41 24 23 22 2 19 29 14 36 3 16 3 34 6 48 26 28 39 31 39 47 33 38 20 35 48 27 22 40 34 16 2 11 36 43 25
26 28 12 45 39 44 39 10 11 18 25 13 2 43 8 41 45 35 11 16 12 8 31 1 35 19 24 16 35 24 36 40 24 41 10 30 22 15 39 39 18 23 23 26 50 30 36 20 41 37
36 3 0 5 44 47 38 29 4 20 13 29 6 29 46 0 12 5 15 36 13 39 49 44 17 41 8 4 33 43 3 22 50 30 6 8 42 47 28 42 42 42 25 41 43 40 32 10 33 4
3 50 18 18 39 40 4 28 25 45 6 34 19 41 40 38 17 12 39 25 23 0 44 49 6 27 20 24 14 39 6 2 0 28 49 15 40 37 3 4 47 31 25 0 42 29 16 37 21 12
7 39 7 38 43 2 43 32 22 43 18 42 43 47 22 16 4 27 45 22 6 31 1 44 15 30 15 12 37 35 13 4 29 23 9 46 41 38 3 47 45 13 31 38 47 2 14 11 1 32
15 47 4 11 46 13 13 20 0 29 5 6 43 38 22 23 21 6 15 5 7 40 17 8 37 36 24 30 29 10 35 14 0 24 35 46 15 48 42 47 24 5 26 46 9 33 41 16 27 43
40 29 6 9 29 37 32 31 49 34 17 37 15 42 45 6 7 28 49 30 10 20 30 32 49 18 45 40 23 33 28 11 36 48 2 25 5 8 6 7 21 39 39 16 35 39 30 10 30 22
13 19 35 7 3 12 45 8 35 7 16 17 17 12 22 23 29 32 7 47 40 38 13 13 29 47 21 12 34 39 34 35 33 24 43 6 46 13 10 44 17 36 30 13 26 3 17 10 47 29
5 1 31 8 44 20 30 29 40 25 48 9 21 46 7 4 49 50 25 39 40 49 33 28 7 2 31 34 33 35 47 39 30 8 17 42 31 18 10 16 39 49 3 27 43 0 42 23 50 49
50 7 24 13 31 34 2 21 23 17 9 41 48 9 47 34 29 2 39 35 18 8 26 9 26 37 23 41 45 40 30 23 20 0 25 3 10 6 5 37 11 2 3 43 48 43 31 26 12 39
4 41 30 36 48 17 7 19 8 3 29 44 8 26 30 13 31 48 0 50 39 26 43 5 0 22 24 12 20 40 4 41 12 29 29 0 31 38 30 47 42 44 11 47 12 41 10 3 49 49
9 42 37 21 10 0 29 8 33 20 10 39 10 10 21 9 50 33 42 47 17 0 40 37 11 40 32 7 39 43 11 27 24 14 20 37 19 4 42 25 9 44 32 16 25 38 37 12 30 13
29 48 34 2 16 2 3 11 40 26 30 15 22 22 10 21 44 44 45 45 15 11 43 10 27 24 36 2 11 13 13 23 2 29 39 15 9 31 17 2 21 50 41 18 8 46 39 46 21 47
0 14 22 6 49 24 48 47 46 46 46 33 48 18 33 11 27 35 1 30 33 5 46 16 47 39 20 0 7 19 3 32 42 17 7 16 25 38 5 48 50 23 12 8 32 7 24 45 14 25
1 29 12 12 16 20 38 26 28 10 44 25 0 40 44 48 41 14 49 8 48 28 9 28 34 0 21 50 17 39 7 9 14 24 22 16 23 12 21 43 3 19 6 47 32 22 19 12 37 48
48 16 6 13 26 42 3 35 50 28 37 35 2 26 16 35 4 9 17 25 19 39 12 41 2 20 3 35 49 5 36 30 29 18 50 18 46 11 11 11 4 27 19 3 38 1 7 48 31 13
33 24 22 6 21 31 50 29 31 43 29 36 50 22 7 22 3 10 26 18 47 22 1 9 9 28 21 2 36 42 31 23 14 7 11 45 42 44 13 10 15 41 49 24 35 26 48 35 31 41
21 9 23 27 12 10 39 17 47 30 48 47 34 9 43 3 34 47 10 24 18 27 17 6 37 31 25 41 20 17 31 41 48 21 47 34 35 18 49 17 1 26 9 6 50 20 34 49 3 41
35 38 13 40 33 25 16 29 24 34 48 28 36 2 42 0 2 19 47 46 39 27 43 21 38 35 15 1 12 37 0 18 20 21 30 15 43 40 48 30 8 18 10 3 13 22 3 9 18 26
31 32 21 6 14 33 47 18 50 29 13 17 23 12 21 30 27 40 14 48 10 8 4 25 13 5 43 1 25 22 46 47 49 42 43 18 3 16 46 36 23 25 9 24 7 40 12 38 17 30
49 6 0 26 33 7 19 45 11 29 41 27 36 39 13 40 10 37 14 18 44 35 36 16 31 44 8 34 18 40 41 27 8 2 29 11 39 8 14 36 44 22 0 26 11 33 44 19 14 15
16 19 23 35 42 1 18 0 23 40 35 23 20 22 13 32 49 1 16 46 19 16 49 4 21 8 42 1 39 20 8 39 21 16 38 23 50 10 24 47 12 42 6 22 30 32 47 48 31 0
3 4 31 26 19 9 10 1 19 12 50 11 29 2 31 19 39 7 47 43 34 44 6 10 50 41 49 0 1 7 10 23 16 37 26 6 9 26 43 23 37 28 32 36 48 4 41 50 50 38
21 28 20 33 50 7 29 24 32 48 3 2 39 26 37 45 10 21 10 49 9 26 4 32 44 15 22 27 10 20 45 13 20 20 39 39 2 7 32 15 17 17 41 31 11 24 26 21 16 14
44 32 17 3 36 24 23 42 20 11 17 3 16 48 42 24 7 19 45 20 42 25 19 31 36 23 38 25 14 2 33 29 22 10 16 12 38 2 13 13 45 2 5 38 32 27 12 20 3 37
20 21 42 10 7 34 48 43 19 48 30 23 1 32 38 27 45 47 42 30 11 1 8 28 8 24 8 6 40 14 13 12 14 0 11 46 5 23 18 33 24 24 23 9 45 17 46 30 35 38
1 45 14 3 9 24 3 26 5 35 8 39 10 23 4 8 29 26 39 48 50 19 11 0 20 34 10 6 37 0 34 33 19 25 2 43 31 33 32 20 11 7 32 2 26 30 9 10 19 17
40 31 32 11 7 9 15 12 2 45 36 1 33 16 17 45 35 18 41 4 4 23 5 37 30 13 29 24 13 35 30 0 16 22 12 49 29 50 4 5 28 29 30 30 35 35 45 49 47 4
17 19 20 40 22 5 49 31 47 29 44 24 33 33 8 22 0 30 35 6 3 43 25 31 11 37 40 25 44 0 2 3 25 15 46 35 12 43 39 40 17 26 44 32 45 35 8 31 39 7
26 3 26 26 8 24 38 6 9 10 33 31 24 41 38 39 41 41 27 19 5 2 40 2 20 1 6 0 11 26 32 20 17 3 12 49 47 6 50 31 24 2 26 45 34 44 13 43 29 1
15 1 7 4 47 4 0 41 8 41 45 36 44 35 42 30 45 24 13 4 49 33 30 28 11 12 34 40 48 36 1 22 23 2 32 9 32 6 2 43 9 13 11 38 49 28 25 23 31 11
11 17 45 18 40 25 24 1 5 34 43 10 16 24 19 25 46 29 49 45 7 41 46 19 20 11 31 31 31 36 1 39 20 47 34 50 33 22 46 22 8 30 15 13 21 42 20 23 20 4
10 34 17 31 22 29 32 36 10 9 44 5 10 3 0 45 49 46 4 8 33 4 32 34 38 27 32 21 40 13 2 50 18 23 47 50 43 33 39 19 16 10 9 39 31 47 41 40 5 33
42 12 37 25 19 1 22 14 5 48 41 37 22 30 29 42 3 17 10 42 35 15 38 11 45 0 37 6 35 35 5 21 23 1 10 1 42 15 12 18 14 19 6 26 12 13 38 1 38 21
50 8 45 33 26 49 5 21 50 12 2 8 36 25 18 6 25 50 50 31 12 16 50 48 45 10 32 41 25 22 14 11 6 32 21 4 41 15 39 19 38 17 21 17 44 17 39 20 2 28
49 9 14 43 40 34 10 38 23 6 4 4 40 50 27 7 44 40 27 10 9 26 43 39 18 42 11 27 36 0 11 14 48 8 42 13 9 41 5 25 28 27 0 6 38 37 2 46 25 48
16 41 48 38 27 18 29 13 5 17 31 16 45 5 7 14 6 25 45 45 30 35 46 24 24 18 23 13 50 5 29 14 48 20 25 10 27 40 15 15 30 5 6 26 38 45 46 11 28 33
3 9 32 48 27 18 19 38 26 5 29 38 23 0 23 46 30 43 2 5 16 4 47 44 16 3 4 44 6 13 39 50 4 41 6 41 28 4 17 19 20 4 28 15 31 18 2 44 43 18
36 42 4 16 28 12 27 5 4 8 15 5 28 44 13 2 47 9 7 31 7 49 18 15 28 3 2 31 33 0 8 35 30 38 28 10 6 3 25 7 44 40 49 1 50 15 33 26 44 17
4 44 16 43 1 28 12 39 17 0 45 32 41 30 38 9 14 48 28 14 36 46 27 34 15 42 11 48 8 3 36 26 11 44 3 4 17 1 6 24 36 18 30 12 44 2 8 36 46 39
17 47 26 44 32 29 25 39 11 6 28 15 8 13 50 28 43 41 1 27 38 37 46 24 14 22 11 40 40 45 7 21 16 12 30 41 33 37 43 10 7 13 46 7 20 29 19 23 36 39
10 13 31 20 12 32 10 0 31 18 26 32 14 8 21 29 23 13 27 9 12 21 14 22 30 39 29 41 23 3 1 22 15 5 6 12 32 36 41 42 6 3 11 38 10 39 15 47 21 26
10 21 31 14 10 45 18 2 36 36 20 48 16 45 26 12 6 47 4 28 10 48 7 22 35 48 42 1 45 23 8 31 0 14 0 32 7 49 38 34 21 47 22 32 41 40 50 30 26 0
8 25 38 29 43 16 35 41 10 37 38 48 33 45 38 28 26 44 27 8 33 7 6 26 46 9 22 1 29 21 2 23 25 22 25 25 17 14 21 16 22 38 33 39 37 47 11 42 42 17
-95 -76 -82 -26 -64 -46 -52 -44 -11 -55 -97 -3 -70 -61 -55 -11 -75 9 -33 -56 -90 -39 -28 -31 -80 -84 -98 -22 -37 22 -24 -41 -8 -10 -32 -62 -40 -62 -39 -80 -93 -31 -52 0 -82 -43 -54 -42 -23 -65
-53 -68 3 -58 -16 -29 -32 -61 -40 -73 -32 -73 -93 -20 -77 -63 -59 -99 -84 -20 -90 -18 -84 -16 25 -38 -32 -49 -12 3 -55 -46 -70 -48 -81 -7 28 -93 -70 16 -69 -32 -20 -80 -61 -91 -40 -93 -49 -83
-35 -54 -85 -45 -37 -91 15 -34 -30 -10 -17 -91 -34 7 -91 -58 -47 -60 -79 9 -45 -56 -41 -93 -70 -58 -1 -74 -79 -1 -8 -84 -61 -67 12 -98 -90 -67 -87 -91 -81 -34 -74 -83 4 -73 13 -59 -65 -64
11 -63 -95 -97 -97 -62 -80 -17 -73 -28 -82 11 -96 -18 -14 -80 -1 -69 -11 -85 -61 -51 -43 -92 -35 -37 -98 5 -67 -29 -96 -31 -79 -48 25 -55 -45 -50 -66 -55 -41 -31 -69 -67 -64 -53 -13 -7 -48 -54
-72 -73 -72 -93 -51 -83 -54 -8 -44 -36 -12 -58 -8 -93 9 -100 -49 -86 -77 -79 10 -6 -56 6 -65 -40 -78 -25 -30 -18 -92 -40 -48 -88 -54 -48 1 -55 -39 -8 -46 8 -67 -85 -46 -27 -78 -68 -47 -68
-32 -72 -53 -34 -59 18 -99 -66 -18 -100 -82 -91 -61 -69 -47 -51 -69 -2 -54 -68 -95 -16 -24 -59 -70 -50 -77 -41 -67 -35 14 -64 -29 -72 -79 -91 -63 -3 -47 -38 -76 -6 -69 -50 -41 -83 -44 -92 -26 -33
-89 -96 -87 -82 -96 -97 -36 -90 -27 -41 -86 -40 22 -67 -16 -85 -26 -1 -59 -67 -58 -44 -25 -33 -42 -39 -37 -85 -17 -63 -75 8 -38 -77 -72 -21 -29 10 -60 11 -56 3 -81 -79 -20 -88 -28 -75 -37 -23
-56 -30 -95 -97 -41 -11 23 8 -62 -77 -57 -69 -47 -30 -61 -87 -80 -84 -28 -19 -54 -49 -91 -45 -26 -58 -100 -72 -26 12 -97 20 -89 -44 -9 -56 -8 -34 1 -51 -10 -51 -24 -47 -18 -29 -75 -39 -33 -42
-50 -40 -60 -52 -11 -100 -100 -25 -74 -62 -90 -88 -70 -66 -50 15 -34 -62 -75 -66 -7 -99 -41 26 -59 -99 -65 -27 -34 -51 -61 -35 -33 -55 -7 -91 -41 6 -65 -62 -72 -49 -45 -54 -70 -79 -2 -75 -41 -68
-62 -95 -10 -47 -15 -9 -69 -36 -13 -37 -59 -75 -49 -1 -77 -81 -95 38 -2 -68 -5 -45 -46 9 -42 -92 -22 -45 -72 -84 -83 -92 -18 -69 -38 -69 -96 -77 -82 -77 -100 -93 -100 -32 -81 -46 -41 -39 7 -61
-56 -80 -58 -20 -25 -51 -77 -52 -71 -75 -28 -65 -70 15 -30 -86 -6 -53 -89 -4 -83 -83 -72 -58 -70 -57 -53 -68 -71 -46 -46 -60 -13 18 -72 -74 -49 -8 -34 12 -84 -92 -58 -64 -37 20 -81 0 -97 -100
-85 -73 -81 1 -38 -56 -69 -28 -34 -42 -76 61 -37 -44 -98 4 -30 -47 -76 -61 -73 -18 -90 -52 -24 -79 -49 -53 -60 -76 -2 -59 -32 -76 -98 -93 -48 -76 -16 -60 -82 -13 -25 -35 -87 -7 -64 -38 -69 -89
-14 -93 -76 -56 -57 -30 -40 -58 2 -100 -40 -59 -20 -10 -94 -52 -41 -41 -59 -53 -66 -15 -80 -67 -59 9 -31 -15 -93 4 -59 -75 14 -46 -37 -86 -100 -90 -4 -57 -86 -40 -92 -83 -91 -99 -77 -30 -53 -33
-73 -12 -38 -89 -24 -16 -68 -89 -61 -17 -80 -58 -20 -85 -93 -64 -60 -31 -60 -45 -33 -96 4 -34 -61 -62 -65 -86 -66 -77 -27 9 -59 -65 -82 -88 -92 -35 -21 -56 -43 -88 7 -84 -95 -99 -52 -77 -87 -77
-75 -10 -56 -100 -30 -89 -53 23 -70 -86 -32 -29 -70 -30 -70 -36 -68 -57 -99 -90 -86 -43 -71 -8 -45 -87 -35 -41 -69 -22 -74 -47 6 -22 -71 9 -72 -48 -38 -16 -19 -34 -14 -88 -2 -55 -13 -86 -80 -83
-11 -13 -85 -62 -53 -27 -70 -43 -53 -49 -60 -61 -88 -28 -81 -79 -54 -28 -61 -93 -19 -60 -31 -9 -91 21 -64 -93 19 -41 -34 -42 -29 -99 2 -90 -73 -39 -82 -40 -56 -85 -28 -32 -56 -91 -61 14 -39 -39
-74 -25 -20 -35 -99 -97 -34 -22 -36 -23 36 -27 -51 -62 -86 -92 20 -36 -97 -55 -15 -65 -61 -100 1 -46 9 -88 -44 -83 -84 -93 -99 -55 -4 -48 -92 -29 -23 -20 -82 -51 -49 -58 -67 -30 -5 -79 -86 -2
35 -56 -69 -87 -58 -90 -97 -28 -54 -33 -52 -59 -96 -4 -87 -57 -95 -89 -56 -91 -37 -32 -24 -81 -23 -7 -59 -14 -97 -16 -84 -90 -69 -45 -54 -68 -30 -51 -84 -62 -96 -95 -56 -40 -5 -53 -26 -93 -29 -43
-82 -47 24 -10 -47 -15 -91 -85 -18 -17 -62 -82 5 -36 27 -20 -61 -90 42 -48 -40 -77 20 -53 -92 -91 -83 -67 -21 -48 -89 -97 -55 -88 -54 -83 14 -62 -86 -60 -26 -51 -15 -88 -22 -42 -35 12 -88 -31
-93 -44 -14 -69 -48 -53 -97 17 -33 -97 -85 -19 -43 -43 -86 -41 -33 -89 -52 -36 -39 -46 -67 -43 -59 -100 -87 18 -20 -51 -47 -35 24 -70 -32 -67 -16 -88 -70 10 -54 11 -77 -5 -89 -64 -7 -48 9 -100
-66 -73 -59 -63 -45 -98 -99 -96 -56 -14 -63 -75 -10 -41 -38 -57 -90 -69 14 -70 -93 -23 -37 -69 -13 -32 -39 -53 21 -99 -32 -57 -68 -56 -2 5 -73 -64 -24 -100 -51 -76 -60 -35 -34 -92 0 -72 -95 -70
6 -89 -71 -64 -46 -29 -81 -80 -96 -54 -9 -17 -41 -91 -42 -86 -85 -9 -56 -89 -56 -25 -25 -60 -64 -67 -89 -61 -25 -99 -52 -39 -2 -98 -80 -56 -49 -52 -35 -33 -81 21 -100 -80 -78 -76 -29 -100 -68 -36
-97 -29 -97 -79 -34 -61 -65 -45 -92 -70 -82 -46 -32 -63 -49 -56 -14 -23 -13 -66 -97 -25 -47 -76 -5 -75 -69 -30 -65 35 -43 -53 -58 -74 -63 -54 -10 -93 8 -42 -80 -97 -62 -46 -68 -23 -66 -41 -46 -13
-32 -12 -79 -64 -20 -66 -84 -72 -47 -43 -73 12 -54 -40 -71 -57 -80 -38 -64 -20 -64 -44 -81 -72 -90 -37 -97 -89 -69 -54 -9 -82 -85 12 -48 -60 -95 -6 -54 -41 -91 -47 -19 -60 14 -79 -70 -72 -84 -50
28 -71 -34 -65 -77 -13 -91 -67 -44 -70 -20 -60 -64 -82 -76 -30 -62 -26 -17 -17 -4 -91 -62 -89 25 -68 -4 -70 -70 -42 -83 -71 -94 10 -78 -62 -2 -65 -16 -35 -65 -29 -99 -72 -49 -81 -66 -12 9 -87
-52 -83 -79 -83 -62 -61 -55 -65 -46 -30 -92 -92 -50 19 -38 -56 -73 -32 -97 18 -83 -95 -98 -7 -59 25 -19 -71 -16 -84 0 -85 -38 -22 -93 -66 -58 -97 -21 -67 -55 6 -57 -88 9 2 -65 -50 -96 -7
-94 -60 -8 -2 -44 20 -14 21 -87 -21 -48 -7 -47 -30 -53 -71 -14 -68 -44 -75 -78 -73 -36 -2 -33 -87 -73 7 -61 -43 0 -90 -12 -69 -69 -67 -48 -68 -59 -66 -73 -3 -54 -61 14 -40 -65 -32 -28 -43
-37 -2 -93 35 -5 -68 -66 -46 -77 -54 3 -44 -75 -91 -70 7 -80 -90 -56 -76 -65 -42 -41 -90 -40 -31 -78 -38 -60 -87 -84 -94 -1 -85 -96 -63 -68 -78 -1 -63 -95 -65 -76 -49 -56 -37 -9 -28 -34 -12
-75 -60 -97 -92 -23 -19 -99 17 -52 -68 -57 -72 -76 -94 -43 -21 -37 -62 -94 -14 -24 -77 -87 4 -27 -74 -98 -49 -79 -58 -40 -1 -47 -76 -41 -59 -24 38 -87 -71 -45 -34 -51 -61 -91 -53 -58 11 -69 -64
-56 -47 11 -82 -9 -73 -39 0 -35 -75 -32 -27 6 -43 -95 -81 -41 -44 -73 -42 -44 -99 -13 -91 -17 -39 -89 -68 -48 -80 -73 -19 -97 -91 -60 -3 -89 -14 -41 -37 -49 -40 -95 -20 -50 -25 -89 -45 -65 -60
-23 -80 -9 -63 -75 -46 -23 -39 -97 -81 4 -85 -36 -53 -96 2 -29 -95 -76 -2 -71 -37 -8 17 -47 -54 -87 -44 -69 -96 -55 -36 -83 -3 -12 -81 -9 -71 -40 2 -67 -31 -32 -75 -46 -34 13 -57 -19 -69
-79 -8 -72 -67 -75 -70 -50 3 -81 -55 -73 -44 -29 11 4 -53 -97 -49 -59 -82 -32 -42 -91 -70 -69 -60 -54 -76 -66 -67 -35 -14 -42 -20 -22 -64 -88 -46 4 -57 3 -76 -25 -36 -94 -68 -88 -43 -5 -47
-75 -18 -39 -54 -57 -46 -81 -30 -38 -2 -67 -60 -63 -86 -69 -66 -59 -85 24 -79 -62 -12 10 8 -50 -58 -17 -15 -55 -18 -56 -86 -54 -65 -69 -30 -48 -12 -70 -61 -51 -50 -99 -2 -8 -63 26 -77 -35 2
-9 -52 -85 -39 -5 -74 -59 -77 -59 -84 24 -74 -92 -54 -37 -86 -29 -85 -43 -72 -42 -59 -48 19 12 2 -69 -3 -87 -62 -7 -31 -55 -51 -15 -22 -76 -12 1 -56 -87 -48 -59 -2 -27 -18 -39 -82 -88 -97
-54 -28 -72 -58 -65 -33 -48 -95 -94 -82 -67 -67 -32 -87 -43 -22 -31 -57 -50 -87 -96 -89 -39 -83 -22 -89 -56 -72 -73 -18 -16 -58 25 -89 -29 -69 -87 -90 -36 -12 -26 -63 33 -43 -26 -60 -59 -47 -88 -81
1 -28 -83 -33 -65 7 -8 -37 -80 -34 -62 -66 2 -36 -98 -90 -86 -87 -45 -35 -52 1 -80 -95 -70 -18 4 -96 -62 -39 -80 -63 -18 -31 -66 -44 -25 -49 -62 -79 -49 -86 -73 -20 -21 -89 -22 -47 19 -81
-56 -9 -87 -14 -73 -52 -16 -53 -27 -5 7 -56 -70 3 -71 -27 -91 -27 -50 -12 -91 -74 -79 -100 3 -18 -64 -44 -30 -91 -78 -16 -75 -76 -10 -100 54 -65 -56 -74 -22 -93 -61 -86 -71 -48 -28 -48 -98 -43
-57 -84 -35 -31 -75 7 -96 -99 24 -52 -28 -21 -57 -56 -26 -66 -29 -25 -66 -79 -47 -23 -34 -27 -36 -35 -29 -79 -37 -28 -96 -68 -85 -65 -56 -38 -69 -99 19 -88 -18 -50 -20 -80 -49 -50 -20 -50 -96 2
-18 -64 -61 -21 -52 -37 -62 -44 -86 -39 -65 -59 -57 -29 -28 -50 -96 -50 -26 -99 -98 -50 -79 -82 -94 -57 -38 -12 -100 -45 -100 -72 -37 27 -1 10 -87 -61 -72 -72 0 -62 -75 -99 18 -22 -50 -65 -68 -80
-41 -28 -50 -52 -17 -43 12 -47 -34 -57 3 -82 -39 -46 -97 -61 -77 -40 -70 -74 -31 5 -23 -26 -79 -95 -68 -85 -29 -34 -53 0 -72 -89 -48 -13 -13 -59 -75 -31 -12 -55 -21 -61 -53 -74 -49 -28 -65 33
-97 -27 -61 -55 -49 -86 -71 -43 -65 -9 -93 -32 -22 -96 -93 -20 -58 -54 -42 -64 -57 -87 -77 -58 -79 -43 -65 -99 -86 -4 -73 -18 -41 -32 -3 -78 -96 -83 -84 -24 -90 -20 -66 -83 -81 -87 -95 18 -42 -89
3 -87 -69 28 -55 -73 -90 -72 -87 -88 -12 -78 -82 -88 -29 -52 -48 -89 -40 11 -55 -41 -17 -90 -46 -85 -94 -69 -56 -64 -56 -91 13 -74 -62 -67 -84 -61 -97 -38 -24 68 -66 -38 -8 -21 -91 -43 -53 3
-51 -40 -2 -24 -75 -57 -57 5 -7 -40 -87 -43 -98 -57 -50 -63 -2 -57 -19 -26 -35 -73 -36 -23 -80 -90 -70 -8 -20 -47 -29 1 -22 -70 22 2 -97 -10 -65 -88 -41 -94 -14 -12 -38 -75 10 -27 -56 4
-33 -23 -61 -94 -87 -71 -89 -41 -44 -41 -19 -94 22 -66 -86 -56 -99 -26 -59 -31 -22 -38 -34 -84 -66 -49 -63 -84 -33 -1 -69 -99 -26 -62 -57 -89 -67 2 -54 -56 -63 -6 -91 37 -99 -98 -68 -83 -35 -95
-46 -40 -29 -90 -96 -34 -84 -65 23 -69 -89 -34 -98 -90 -87 -47 -73 -56 -71 -16 -83 -64 -93 -56 -3 -53 10 -61 -70 -56 -55 -50 -55 -46 -62 -35 -65 -100 -47 -59 -41 -57 -69 -46 -57 2 -52 -9 0 -82
15 -35 -60 -99 -85 -89 -41 -31 -99 -51 -47 -6 -59 -16 -61 -96 -69 -98 -34 -99 -93 -63 -37 34 -58 -60 -31 -15 -31 -77 -58 -95 -48 -91 -88 -82 -50 -70 -61 -67 -76 -43 -23 -95 -5 -63 -37 -26 -43 -30
-33 -33 5 -96 -82 27 5 -50 -21 -58 -56 -66 25 -32 -87 -44 -34 -91 -40 -58 -41 20 -38 -48 -77 -45 -62 -43 -75 -81 -2 -74 -94 -91 -70 -35 -55 5 -99 -5 -29 -47 -67 -90 -83 -80 -44 -89 -91 -1
-43 12 -76 -16 -61 -71 4 -91 -69 -29 -82 -72 -54 -81 -86 -84 -61 -80 -46 -62 -53 -90 -89 36 -45 7 -49 -91 -27 -59 -81 -49 -37 -64 -36 -80 -83 -27 -39 -13 -64 -51 -42 -18 -89 -60 -49 -66 -18 -50
-84 -57 25 -4 -71 -60 -13 15 -95 -61 -11 -35 -59 -94 -37 22 -74 -82 -76 -69 -14 -72 -82 -59 -24 -47 -35 -28 -96 -34 -21 -38 -42 18 -57 -88 -64 -33 -72 -5 -25 -80 -76 -22 -6 -83 -17 -54 -8 -38
-35 -36 -80 -87 -49 -29 -74 -90 -25 -50 -31 -82 -95 -58 -100 -39 -18 -82 -74 -77 -71 -2 -37 -27 -70 -25 -24 -26 -89 -67 -51 -95 -35 -94 -57 -40 -68 -72 -90 -40 -90 -53 -21 -19 -99 -48 -33 -56 -53 8
90 13 69 75 31 41 71 45 56 30 41 74 -5 48 97 93 38 93 54 91 -21 94 51 34 79 73 42 20 14 66 74 79 97 89 95 27 33 52 84 90 70 31 14 52 81 43 -20 94 78 76
70 29 43 59 8 84 61 100 52 12 70 31 62 7 6 64 52 33 74 31 71 48 30 70 89 94 88 20 63 82 -26 98 82 79 36 77 99 95 63 21 36 -8 55 36 17 11 11 52 42 74
58 66 -11 42 67 -36 30 68 80 54 76 55 68 39 95 57 29 87 44 32 99 29 11 90 39 49 50 91 56 40 100 97 64 1 45 41 64 86 31 60 47 33 87 33 80 85 96 -11 74 -8
48 67 85 65 63 83 32 87 85 16 96 74 85 15 51 2 98 -18 74 61 95 60 67 77 -16 15 40 51 63 28 -40 48 47 57 61 2 37 -5 61 3 4 39 96 49 100 68 57 45 64 57
59 66 69 88 72 65 35 73 32 62 8 82 59 39 55 74 64 70 52 99 26 40 -6 86 91 23 25 39 100 33 38 29 70 43 65 -29 58 85 1 61 -20 28 -5 -3 63 42 35 29 27 84
-5 47 28 30 89 88 -4 98 84 81 2 84 51 5 95 14 7 28 70 52 57 17 92 99 48 82 81 -5 31 6 90 61 24 64 71 80 46 70 -2 84 57 77 -2 96 49 67 61 64 1 -14
74 95 100 95 5 20 29 32 93 -8 35 82 55 90 70 15 93 81 67 76 27 51 12 71 23 97 33 30 72 18 48 40 5 97 -2 16 36 60 10 30 71 61 35 18 76 52 58 36 62 88
19 74 54 58 6 50 99 76 78 76 79 20 77 27 96 69 60 20 45 29 10 32 90 20 99 0 33 75 74 30 75 74 2 52 64 48 4 35 72 80 89 86 59 90 70 91 99 37 94 0
41 94 43 55 73 27 19 80 34 86 46 94 71 41 51 48 43 64 58 -23 86 23 -13 74 80 72 24 73 26 78 92 56 69 70 77 95 76 61 87 35 85 98 54 21 72 19 48 -21 -2 69
52 51 33 33 80 84 -15 53 30 5 87 66 92 63 66 -34 27 65 1 -21 48 26 61 79 27 -2 13 40 38 55 5 48 33 59 49 -17 88 7 71 45 96 32 -13 22 37 23 -4 100 93 36
6 37 -2 20 96 25 52 59 4 62 96 30 83 47 -6 39 93 -11 77 31 83 82 -21 60 14 96 58 14 37 25 97 50 80 85 32 86 63 64 -20 94 76 21 76 55 -10 57 -6 99 70 50
44 15 46 49 -30 99 10 23 37 22 94 86 67 33 39 96 0 94 24 15 57 84 22 44 58 11 75 16 44 20 22 52 -10 21 35 -10 8 22 27 55 35 45 4 87 36 94 -2 70 67 8
81 48 78 47 60 52 67 23 54 5 33 31 83 73 64 54 37 88 96 50 87 3 -18 13 80 65 44 57 -23 56 79 51 80 25 13 34 79 62 82 61 9 25 14 100 -4 92 97 6 31 88
12 5 82 20 30 53 -8 -18 19 92 88 27 41 65 63 55 5 74 76 40 100 19 28 89 8 79 85 46 64 58 21 69 24 80 14 21 75 93 38 4 -24 7 67 92 15 95 58 29 -22 87
28 -9 42 73 47 69 19 46 26 86 -6 25 18 57 -1 -29 88 24 91 10 81 99 59 84 13 21 74 28 13 64 46 36 84 67 -28 51 45 14 33 21 80 14 21 52 40 63 18 69 29 37
7 81 75 94 24 86 67 75 53 70 6 53 8 38 46 56 -3 31 46 87 72 61 81 39 10 82 44 31 41 23 82 -14 28 73 62 84 87 21 62 67 15 -11 82 76 94 12 -38 43 46 5
30 99 -3 45 8 35 16 87 31 41 98 42 70 75 77 -2 71 -2 60 52 46 55 87 -11 66 57 70 84 50 94 16 72 85 -1 74 94 85 21 48 62 56 -30 68 99 61 10 67 34 47 82
92 55 11 71 79 75 85 -25 53 84 5 88 91 88 -21 42 17 71 57 98 29 99 25 48 80 99 26 42 97 47 20 49 59 74 -22 32 61 58 42 62 54 64 13 85 88 55 70 82 79 29
84 40 96 53 3 63 99 44 45 10 79 23 88 58 73 99 24 16 86 6 71 45 78 50 93 32 -9 40 74 41 79 91 59 15 55 25 93 39 34 35 50 2 45 92 87 72 14 25 0 100
57 7 87 29 35 90 -12 82 -4 76 39 26 -9 9 -21 26 31 56 99 88 -21 75 4 66 36 61 10 48 65 -33 42 45 100 22 40 97 66 96 42 50 11 63 33 17 19 82 25 77 90 79
-22 -35 83 91 55 88 49 94 94 26 19 97 47 71 88 73 67 13 86 86 73 66 52 52 52 13 63 40 83 77 98 42 96 85 90 63 6 42 67 24 90 40 20 85 72 99 33 16 41 15
65 58 43 3 36 11 26 36 25 -29 32 17 57 93 91 97 -7 9 -5 49 88 50 26 55 40 15 47 99 75 51 36 -8 87 98 -24 63 78 47 33 33 32 56 39 -17 46 10 95 90 52 87
40 91 52 84 47 51 51 70 -2 34 15 88 -13 71 -23 90 69 24 98 -17 74 40 72 8 18 54 12 -1 -27 64 86 94 93 3 58 87 22 9 96 15 7 62 42 100 78 81 88 41 69 11
47 36 21 49 73 35 89 27 97 74 69 29 90 50 97 20 -17 67 -32 46 77 90 36 57 85 10 39 2 73 37 42 47 28 50 -25 89 56 67 94 66 9 49 91 52 88 61 -23 80 78 86
96 28 79 48 60 98 48 36 95 15 37 38 54 24 61 53 20 50 72 -2 36 85 16 46 70 2 42 99 51 88 41 72 37 73 57 97 16 40 69 90 81 41 51 -8 64 5 89 99 63 68
89 62 84 93 47 81 -1 24 82 90 27 70 56 40 27 74 99 24 19 90 -16 97 95 29 14 82 5 71 49 76 84 100 72 85 68 75 51 29 57 33 -2 65 67 85 72 70 -11 44 -18 76
96 62 65 97 49 87 79 83 42 52 -6 89 -6 75 80 62 92 -1 81 -23 44 57 62 62 95 65 -65 86 82 68 91 51 27 33 64 53 0 7 42 87 45 25 20 28 69 55 35 36 93 43
-5 48 70 96 23 80 13 73 79 81 50 72 55 95 80 83 21 53 65 41 67 89 48 -23 85 4 91 -6 63 26 65 87 98 40 99 23 67 40 4 91 37 8 91 49 72 9 71 64 67 46
-8 22 61 89 38 78 4 37 48 45 98 30 -23 83 27 97 56 96 5 92 79 53 -23 38 100 19 55 -13 87 51 53 23 93 83 18 76 17 69 -6 4 47 -12 93 38 69 54 53 87 66 -7
86 93 96 99 100 14 34 59 -11 38 93 28 23 20 8 -2 88 28 -17 -30 -20 85 72 54 74 56 77 71 63 91 -9 82 80 7 83 66 51 20 59 23 42 -19 48 88 11 83 75 68 61 70
80 5 63 21 39 33 14 88 55 80 67 24 35 91 17 63 78 -21 25 77 83 60 40 28 97 49 71 40 63 21 86 -1 8 15 47 43 90 92 0 59 2 -13 33 58 13 73 22 -19 77 50
63 64 85 26 77 56 33 92 -9 95 46 42 18 48 38 40 61 53 75 49 58 -17 67 87 24 90 81 5 66 55 99 87 63 13 96 16 40 68 89 5 64 68 41 5 99 35 98 45 65 75
63 100 67 35 47 52 42 38 24 33 59 -15 75 12 46 17 50 82 92 70 40 56 86 16 34 96 65 60 1 74 90 -29 -27 50 81 99 3 49 44 43 -5 99 30 26 87 83 56 -2 14 58
16 55 62 -14 27 28 94 -11 29 47 58 60 2 89 15 47 63 39 -14 85 22 86 33 81 61 63 25 57 90 17 47 41 76 92 12 55 94 89 62 15 54 95 35 61 73 50 6 100 88 33
34 68 86 39 57 64 -15 54 48 60 -15 73 61 75 44 71 95 41 72 -4 26 48 87 -6 20 -15 14 47 13 39 48 27 95 94 98 17 55 68 68 97 61 99 84 -6 92 25 88 83 44 21
65 4 64 77 64 20 69 56 35 99 -37 41 80 39 58 18 100 93 57 66 34 79 92 66 29 67 69 34 38 56 -4 59 16 51 33 79 -14 -5 64 51 91 51 69 57 3 31 90 89 74 56
49 62 88 44 61 89 13 83 30 21 37 31 -12 80 50 27 37 -3 42 93 100 34 81 9 47 94 0 39 58 4 30 73 54 15 21 5 92 11 87 20 96 33 -17 93 36 73 66 10 7 18
97 84 46 92 50 66 82 39 57 38 43 85 58 93 -8 3 2 -15 59 71 70 65 35 90 74 99 82 53 80 64 90 99 96 61 63 47 95 -27 94 51 91 91 48 44 100 -10 100 -5 52 60
77 4 -19 90 1 19 85 65 44 -19 65 62 86 34 96 60 78 81 77 74 31 48 74 48 46 70 54 45 56 90 55 62 100 67 10 63 58 96 80 38 76 71 48 55 38 56 55 73 63 68
30 95 84 93 91 41 60 17 66 50 28 6 -4 39 66 55 19 64 32 82 94 24 15 66 84 -11 55 52 95 73 87 65 13 -4 28 58 47 3 94 95 58 98 100 20 31 -2 52 89 67 69
36 46 -23 41 74 53 36 89 10 80 80 99 97 -6 40 12 100 3 81 32 73 10 33 33 62 -4 9 94 85 57 11 33 85 99 94 -24 58 42 76 27 83 78 12 36 27 20 73 87 53 -7
82 4 91 87 49 75 32 38 15 42 5 89 21 85 28 -1 78 67 83 34 97 46 19 53 52 37 93 -10 17 36 61 61 97 48 -12 56 74 15 -8 81 78 78 -36 93 83 -1 4 0 74 90
10 89 85 90 86 70 62 91 52 -9 1 18 32 73 50 89 54 51 98 36 28 57 44 76 41 1 53 88 45 52 90 62 32 1 38 92 -32 72 35 83 -28 -6 51 31 15 9 78 -2 -8 94
96 71 -7 83 -4 51 42 -5 21 43 53 79 42 47 80 97 18 55 77 46 81 73 38 25 39 -22 97 10 43 85 49 10 41 42 35 51 77 73 33 84 53 47 52 84 97 29 99 40 -11 1
-11 19 62 46 100 93 91 52 87 44 5 66 100 92 82 80 13 68 70 57 15 52 -11 58 81 79 61 91 65 11 12 10 69 24 93 4 89 95 89 73 53 74 18 31 86 41 42 93 67 77
90 15 10 -30 40 88 -21 -4 13 30 46 47 61 52 48 91 91 51 94 27 -13 15 22 72 4 88 4 90 40 62 99 67 100 37 75 70 19 31 45 100 0 -1 36 63 30 34 88 80 43 -11
63 99 91 79 8 41 82 -37 71 40 91 32 76 73 97 -19 12 93 42 71 59 50 86 -7 69 92 52 53 77 56 79 24 41 51 8 46 50 44 53 57 61 8 60 26 -22 68 30 10 15 37
24 86 72 30 34 16 76 51 32 72 69 48 65 1 21 33 23 36 72 56 -12 40 88 74 57 98 61 30 22 85 89 32 44 41 52 71 44 24 15 7 70 52 59 63 68 32 7 73 17 -5
29 35 97 80 8 77 88 90 80 94 56 77 74 -21 90 94 85 25 68 35 18 -23 88 40 26 47 3 86 11 80 73 49 -11 90 65 85 32 -9 9 74 -2 98 40 10 54 90 62 74 80 49
49 3 78 46 47 13 82 -23 97 19 64 41 29 71 21 -23 22 74 46 93 64 58 -8 -6 26 40 47 8 57 59 5 46 63 2 84 -8 92 38 80 56 -18 46 25 19 9 91 75 11 51 76
