50
13 16 47 33 5 36 46 5 27 0 21 18 28 17 36 14 26 10 33 4 48 26 10 6 1 33 12 4 5 20 10 11 35 10 27 3 44 47 20 28 14 33 19 46 24 48 44 47 28 37
24 28 25 10 12 2 42 7 14 47 10 12 19 1 15 37 0 1 16 49 34 33 44 2 30 39 50 5 14 48 28 34 43 45 22 24 29 8 18 46 33 43 16 4 50 16 49 39 27 40
21 24 7 21 5 36 6 34 2 22 42 7 18 42 44 18 49 26 6 31 39 34 2 13 19 42 6 38 34 2 31 5 24 10 36 6 49 2 18 41 1 33 40 25 4 44 20 9 30 29
39 39 17 49 49 29 36 46 19 33 28 33 24 9 12 22 39 36 3 38 45 12 36 24 29 9 20 37 28 1 37 27 22 35 24 9 8 7 50 21 43 4 19 49 6 34 16 2 39 43
5 43 5 30 12 14 0 6 34 12 37 0 36 39 29 5 38 49 33 38 43 49 34 39 28 9 41 33 37 25 6 45 27 35 7 44 33 49 49 20 19 27 28 36 12 41 31 25 20 45
11 33 40 12 50 8 32 44 5 9 18 43 41 45 16 50 23 1 45 0 45 15 6 27 50 34 45 10 1 0 13 39 20 27 33 28 23 21 42 19 14 39 25 9 15 5 9 37 9 1
14 0 34 42 9 3 8 18 34 7 16 27 14 16 1 30 11 38 13 20 49 21 21 19 17 37 30 2 45 40 15 13 27 31 13 11 49 37 28 36 48 16 23 32 6 27 7 46 33 14
29 32 1 0 43 47 23 11 8 42 46 16 25 1 39 27 4 44 1 48 44 31 24 29 49 29 28 11 6 28 0 33 5 47 30 27 7 38 41 2 30 19 42 17 37 33 24 30 31 19
27 26 5 21 22 40 45 41 49 4 3 2 37 49 5 11 49 7 11 10 11 31 18 12 18 7 15 18 1 34 41 4 17 1 25 21 44 21 38 4 22 31 42 18 34 45 13 34 27 18
33 26 24 22 27 35 45 21 9 18 36 12 36 24 45 20 29 43 10 1 31 10 32 31 4 21 0 35 43 8 15 2 44 48 10 30 10 12 22 7 7 14 36 16 14 15 14 45 29 20
14 37 28 16 46 37 12 30 45 35 6 13 50 17 1 33 46 12 22 29 32 6 11 38 29 28 3 25 41 4 28 13 15 37 9 34 35 23 22 11 15 40 46 39 21 13 2 14 0 32
42 28 39 26 12 42 12 7 31 33 16 45 18 1 20 41 30 39 7 4 31 29 34 25 23 33 25 6 30 20 15 29 25 15 41 13 13 25 4 42 24 31 18 2 1 37 2 16 46 16
0 13 26 20 13 44 30 3 19 28 8 28 26 24 30 4 15 35 5 12 15 25 10 48 31 6 21 47 34 35 13 36 7 47 4 45 12 27 34 22 39 4 50 12 35 15 12 22 48 21
45 49 1 29 47 17 44 1 31 2 1 24 17 27 31 21 27 8 34 12 1 42 30 0 26 45 44 31 30 27 7 45 0 2 14 28 36 14 29 23 50 27 15 36 13 30 31 40 20 16
28 38 0 28 17 22 25 46 18 3 18 15 43 45 2 14 49 28 10 19 17 49 10 39 28 5 38 22 46 27 47 22 10 50 25 4 34 18 0 6 23 41 10 17 10 1 20 50 18 37
26 50 46 49 33 2 12 20 25 36 50 20 7 25 18 19 19 6 45 3 39 44 40 34 18 23 25 12 14 43 7 15 15 34 32 6 50 7 11 46 10 20 22 0 19 48 34 22 4 31
49 34 44 44 21 27 27 8 6 15 4 4 47 6 38 8 28 0 33 17 9 28 32 28 0 38 33 36 32 16 1 30 49 6 6 18 13 40 50 36 35 15 0 16 33 4 0 23 15 49
43 13 15 40 0 1 3 48 16 33 34 10 7 47 6 36 5 0 6 26 23 49 42 33 27 31 35 8 15 8 34 34 2 30 4 11 30 17 31 7 24 2 5 17 19 5 14 27 8 45
37 14 10 31 22 31 44 2 14 21 42 9 5 9 23 45 21 49 35 11 17 12 49 11 30 4 12 16 24 2 46 4 36 39 27 22 23 40 26 4 2 24 17 29 35 17 4 37 31 36
28 4 27 1 46 43 37 18 34 1 18 49 37 33 1 36 13 49 26 2 11 35 1 3 27 5 32 15 11 30 43 15 28 4 32 27 37 6 26 34 35 42 34 21 13 26 29 25 9 49
20 7 1 38 7 49 37 37 40 29 18 21 12 30 49 27 37 35 28 8 13 5 41 2 20 16 21 7 31 25 33 44 24 6 10 6 36 28 8 7 9 25 14 33 36 27 7 25 26 10
41 28 14 16 4 11 4 20 18 20 16 11 50 40 41 46 41 32 46 39 6 36 22 37 4 30 7 33 49 9 45 32 35 16 34 27 27 28 47 13 3 30 39 37 30 30 3 34 33 26
18 34 21 27 41 13 3 30 14 28 40 3 43 18 32 23 0 29 12 26 15 14 10 28 44 34 42 41 29 0 18 25 1 41 46 19 38 46 17 46 14 48 50 40 0 6 45 45 9 43
40 37 34 9 13 0 24 40 4 36 42 39 12 11 39 21 45 38 16 17 12 13 8 3 25 35 9 46 46 27 28 15 39 26 36 3 50 6 16 43 39 11 44 34 47 17 19 10 11 41
36 50 45 15 18 38 36 17 14 6 49 37 39 0 15 47 33 14 19 29 27 38 17 26 0 36 16 45 24 3 40 50 14 8 8 7 33 48 4 24 19 49 3 13 50 3 24 36 47 3
35 48 30 24 36 49 29 15 2 21 7 18 24 43 25 1 13 20 40 8 27 4 34 47 25 45 9 36 49 17 3 48 25 15 21 26 19 5 33 30 27 20 14 32 9 11 50 50 2 29
43 47 4 40 26 46 40 41 10 11 22 21 41 15 28 32 15 27 39 10 44 31 22 39 12 47 15 30 0 19 37 33 15 48 34 0 20 27 13 35 43 22 28 43 48 42 48 46 45 9
45 13 27 37 37 46 11 46 15 34 50 40 39 4 2 46 42 14 47 18 1 32 40 41 25 34 25 4 26 2 16 14 39 20 30 29 5 33 17 40 30 44 48 33 18 37 43 8 27 19
21 10 19 36 2 44 24 31 26 44 17 20 50 6 20 2 8 8 28 15 3 20 8 41 5 13 50 23 42 4 16 39 36 37 22 48 4 10 37 10 16 46 41 39 40 9 43 12 48 16
16 3 43 30 49 14 12 10 21 27 29 7 13 34 47 46 5 15 11 50 49 28 40 35 1 50 22 23 7 13 43 37 45 35 20 44 27 17 44 46 6 37 26 43 45 47 10 30 25 34
36 50 48 29 22 30 20 35 4 26 17 31 16 42 3 14 21 12 43 34 4 6 21 13 50 19 41 33 20 22 1 24 32 25 22 41 24 12 4 7 13 27 29 25 29 50 43 24 49 17
22 11 31 22 42 12 35 46 4 30 24 45 44 2 0 23 12 28 11 8 26 21 44 12 46 13 18 40 4 42 50 44 18 31 44 13 33 15 38 11 17 41 28 40 49 33 12 42 32 39
30 34 18 31 36 49 48 27 7 13 15 16 42 5 8 35 19 16 25 50 8 10 34 47 19 12 1 50 29 37 22 34 12 46 6 39 0 5 43 4 49 33 19 22 36 45 20 49 41 10
34 17 41 37 39 19 18 10 50 16 12 37 50 5 19 19 24 45 16 6 38 22 28 5 45 4 13 8 35 10 50 41 15 40 50 43 12 14 0 24 5 37 40 6 6 35 46 44 47 45
6 31 16 39 38 4 36 32 0 47 31 41 42 16 12 14 19 33 39 45 25 10 20 42 34 7 11 37 42 27 11 8 16 7 36 0 4 18 24 46 41 40 15 49 23 16 6 8 1 42
28 13 34 14 4 10 12 36 6 9 16 42 46 5 32 23 8 39 35 2 30 9 27 45 45 50 5 10 45 15 45 30 40 28 49 1 12 14 36 13 13 39 34 2 12 50 11 18 42 17
15 29 36 34 40 25 0 48 6 32 8 48 15 14 35 12 24 0 33 30 13 17 26 45 43 41 41 2 6 9 24 37 44 11 38 4 10 47 18 5 29 9 46 42 27 42 50 46 48 9
18 50 19 3 42 7 21 3 19 26 14 45 42 36 47 29 47 2 36 4 30 45 3 36 15 33 9 35 21 18 38 14 36 44 49 31 7 17 32 5 2 2 26 50 32 32 36 29 10 32
10 22 21 50 46 19 42 27 13 46 39 7 21 47 15 1 18 38 45 25 41 26 35 13 27 5 35 9 26 22 15 45 44 1 28 37 27 12 35 29 35 8 41 25 5 26 50 36 37 42
3 17 25 39 46 12 47 20 38 33 44 13 10 41 46 1 37 36 27 32 22 42 39 33 17 41 5 14 19 9 33 39 7 13 17 29 3 24 10 32 33 29 17 49 8 43 42 33 8 35
6 12 39 14 10 9 7 38 43 41 46 31 5 4 30 44 30 2 41 49 13 32 35 35 11 38 11 45 27 33 8 7 7 28 38 44 1 5 29 32 47 50 9 30 24 17 0 2 11 6
3 31 43 40 35 23 46 11 8 15 43 21 23 37 6 46 8 1 12 44 50 0 29 2 7 37 25 10 44 13 15 26 24 42 32 34 2 24 22 11 2 20 23 46 18 43 34 49 28 30
10 28 35 5 7 27 25 2 42 47 37 14 25 17 27 22 8 39 3 31 0 26 9 46 24 33 33 4 4 11 14 19 8 36 31 19 6 43 33 27 25 40 8 26 35 49 46 10 21 13
34 46 21 6 34 29 44 11 36 10 39 50 46 8 12 28 31 50 9 35 19 31 47 10 12 5 19 7 4 19 35 18 38 31 7 22 17 2 0 16 16 36 16 47 40 32 1 17 4 38
4 6 6 36 47 8 4 46 9 45 15 9 13 45 36 9 41 33 16 48 7 11 18 14 47 49 28 50 44 21 24 13 13 50 8 8 37 34 14 48 19 33 3 36 10 36 24 39 6 41
0 42 49 38 35 16 20 48 4 43 32 36 10 12 40 49 25 12 47 20 48 24 18 31 7 31 2 41 0 12 25 38 27 13 0 15 36 47 38 25 28 13 0 10 37 9 43 32 45 11
0 27 12 47 10 16 28 20 9 9 12 33 22 9 15 34 34 46 41 44 5 28 43 39 29 50 0 36 42 40 22 40 16 18 42 50 5 33 6 31 21 25 8 38 32 5 1 28 16 32
20 10 36 47 8 45 43 35 2 37 34 8 46 32 34 36 19 50 19 15 46 9 21 20 39 27 45 44 6 11 7 30 47 30 0 11 49 50 9 30 41 41 27 37 46 16 11 29 29 24
27 41 12 1 38 35 2 34 33 7 16 28 14 3 16 50 0 43 48 1 17 48 42 35 34 41 13 23 26 48 6 12 7 0 11 1 19 36 2 27 25 23 4 17 34 17 27 23 21 6
30 14 0 10 7 18 0 31 30 28 25 47 12 11 26 30 35 50 8 19 39 9 8 30 34 41 13 40 30 43 27 32 34 5 36 14 39 26 28 31 39 28 24 35 10 5 25 29 41 34
-77 -42 -61 -58 -35 -46 -78 28 -85 -54 -33 -66 -83 32 -72 -89 -68 18 -55 -88 -20 -83 -66 -27 -45 -75 -42 -81 -90 21 -7 -62 -58 10 -94 -32 -58 -94 21 -16 -83 -71 1 -38 -91 -59 -44 -47 24 -79
-100 -49 -60 -90 -15 -10 -47 -96 -87 -29 -72 -68 -12 -28 -93 -56 -51 -86 -41 -10 -27 -58 -44 -73 27 -94 -57 -45 -12 -1 -97 -49 -80 -78 -54 -74 -9 -77 -90 -97 -11 -50 -32 -66 -6 -30 -100 -28 -62 -86
-89 16 -39 -59 -54 -85 -42 -33 -69 -87 -55 -24 36 -50 -41 -40 23 -86 -75 -50 -99 -5 -39 -95 -78 -19 -52 -51 -54 -33 -72 -72 -54 -42 -52 -91 -12 -69 -47 -23 -41 -76 -61 -93 18 -70 -7 -74 -67 -84
-88 -98 -49 30 -88 -41 -61 -13 -75 -41 -79 -78 -42 -93 -47 8 -30 -76 -21 -62 -36 -73 -52 -64 -98 -20 -75 -63 2 -49 -99 -47 -46 -1 -69 -59 -60 -66 -55 -14 -89 -71 5 -71 17 -93 -64 -63 -11 -38
-88 -93 -54 -42 -81 -54 -56 13 -7 -97 -38 -69 -4 -9 -90 -84 -62 -45 -14 -54 -41 -46 -77 -86 -8 -88 -99 -51 -98 -45 -94 -100 -47 -95 21 -6 -86 -50 -89 -42 -32 -86 -84 -30 -96 22 -81 -96 10 -14
-90 -50 -5 -70 -6 -86 19 -60 -54 -89 -79 -21 -54 -54 -85 -41 -27 -34 -57 1 -13 -20 -31 -84 -83 27 -69 -58 -81 -31 -46 -42 -85 -35 -62 -76 -67 -15 7 -61 -52 -45 -91 -64 -78 -83 -25 -73 -87 -2
-93 -64 -74 -80 -59 -17 -75 -38 -97 -29 32 -62 -92 -31 -88 -14 0 -34 -50 -77 -89 -46 -89 -9 -21 -22 -89 -36 -21 -31 -78 -85 -50 4 5 -93 -17 -46 -100 -56 -65 -34 -33 -20 -63 -38 -32 -11 -87 -51
-55 -97 -48 -13 -69 -29 -63 -33 -48 -59 -56 21 -46 10 -76 -69 -59 -32 -54 -22 -38 -1 -53 -13 -19 -50 -67 -27 -29 -30 -70 -79 -99 4 -7 -20 -93 -25 -33 -32 -56 30 -35 -30 -27 -45 -38 11 -95 -9
-50 -51 -56 -9 -52 10 -27 -75 -83 -85 -82 -6 -92 -81 -60 -68 -81 -78 -29 -78 -58 -6 -43 -71 -92 -64 -70 -71 -24 -40 -50 -75 -84 -94 -18 -95 -36 -80 -71 -62 -44 -58 26 -72 -4 -86 -69 -35 -20 -16
-23 8 -64 -33 -74 -92 -64 -91 -86 -20 -4 -73 -96 -94 -30 -100 24 25 -24 -71 -89 -8 -58 -77 -85 -41 -21 -6 14 -74 -54 -68 -89 -56 -58 -91 -91 31 -72 -94 -100 -91 -29 -54 -29 -91 -94 -94 -53 -97
-59 -71 -86 -14 -46 13 16 -36 -17 -13 -64 -60 -47 -33 -53 -29 -61 -94 -45 -90 9 -33 -60 -7 -3 -16 -71 3 -15 -98 -32 -85 -27 -79 -48 -10 -87 -49 21 -91 -68 -15 -77 -7 -71 -62 -83 -50 -69 -60
-98 -42 -24 -29 -72 11 -39 -10 -93 -98 -62 -38 -69 -70 -48 -81 -29 -90 -41 -64 -61 -90 -91 -37 -64 -12 6 -90 -76 -56 -63 -67 -56 -67 -46 -69 -32 -78 10 -60 -36 -51 -7 -84 -23 -31 -32 -89 -50 21
-47 9 27 -37 -72 -85 -45 -73 -65 18 -22 -98 -72 30 -54 -89 -43 -1 -65 -66 -22 -56 -20 -84 -43 -52 -11 -75 -86 -17 -58 -8 -88 -74 -83 -95 -79 -12 -12 -92 -93 -74 -93 -91 4 -38 -58 -78 -85 -79
24 -85 -95 -46 -100 -68 -37 -14 -48 -82 -81 -8 16 58 -40 -10 -79 12 -93 -64 -92 -28 -55 -31 -82 -26 26 -80 -62 -38 -58 -97 -18 -62 -54 -18 -75 3 -72 -85 -4 -50 -45 -35 -17 -86 -49 -93 -5 -31
-19 -83 2 -47 -38 -46 -95 -24 -55 5 -28 -22 -48 -70 -23 -2 -79 -31 -45 -64 4 -56 -37 -78 21 -22 -59 -3 -93 -89 -69 -60 -92 -90 -79 -49 -71 -72 -90 -73 -38 -66 -58 -34 -52 -97 -55 -12 11 -48
-56 -16 -57 -1 -65 -96 -66 -89 -25 -55 -57 -86 -98 -49 -78 -39 -14 -81 -62 -79 -47 -98 -55 -11 -84 -86 -75 -60 -54 -54 -57 -27 -52 -57 -50 -10 -31 -31 -26 -72 -43 -40 -32 -98 -82 -82 3 -33 5 -56
-5 -75 24 -88 1 -96 -71 -62 -87 -38 -77 -61 -73 -47 -63 -19 -83 -37 4 -85 -93 -28 -25 -84 -76 -6 -23 -57 -32 -100 -39 -37 -22 -56 -71 -85 -57 -82 -20 -66 -51 -63 2 -3 -71 -55 19 -84 -46 -22
-83 -80 -94 -35 -80 -43 -48 -93 -75 -100 -66 -92 -4 29 -23 -92 -2 -43 -74 -66 -51 3 -40 -20 -100 -79 4 -17 -41 -44 -27 -19 -58 -14 -1 -93 -99 14 -56 -42 -57 -61 -80 -50 -93 -46 -87 -20 -79 -72
-16 -3 -23 32 -16 -51 -83 -64 -95 -64 -27 -97 3 -35 -89 -32 -49 -57 31 -25 -55 -6 -43 -11 -70 -82 -74 -20 -90 -61 -49 -7 -74 -64 -22 -95 0 -65 -47 -64 -17 -52 -94 -49 -10 -1 -82 -44 -92 2
-28 -39 -90 -74 -89 -45 21 -86 -71 -94 -30 -29 -13 -16 -73 -89 -74 -60 -8 -98 -74 -81 -89 10 -37 -100 -33 12 -39 -96 -80 -48 -31 -14 -99 -100 -52 -72 -34 -40 -5 -55 -32 -38 -78 -71 -100 -79 -74 -85
-90 -97 -100 -34 -100 -70 -34 -20 -39 -39 -24 -48 -57 -64 -43 -38 22 -76 -53 -66 -59 -85 -78 12 -100 -36 -65 11 -72 -63 -22 -78 -49 -90 -35 -20 -50 0 32 -6 -55 -76 -65 -79 -82 -96 -76 29 -69 -20
-98 2 -5 -95 2 -28 -28 -75 -24 -100 -66 -98 -15 -47 -81 -43 -60 -42 -40 -44 17 -88 -67 -54 -27 -20 -100 1 -78 -20 -38 -52 -79 23 -48 -73 -84 -90 -18 -61 -25 -48 -54 -18 -16 -74 -68 -54 -59 -36
-8 -24 -13 -83 -77 -48 -8 -70 -55 -5 -34 -48 -55 -96 -52 -71 -98 -90 -39 -29 -16 -87 -57 -40 -60 -6 -40 -38 -81 -35 -24 -88 -12 -83 -37 -60 0 -48 -42 -92 -67 20 -44 6 -80 10 -69 -65 -67 -43
-91 -70 -80 -30 -65 11 -37 -57 -56 10 -66 -78 -60 -41 -54 -13 -50 -56 6 -50 -6 -17 -3 -95 -30 -45 -86 -61 -81 -22 -100 -24 -15 -86 6 -22 -86 9 -43 -12 -88 0 -86 -75 -31 -38 -83 -55 -29 -46
-49 13 -94 -61 -41 -93 -52 -91 -53 -87 -14 -48 -17 -35 -55 -63 -69 23 -64 -37 -54 -55 -84 -44 -8 -37 -86 -2 -24 -46 -54 -68 -60 -60 -44 -95 -13 -1 -61 -15 -22 -99 -56 -14 -81 -77 -21 -50 -94 -36
-2 -80 -10 -49 -17 34 -23 -43 -76 -79 -35 24 -15 -62 -79 -44 -52 -46 -60 -30 -22 -61 6 -13 -5 -59 -94 -70 -39 -44 -22 -57 -23 -90 0 -72 -30 -36 -47 -40 -91 -35 -89 -84 -8 -15 -63 -26 -83 -73
-58 -8 -33 -33 -54 -54 -35 -78 -39 -100 -66 -69 -38 10 -64 -79 -6 -31 -80 -53 -54 -41 -85 -62 -64 -43 -34 -65 10 -43 -42 -41 -57 -74 -44 -92 -84 -52 -21 -34 -88 -35 -88 -85 -90 -84 -17 -91 -57 -31
-28 -46 -31 -65 -33 -78 -73 -72 -29 -1 -41 -29 -63 -26 16 -21 -86 -79 -36 -47 -42 -45 31 -97 -15 -39 -62 -47 -33 -31 -26 -66 -16 -62 -50 -84 -65 4 -69 -53 -48 -88 -27 -1 -57 34 -25 -43 -24 -96
-38 -68 -27 -47 -78 -21 -40 -99 -54 -63 -69 -60 -53 -32 -44 -46 -93 -30 -94 -65 -59 -74 -80 -10 -20 -59 -5 -29 -30 -22 -87 -18 -94 -17 -90 -94 -64 -92 -30 -74 4 -55 -75 -73 -67 -71 -20 0 -30 -76
-57 3 -30 -58 -15 -99 -8 -78 -78 -49 -77 -71 -99 -61 -8 -57 -33 -52 -59 3 -59 -99 -64 -45 -16 -39 -94 -74 -87 -58 -73 -43 -5 -33 -14 -66 -80 -58 -41 -65 -38 -66 -68 -65 5 -82 -62 -40 -24 -75
-66 -40 -69 -34 -64 -79 -47 -99 -39 -95 -63 -14 -62 -7 -92 -63 -77 -45 -85 -75 24 -50 -45 -43 -1 9 -13 -65 -98 6 -75 -68 -60 14 -27 -45 -24 -69 -91 -91 -95 12 -49 -3 -70 -13 -90 -100 -70 -88
9 -64 -80 -64 -96 -32 -7 -36 -19 -69 -92 -95 -53 -60 -60 -54 -43 -66 -97 -34 -41 -51 -63 -94 -37 -50 -62 -54 -99 -41 -74 -79 2 -41 -55 -44 -27 -65 -60 -30 -93 -43 -16 -27 24 -78 -50 -61 -73 -95
-65 -57 -16 -58 4 -72 -70 -16 -94 -90 32 -97 -15 -84 -29 -25 -1 -79 -42 -40 -53 -39 -3 -48 -93 -73 0 -9 -36 -44 -76 -9 -55 -30 -81 -74 -47 -68 -29 -83 -94 -71 -18 -81 -6 -84 -75 -84 -84 -15
-74 -74 -62 -67 1 -99 -17 -18 -70 -44 -44 -33 -45 -89 -31 -77 -36 -72 -46 1 -70 -53 -41 -55 -59 -93 -94 -20 -39 -53 -31 -77 -91 -45 -33 -92 -88 -98 -91 -65 -48 7 -4 -21 -55 -87 -96 -85 -9 -86
-91 -68 -33 -40 -39 -61 -55 -88 -43 -40 -43 -48 -45 -39 -22 -78 -63 -45 -49 -50 -77 -60 4 -38 -3 -97 -14 -41 -96 -60 -46 -87 -85 -68 -72 -89 -77 -21 -43 -19 -33 17 -50 -84 -68 -45 -48 -88 -52 -70
-40 -61 6 -38 -30 12 -78 -85 -59 -26 15 -66 -44 -68 -22 -15 -41 -53 -97 -10 -42 -90 -80 -14 -87 -100 -61 -8 -84 -79 -65 -84 -51 -27 -53 -90 -90 -96 -89 -40 -62 -63 -40 -74 -96 -53 -55 29 -41 -24
-56 -44 -82 -69 -56 -71 -77 -72 -43 -94 -79 -28 -49 -35 -40 -52 -93 -47 -76 -98 -80 -31 -38 -85 -17 -77 -10 -71 -47 -35 -4 -87 -68 -4 -51 -50 -88 -32 -33 -13 -46 -23 -66 11 -60 -84 -58 -43 -70 -20
-62 -20 -97 -98 -66 -91 -37 -27 -72 -38 -35 -41 -13 -6 -71 -98 -93 7 -2 -91 -14 -28 -3 -42 -47 -75 -63 -80 -64 -10 -55 -69 -69 -25 -5 -41 -34 -61 -99 -92 -64 1 29 -48 -44 -62 -96 -66 -77 -41
29 -57 -37 -48 -46 -33 -88 3 -14 -67 -48 -39 -90 -14 8 -58 -44 -60 10 -30 26 -28 -6 -29 -76 23 -4 -38 -84 -14 -18 -53 15 -20 -56 -87 -50 -65 -76 -39 -22 0 -42 -14 -49 -58 -52 -80 -68 -81
-46 -33 -92 7 -18 -15 -17 -47 -80 -49 -97 -27 -56 -57 -86 -58 -95 11 -86 -79 -36 -64 -73 -30 -10 -90 -36 -100 -77 -78 -5 -71 -63 -87 -38 -44 -78 -19 -89 -87 -30 -96 -80 -13 -21 -93 -61 -56 -15 -69
-65 -21 -10 -77 -86 -77 -87 -88 -75 -4 -83 2 -80 -19 -54 -34 -57 -89 -24 -1 -72 2 -94 -81 0 -58 -76 10 -22 -52 -88 -35 -44 -6 -76 12 -81 -73 -40 -93 -97 -89 3 -21 -22 -64 -24 -40 -92 1
-20 -41 -99 -91 -28 -60 -88 12 -68 -39 3 -87 -89 -53 -74 -41 -56 -53 -21 -70 -94 -100 -14 -13 -54 -39 -31 -1 -24 -46 -50 -94 -30 -4 -19 -84 5 -17 -30 -27 -48 -53 -40 -21 -74 -80 -56 6 -59 -31
-11 -76 -94 7 -58 -43 -61 -57 -29 -36 -44 -69 -40 -93 -28 -65 -56 2 -78 -77 -5 -64 -50 -94 -81 -28 0 -16 -10 -85 -65 -99 -98 -29 -21 -37 -41 -9 -62 -98 -84 -22 -75 -78 -19 23 -24 -86 -48 -1
-84 -76 -77 -79 -41 -54 -8 -15 -39 -14 -53 -57 -42 -82 -58 0 -85 -31 -96 -55 -46 -31 9 -77 -5 -44 -51 -34 -62 -82 5 -62 -58 -50 -90 -33 -15 -28 -69 -72 -9 -81 -17 -26 -55 -69 -88 -86 -32 -68
-25 7 -22 -32 -90 -82 -27 29 -70 -25 -34 -49 -61 -52 -84 -30 -58 -41 -3 -75 -33 13 -38 -16 -84 -98 -47 -33 -66 -12 -77 -45 -28 -95 -85 -89 -74 -18 -49 -61 -18 -44 -80 -99 -52 -91 -1 -70 14 -55
-96 -46 -65 -93 -10 -33 -71 -84 -50 10 -41 4 -59 -46 -22 -40 -27 -54 -19 -21 -27 -93 -19 -58 -37 -43 -38 21 -70 -70 8 -93 -48 -35 -95 -10 -79 -33 -66 -50 -44 -70 -94 -81 -97 -95 -5 -76 -98 -67
-24 -94 -56 -40 -37 -72 -6 -58 -5 -51 -29 -85 -18 -79 -89 -17 -28 -26 -55 -63 -4 15 -23 -35 27 -92 9 -60 -26 -55 -73 -65 -68 -46 -98 -57 -37 -8 36 -84 -94 -65 -39 -7 -9 6 -48 -41 -62 -94
-80 -23 -64 -62 -91 -68 -40 15 -77 -20 -99 3 -47 1 0 -37 -44 -68 -93 -66 21 -66 -42 -71 -49 -78 -40 -75 -51 -61 -59 -87 -45 -91 -49 8 -78 -68 -53 -91 -59 -60 -65 -43 -25 -42 -53 -35 -61 -22
-19 -53 -30 -93 -54 -8 4 -89 -90 -54 -24 -28 -85 -15 1 -73 -78 -49 -74 32 -47 -82 -75 -90 -76 -87 -47 -50 -86 -33 -44 -25 -49 -98 -40 -37 -71 -22 -50 -30 -86 -41 -6 -41 -88 -52 -27 -97 19 -18
-66 -55 -69 -85 -42 -87 -7 -55 -84 -74 -91 -93 -65 -100 -81 -77 -75 -4 -64 -84 -45 -96 -43 -45 -92 -91 -59 -12 -88 -43 -38 -92 -20 -88 -20 -22 -44 -68 -92 -14 -53 25 -42 -64 -39 -100 -88 -58 -92 -21
84 68 78 56 51 57 73 63 88 99 21 62 59 40 45 11 43 85 61 23 75 -32 99 91 -12 21 28 83 12 87 -2 67 28 63 72 40 62 -14 93 53 33 87 52 71 82 45 3 -12 56 47
28 81 46 6 96 89 -22 59 30 63 65 77 85 85 86 77 96 82 58 37 98 41 27 85 42 -31 90 46 39 99 -23 94 72 21 70 26 5 97 73 -11 69 62 96 63 31 58 -2 56 13 63
58 28 85 62 59 70 66 63 86 81 89 71 92 99 99 27 88 91 -8 81 0 43 83 62 15 26 71 64 28 93 55 45 94 -12 32 80 19 81 -1 79 88 53 76 89 63 26 65 50 5 74
86 57 -14 94 67 40 -10 48 84 63 63 52 82 11 7 27 98 1 88 14 99 -1 47 70 70 73 45 77 99 79 76 57 90 31 67 80 45 79 15 90 58 81 21 94 39 96 85 71 23 79
49 97 86 96 12 34 11 56 29 38 62 54 93 92 88 35 57 98 57 89 -3 46 74 33 82 55 4 85 28 65 3 5 91 5 65 82 29 45 53 70 10 83 82 80 99 90 26 17 63 44
57 73 68 35 33 34 47 56 34 24 99 60 65 30 65 17 34 90 -10 32 94 95 44 41 63 59 37 37 88 -6 66 82 28 27 92 76 -26 38 73 86 41 69 39 44 47 47 73 48 35 37
65 52 92 64 15 49 -46 98 97 23 58 52 11 26 76 48 9 30 -24 57 2 18 24 66 33 35 95 30 87 34 38 31 65 29 97 100 31 64 66 57 26 30 16 46 82 32 69 46 70 100
81 40 32 56 58 56 58 8 35 52 -9 79 15 87 41 24 93 64 24 52 16 39 64 13 31 36 -13 32 43 35 76 76 34 52 82 60 47 -11 19 66 60 80 100 35 82 88 2 79 -14 50
-14 2 91 76 50 86 23 59 68 100 81 73 43 -10 68 14 95 39 28 20 49 70 16 94 16 35 24 10 79 43 59 60 89 9 44 59 99 -4 14 -8 36 45 51 -22 40 -10 70 80 78 52
69 99 70 95 65 39 7 74 86 89 21 17 40 30 31 54 93 48 10 -7 33 87 83 57 -4 41 5 80 43 40 48 84 66 90 30 64 50 65 100 65 60 41 38 85 45 63 -28 69 24 38
92 8 26 68 83 45 65 11 49 35 67 55 86 6 49 98 -4 19 40 92 37 37 28 68 91 85 71 61 30 63 43 34 50 29 51 45 29 30 74 70 55 83 -18 23 68 39 79 55 88 13
39 35 48 88 74 17 -3 34 33 34 39 77 2 46 82 92 48 -8 48 91 16 98 -22 89 10 88 72 29 100 71 22 96 35 85 -36 73 20 33 75 41 91 -20 55 25 74 61 24 97 -19 80
91 75 56 56 56 31 93 22 72 78 32 64 21 76 5 29 43 23 78 71 62 16 1 46 53 67 7 23 14 72 16 79 81 44 2 35 9 22 98 -2 52 80 85 9 79 -8 44 83 25 100
91 -11 -31 80 25 79 69 62 85 2 11 87 62 84 44 64 45 74 38 63 34 27 29 54 68 27 70 7 4 79 70 71 -4 44 80 31 17 89 91 22 42 80 91 15 43 76 89 27 24 -4
100 -4 90 55 37 11 100 8 -7 48 97 26 61 40 47 42 -12 45 57 -8 46 89 28 71 34 74 -4 43 -15 74 17 58 25 75 85 45 58 4 85 -7 57 75 34 40 40 71 -14 100 84 91
79 67 38 55 62 88 25 49 62 51 52 46 43 81 20 31 98 8 40 60 6 89 51 68 -7 11 54 18 100 0 70 89 45 89 26 44 29 48 74 -6 90 73 -10 47 59 58 48 86 27 18
72 46 37 97 50 55 54 -13 70 44 70 90 55 11 -26 95 84 75 62 20 59 -3 16 87 87 43 21 0 29 57 -26 41 58 45 -4 -6 40 73 52 25 67 52 28 86 66 42 51 69 -30 31
84 -8 35 81 77 36 32 100 98 57 -3 72 93 35 90 72 95 99 89 55 94 35 24 93 38 27 69 98 100 29 56 47 71 90 98 14 35 44 83 91 81 80 70 80 28 81 66 36 2 43
67 20 52 47 44 -11 -7 17 91 69 99 54 54 27 98 26 74 39 87 22 -19 97 54 95 44 22 39 -4 31 42 82 60 41 36 45 -29 65 96 83 83 66 8 6 64 27 41 99 39 97 83
56 54 87 84 63 57 34 67 53 -17 76 81 -2 21 -11 64 -23 10 80 72 -32 58 71 87 22 20 100 62 48 58 50 50 59 79 12 45 46 77 14 10 64 -17 41 -3 47 67 39 36 70 -5
48 -10 -11 5 80 -2 98 39 17 91 40 68 56 95 85 61 44 90 74 99 65 42 -1 29 65 45 55 73 19 65 97 -13 -1 33 56 19 -6 51 73 26 0 40 92 93 53 32 46 82 45 34
59 69 100 22 62 86 64 74 90 26 92 82 24 67 51 24 87 86 57 24 89 50 88 44 -6 87 63 53 10 39 82 92 39 63 47 -11 62 30 73 -3 96 32 53 31 94 79 72 14 64 67
89 77 42 43 8 8 12 2 39 76 82 46 55 36 18 41 1 94 -21 85 76 68 -8 75 -10 42 22 83 61 -9 14 72 78 1 89 36 92 83 12 23 99 81 55 65 17 45 90 72 28 10
68 86 67 62 2 79 64 5 84 53 8 43 -17 18 14 73 77 17 67 95 80 81 50 26 85 20 26 29 43 33 75 82 28 30 36 29 66 33 38 48 86 98 55 99 48 70 94 59 83 -25
17 46 35 10 53 88 14 93 20 31 92 93 33 8 94 49 -4 57 56 -16 -4 68 58 13 89 49 37 56 68 80 65 6 94 34 74 24 45 25 97 40 62 17 18 96 77 -15 38 97 76 58
73 36 20 72 2 42 25 55 59 -6 64 34 97 61 82 -19 89 85 36 96 56 88 40 91 70 61 86 22 23 9 45 61 70 58 91 71 88 5 58 92 34 68 92 -10 9 64 13 69 75 15
55 73 42 33 25 93 81 -12 79 1 17 82 63 48 55 82 14 14 40 44 -1 -9 -31 17 16 99 58 57 37 -23 65 -12 73 35 -3 -22 49 80 22 -22 91 27 55 47 90 77 94 61 5 97
84 -5 2 15 32 35 26 62 49 7 41 88 49 88 71 70 -18 36 13 53 71 60 84 90 24 23 45 77 39 94 82 37 74 70 78 26 41 43 17 62 54 69 80 34 -14 94 36 35 81 6
-5 98 68 68 8 42 53 0 99 32 97 72 24 58 -4 82 60 82 73 7 68 55 54 31 17 80 100 76 -20 85 82 90 36 83 14 28 3 29 8 78 27 21 42 8 10 85 40 88 72 100
90 54 14 94 42 25 83 39 98 83 43 95 40 97 68 77 35 -6 96 90 72 86 71 98 43 95 15 53 42 98 89 86 25 42 57 -20 48 54 9 66 36 34 47 -3 37 35 94 28 66 84
0 80 -9 82 100 58 -9 -1 87 -21 -10 66 54 52 -5 84 52 63 22 1 95 95 53 55 61 80 77 76 47 57 26 66 -9 56 88 -25 63 7 66 36 61 51 50 32 77 78 -6 99 17 63
37 60 44 13 18 -9 76 43 50 18 71 12 65 93 34 86 84 -5 21 76 14 84 36 -6 63 76 25 -2 84 28 -1 -50 73 51 78 45 22 -11 68 12 70 -13 100 81 90 -6 33 69 36 4
46 86 84 18 13 82 9 5 24 29 74 25 87 -4 33 27 28 59 100 -5 46 17 71 60 86 53 36 7 44 62 93 65 61 57 -23 74 14 14 62 25 68 78 -2 66 88 34 8 20 39 64
70 9 29 65 77 75 22 65 51 70 95 78 39 28 52 69 37 10 40 95 76 43 74 95 77 67 79 70 15 20 40 52 80 81 13 88 75 17 83 23 33 65 69 68 82 74 80 37 63 62
2 52 54 55 100 21 74 60 36 98 82 48 -1 84 100 -25 -2 83 59 28 47 7 89 27 43 44 37 -29 43 21 86 100 38 54 36 44 46 24 47 98 55 93 18 53 -6 94 5 26 93 16
73 27 54 37 8 37 11 13 10 41 46 84 14 52 27 49 94 65 53 97 6 64 32 80 97 28 1 82 69 97 -23 89 22 37 73 42 46 86 76 87 94 34 50 4 54 42 27 60 -27 35
53 69 63 92 87 75 80 30 88 44 58 66 24 94 76 68 4 80 60 8 -26 60 58 97 44 59 26 54 83 36 31 44 57 41 13 74 32 60 -8 90 8 97 49 66 43 37 80 51 87 93
73 100 57 40 30 58 84 36 29 67 54 -21 67 79 44 54 66 87 46 71 18 67 33 99 8 11 100 54 34 50 81 67 41 10 12 69 25 58 93 27 -6 70 99 36 16 79 66 77 96 51
56 95 26 0 -22 73 92 19 88 37 59 16 49 56 87 36 77 47 92 -4 49 13 16 77 -1 53 72 16 60 39 75 52 58 99 43 58 -6 -4 71 43 10 74 19 29 25 -12 50 74 50 23
14 29 68 62 37 -7 74 82 67 40 -5 57 99 45 -18 92 5 63 40 61 71 90 -27 80 28 48 -27 -7 46 29 79 16 86 66 -8 39 84 40 99 97 38 50 -1 45 41 95 85 89 29 49
69 70 4 27 -6 -12 26 9 21 45 52 80 -19 90 96 38 70 68 74 47 92 22 81 -15 44 45 27 20 98 31 12 35 7 44 -13 27 74 -2 56 81 82 -12 66 29 14 11 57 14 50 54
34 96 77 5 78 -3 76 46 4 83 50 26 92 43 92 47 12 29 63 67 11 34 69 98 89 19 80 55 74 52 80 -15 89 29 39 40 73 29 55 55 86 70 -10 23 98 98 -12 64 68 82
89 15 96 58 73 44 16 20 38 -4 9 46 42 -15 51 65 54 78 1 95 26 26 11 56 -19 61 42 73 54 62 88 89 43 37 21 6 60 81 61 -14 24 -3 52 95 2 52 18 87 84 96
89 50 -14 23 71 12 54 100 71 54 89 63 51 88 11 30 90 4 41 23 59 33 33 75 55 60 97 12 70 31 29 40 -23 54 90 39 63 30 18 57 48 21 69 78 42 -11 95 45 51 10
23 57 87 73 46 27 20 97 60 100 69 41 33 71 94 6 13 53 71 60 45 76 4 85 71 56 44 79 24 61 50 95 53 41 90 49 40 18 26 42 94 40 1 61 92 39 78 86 21 88
78 90 2 6 48 87 -2 18 59 93 -1 83 47 72 48 84 21 47 93 24 69 29 51 90 56 39 33 39 85 -16 65 57 75 78 81 88 58 30 22 84 17 94 79 64 5 56 31 30 73 34
1 77 71 56 73 74 28 37 66 18 63 67 9 -8 -20 68 42 86 2 31 34 60 65 -31 77 88 58 89 9 43 55 10 17 88 46 -10 18 58 77 57 89 58 91 14 53 89 56 96 87 83
-36 89 -8 24 70 50 55 39 -22 45 90 16 15 71 12 -7 17 76 26 63 88 59 51 59 17 45 76 63 64 100 51 21 27 57 64 46 43 8 50 -25 83 68 37 31 56 51 76 -8 48 4
94 99 10 66 55 12 65 0 51 82 50 -18 47 29 74 56 25 -13 85 80 79 89 57 84 73 53 29 39 10 89 87 91 81 7 95 19 97 98 65 63 58 77 37 41 69 40 94 0 58 -9
74 69 29 52 95 71 77 37 40 -23 68 30 76 51 37 81 100 35 77 6 60 60 86 89 -10 80 74 53 0 74 76 26 72 16 18 43 17 93 90 94 97 39 46 65 68 -7 86 87 23 54
