20 20 29393559
56123587 14877077 32836365 32123304 66638860 53868134 64514539 16337156 33803819 42066578 43356926 41118848 8925169 9996896 50977230 48701677 60207553 22253133 24016825 35118995 
18123793 34353032 6943856 45142699 34600942 26012790 10962552 41589219 9793397 8885551 15256489 51093214 33617498 42416127 43647410 50336177 30763621 56944102 48776852 61594983 
17611760 20713241 5347618 55487614 32480875 48140158 12378503 63542632 6775000 46662452 758208 30424843 47351375 43100937 53329438 10390849 56120954 48771329 62328261 36574552 
29210138 66956502 66224944 65458835 28850049 41826418 58057899 64336551 29565718 17030263 3550423 39807551 41064404 34299064 1809193 7680377 38218699 40297662 51696747 38283367 
33807518 3386436 28117818 41800591 25106435 38566842 1906823 31653996 16409670 4057286 31550486 60932586 49490118 45830846 30332162 32724205 41430646 9541423 44263991 55930059 
33372254 1885786 1899254 4112333 45071384 20559793 9248596 22029234 4803155 62641758 48980155 34406956 23443283 39927229 23870056 701793 5573487 38125021 9535979 44538988 
7412625 47679491 46172074 54427609 66085306 38402855 5672799 31088172 37393787 42707061 3901589 40495195 45945981 45709261 16109359 41121360 4041466 0 17873987 37743586 
55184232 11484226 23525536 52126902 12679926 25617207 1743839 6534536 6335680 9267922 25710001 65355915 18258305 20260507 33481466 65949378 57630566 40778548 36948562 56930439 
38203025 16346831 3573892 39386632 66852249 37507508 14931218 52105156 2575880 60212924 31149743 63868691 30185691 36957144 66228163 8232604 34583301 56720011 36244203 28138204 
57258477 23234668 18698103 57854629 22697964 12679077 50232810 17063836 10369232 36165494 207997 13768379 65128027 11467955 56329117 18168013 16157892 11921985 10857064 15127285 
42264373 53780894 31628084 30623527 37864523 0 26256214 31991816 32306349 60953242 32497550 56063776 40056995 51387687 943741 986989 43212411 27006955 42975470 18877715 
60661882 20194391 14026944 54644202 7981113 22408650 22331749 63286782 42659622 4408860 6488166 34204687 45283072 11897367 59899358 24180241 48699999 1263097 25154811 64099757 
4429097 19050996 36420736 7279806 27206941 54357678 63622982 57129429 44137036 33999297 1703094 28189878 55785371 27001403 36956496 24781528 3480388 55385375 15009575 54385641 
47421266 46948834 25001571 52024904 47815207 65294063 52952510 47223689 61132537 11279908 45792007 3822836 39480913 3862867 51342242 3825670 8076939 31223490 30559494 36776686 
49732697 12815787 14308669 66191634 29299520 4186812 66804584 37048200 64917017 7427224 56215608 26126749 618385 58413141 37752438 64972114 28582569 54130172 40954749 38490073 
44430135 57998604 66869178 61555228 17610340 9793783 26480435 58948919 34689836 47590819 22950397 24506105 15567585 33350635 38452420 20293223 41666984 25763355 31844679 50184249 
21987065 23876727 44910297 8545115 38166051 54176181 48505569 40164717 27109063 65085310 65460571 36362051 8701273 30989042 33447253 11430246 53695394 64721185 11831667 18083985 
58456384 1401746 61440107 4125237 64994340 0 64779455 65332618 12837109 52646162 65162391 28146989 56467755 6485029 15213819 47779144 65150305 61124937 15984194 27549155 
45363929 49218751 17044406 270744 45712902 64703389 54622228 58344983 63801104 27849803 28801552 23757986 28700244 64259847 25405646 65864337 60213473 19361378 42774634 52644303 
65383677 55529409 62180977 51128666 14608030 49396700 59702885 30920135 24685553 4081474 26322493 45754812 47686102 219859 63695587 21120629 37847138 21187653 18431156 19582016 
