20 20 19245023
62619866 4328638 16257479 51439527 17970220 7041086 55492030 39460211 60527987 53332897 21818671 52018008 41520800 58565983 43698022 58978297 17825912 61729128 35558595 66370480 
52130580 35567005 5185335 65056007 21114465 41342549 34058955 55297344 36340384 55816922 64849433 12242126 889062 8385001 32738001 61429721 46889886 27588149 4980277 58540734 
41914115 25238245 60819869 49987213 43258278 26966033 0 45136628 3638665 22498542 41264969 1893688 17794987 898451 4397071 11843838 1613599 59147297 1676376 38579436 
35132614 20055420 27858190 51566142 66307250 11582294 23885457 23251266 19415725 32332986 56493361 1622491 45893299 61552261 36577718 56986626 45408627 43940840 49485273 35929152 
579794 16588519 23148744 61626421 51725416 43352285 8125349 36112148 43084288 23104246 63645191 23171621 16935452 43351731 17695352 35882306 45077616 4200041 41011958 33607514 
1535074 55709122 21052787 61778673 14738832 37311035 18739284 64472734 55685194 66180005 61826805 40877451 4353556 60560548 14315043 8845305 59792933 9284402 57936033 43991994 
18110955 48836893 41171876 58737845 34894212 11508869 44866391 59286885 54075462 55861344 16344920 8832858 50389305 30668021 16285497 34118582 11864983 54757476 3884800 36780977 
64722771 32034589 33168295 51214614 2986383 46994532 55306141 6762180 34275620 30390995 64278338 35158318 57410334 37432536 50312559 48393948 22558526 64599347 28190700 62720231 
31036534 8953721 7212024 61815681 40826224 38551700 36565701 2080362 50490632 31698752 57650681 27997564 22817485 31288464 33399854 24564000 18169732 36357223 18771315 50730711 
958884 3507711 38338505 42754482 56768987 57668710 39304102 63077082 14151560 40791804 54345846 20597257 14339391 0 7772662 37331221 3368463 15410505 60153566 42659926 
15625550 43222561 53726480 10808703 58703422 48056056 53015102 31666379 19302378 37927985 55544557 12363750 35551856 19260390 60361463 24752756 66355077 12622433 10634759 56964747 
5903087 10329764 13080608 42216757 8041226 8859362 28859926 29716207 13513028 50318595 42599954 28973100 24005281 3310372 38717459 63313363 48834615 23695380 52844136 0 
30751164 60164018 16813017 30709303 43050807 23757777 47854633 30713849 34705285 4920552 22147313 32215035 51598941 14920028 45281489 20930271 11269737 66606634 53011870 15182361 
8154566 37316449 53901534 33758323 23417480 10107043 44619856 5058185 45866803 18970023 676450 19846989 66971459 4197050 9992889 55854212 17089445 44270906 11910829 46261063 
45752124 59417625 14668233 23464067 4979549 60383328 52556367 3086714 14648402 2919850 17384883 10388544 29869531 53410468 35251483 47927358 20330409 57368980 46184933 4839090 
24175073 23228623 63586849 43807533 8827295 10318657 39093522 57197588 8527216 25401577 4388786 3869472 1944023 61601626 20222251 53192158 66604489 11805244 66377567 66154032 
4771633 59892680 7537505 24556233 51511149 6858064 36908537 65836981 47654863 14423988 54795300 56549071 30369309 15082478 62071697 46786633 26884369 2687879 25063205 61598503 
57902297 63248672 17529720 35272132 15116184 11176170 35212118 22455884 16989667 40837422 20292672 14691137 34682693 44182214 28277480 34259958 63228604 10512802 858040 34607383 
32621370 31853892 16595787 10882335 62972965 48652612 13540083 51395807 56786391 6071757 56638769 62353406 37900831 18982942 10047040 37300596 29221054 8329994 22596747 30734 
5628906 17022840 15631666 22380269 56804558 64484579 50944137 49575431 21635081 9468379 36777624 2177700 3172907 25437315 45482908 20514786 19903547 10332945 36080773 46835505 
