20 20 26884571
58810041 61344015 8744261 34212880 5737977 57154159 21554372 27698618 25880264 51678276 19162639 18098809 47297913 16399982 15679737 21668285 26019329 57499023 47067195 66927866 
44988026 30425486 56030192 31260202 52044193 1401876 20347927 56520265 42731864 12762898 55704341 66841560 16580900 24646457 23912497 66742620 42221744 32626305 55276053 11432924 
29163080 26014371 39377235 54399334 11114846 55145375 29948638 31903626 1629449 5445174 20841101 62935516 25768577 16694897 32142748 50370679 59478949 5588504 37213482 29460085 
11138421 34683708 65589436 21090424 13185688 52926126 12421304 61616933 17638871 13220485 26700011 5896612 37692576 32030876 2030340 43408417 28170628 54204689 48554263 48432717 
9791161 29393096 512027 45960669 33628313 63156198 39303788 48277770 53411873 6383702 16474697 722191 41260403 25848903 26344535 37817519 10932820 8920236 14223901 43116205 
16010415 0 16801723 30354566 56308818 55820560 41559919 56159842 51253226 23143722 6344710 6575844 24210247 29694545 8935043 42816549 57097788 35127296 3229485 54613408 
19907875 54883925 59575310 56848053 53315416 7385232 62956405 24121639 19611068 5795736 57407093 35764125 1845555 20685942 27828068 59985956 40102182 54295256 59996252 48766635 
43514369 21261199 5015997 6922118 12858294 6926098 58491049 36770284 36632633 30431224 39419271 21594745 60738050 51459458 52994689 22154669 35320463 18699790 54944261 44360298 
36856031 27255205 61125960 49884282 29261815 48581743 64264894 8865543 2526560 37468473 59174052 61783841 19238823 14345206 43016054 51815996 34372828 54830138 57585785 39138479 
25663764 0 53174209 5082163 51498038 31513832 64275686 42433773 11108976 29715443 16635181 11301176 38964066 59286360 4179898 50672229 63030259 48863289 15930327 43393803 
5024878 22306369 43232114 44420485 9349891 11085339 27653532 12438130 42835526 8227833 51980555 53565235 5982126 31616526 36443801 35681393 20735511 27740948 13724611 50009236 
21717057 18768071 43236651 42328653 60512078 23093863 33089815 22968076 48079176 17854266 6728175 50254219 8709017 10475784 8794307 54676545 40541585 18104990 52940739 40332272 
49283812 21524043 44580036 60171800 61146665 28413030 13876162 31713153 40592220 44351942 55163224 64301749 18440797 18378312 39970122 23326339 60840303 32168781 42888444 8606846 
11409337 61092409 4384248 2197372 13834185 45826805 39088236 28197400 2357772 5872238 0 48357802 18787632 39878487 60748052 45385382 57611879 26532705 23513436 52713083 
61464228 54558534 42604094 41905382 40388753 66462726 10844600 48846025 64565021 25455875 22737737 63021738 4512762 60146311 1562230 25749297 51336736 47717436 39326025 4315566 
3952712 43840434 40518349 5694097 7749490 16811741 11807123 33492464 59658592 26022549 57983536 52469252 25432857 39699732 17493437 62164396 33924966 63137914 12003414 11295464 
41379160 40441164 31545243 22358367 41281216 66518257 31232306 54203611 47879862 37102644 2654531 9372616 54417427 12019141 20543738 17349048 33522679 15912120 62479625 21692897 
46516291 15671045 5028899 13210013 59016736 6645766 64462210 36365034 67094646 6535932 4155234 36507368 64004726 24163721 61963652 17451101 48791057 3336759 40130476 39585332 
9790078 9442032 48140323 58680826 17138360 55905157 12075573 7935584 21832701 39341096 31496372 56220092 31962193 52247537 39937140 35780743 62777593 66681692 44253901 52722656 
61402368 62385865 3200028 65878024 7808950 62740731 16550466 44246756 57537324 11230618 18999076 32283262 55677625 25623473 53216041 55814020 31762807 22597680 47768511 2746312 
