20 20 39213048
3752300 39661141 65943174 24200320 16930089 58668435 48460773 24374463 10713232 60143790 42529339 9786645 44674916 66704009 61715566 286867 48191054 19949062 10526086 57410448 
7339351 53183632 59968306 41392679 59585137 1168530 58687556 14151351 26385390 25075709 59465521 12992609 61358854 4811463 15416466 491917 65625686 46569830 55093670 57792102 
17126492 26160985 60989133 15790937 6651388 46235040 28741134 486298 47304958 63344958 64935314 14022559 59953806 26614206 24863271 27067299 35084730 58445740 64151998 46241316 
35037688 5735191 24632813 22177381 37205405 40219158 2866798 654061 19955815 25210688 21296030 47374343 24089076 65361970 9464063 13452864 54143048 24634381 28778423 13732075 
22377035 25534965 2228494 0 7691424 2562633 0 51150739 22851828 26070457 56250480 58419092 33233017 37074644 33856854 66605096 16592978 55535444 21533808 19190148 
28390235 25866719 24807068 23022688 1743119 15239905 29637784 25862265 64186386 45932296 38402440 5208848 24228008 37050823 13393268 65049962 40546107 56380371 63879112 37763918 
58185433 10258857 3756499 172426 24767411 46461445 25069896 26416238 14503328 59636844 4037312 49798735 58614423 43800484 57175093 34901510 17574201 17078327 65408904 57746799 
32400197 55637747 45516029 24797162 11036705 33826668 26764730 38310109 29087576 10266233 36425291 65239599 34601750 52111539 60148001 50580175 64074414 33730810 44435726 5905707 
31094037 14782191 7914443 5352890 26493796 55600506 60617843 22204786 56288090 7964998 62236165 9030738 23259608 18655040 60923365 19533786 18650467 1051420 35333723 36706702 
51839141 21560785 14666003 44583287 23465196 56312856 38916508 7397537 8629417 58762480 27076585 25132958 45520371 1757212 22794963 61037826 32869634 28873891 12135061 46871525 
4804276 43624272 51790670 29866596 45304587 11579696 36528002 26294304 43046829 36390423 45546137 50914493 25072226 7482139 59589471 54582885 62694298 28230934 55535235 37496898 
17971429 13643560 8814872 3440904 3401593 799028 4799255 23048552 10737327 31942238 56639963 3152542 51950214 11922324 32076451 35413220 6362654 10495490 24909075 48313853 
46626367 2619803 30279092 38098859 32781264 53168023 64364655 6239801 22394464 6864111 57715478 5711602 16783008 25393379 58920924 28061351 18079975 25715573 10663895 66605101 
60901293 32443372 36916613 20191965 17538576 35723090 34670404 41537811 49193554 24921845 45076953 55330479 25270361 64450282 63052522 56014743 58342446 8727685 22809476 45389363 
7529598 64593123 26675862 11772399 30291228 53275488 11931507 18306493 35176829 56647713 63556692 64949904 49278779 31522443 30705876 59249122 23318675 2962378 57607282 30571567 
14546662 30907724 15331602 50614136 8490299 17579843 49632637 61862337 51499708 26442534 29450205 15987603 22486325 39124528 44380225 54797947 50246552 22984672 4221727 61410185 
33845372 40259703 18949069 59142610 9536665 63895421 15105798 48178414 23318861 36403773 65385836 18318202 45146907 38007364 21853696 3931543 59339814 26782694 63541420 46283626 
62801594 23495865 11026617 63900570 37945284 2869784 24973145 33190357 34869589 0 27934625 4513311 9606475 26817827 23930295 34228610 56647473 8947463 63698945 680798 
15376704 5040000 24046570 56010098 54252596 48856623 22236959 50021347 52708941 6001753 21878291 10514359 33524177 41961321 17916542 62001499 33020807 58323819 61872602 50350878 
13175101 43021713 60926949 14994355 17203268 60327602 21338402 31979699 31351791 14071238 65614168 31639833 22852632 56730220 21580305 61122500 19958683 34178916 60261660 51766777 
