20 20 36704060
6438753 19019216 41816254 26289896 23138070 61954460 5500605 35703158 2789677 2613857 18335052 53875470 15938797 5998231 26418072 40364386 14002830 55197001 33543688 22110455 
34201536 49288853 41945778 27510183 9921572 43666480 962020 29115165 59323857 28953056 32839324 28740956 44322256 54152705 62790416 16896312 9974944 22284801 61594920 7662810 
0 28647092 31427300 27944702 14669889 52394224 53240256 46311269 35954108 42157360 22127681 17909343 46535281 38368961 240934 3676581 67016409 38442725 15230147 39035171 
39128897 16965971 40538493 23964537 44917835 21508276 51318865 24308348 65043307 8028968 21400910 44447667 13463403 20684479 63093782 9687258 49182951 44092929 38541408 25633890 
23881425 65502310 51541625 41731567 11884270 11051743 8631231 60248793 42726999 26145867 60747556 18157228 43973113 25627138 46623153 12603304 60628758 58144846 18536193 65493825 
13052866 7445229 37969345 30198432 327526 40386960 46893111 43988768 8014656 56740959 16018616 48934609 26886881 19677299 34057776 59494649 45700270 26324058 2866334 36186766 
52736608 51229846 12068245 35443390 45349252 33476639 51002557 32954215 48159739 39548125 64496719 23333279 5183611 31917102 17053084 61483565 16091917 48553830 32760199 43423246 
43967885 55295050 6287623 32940786 34005037 8073620 27981222 59321276 40598001 57588594 11840005 57918725 27484468 24238087 3017301 20279705 11422754 22356969 23903455 18556664 
13435197 18857633 62904957 36991447 17979352 4550446 4429599 13048476 7915679 39524481 37052999 21172710 7710221 38311426 63430541 62235907 838899 33443851 58081052 62839416 
57074936 44638312 31002163 17108604 65126676 23404253 66740133 2641789 10999828 7576992 36226137 3607194 63022361 15539674 55348170 10592295 61581337 16143402 12268680 61777965 
23666268 41243938 42661046 24063719 51911424 37925320 6705802 53576006 50741109 65029142 48446673 58108269 54819842 27980667 22168424 40219445 28964927 26284376 1484739 46135467 
12215192 38024580 58232170 55899789 1484241 15590088 49838711 16124113 45387644 56879972 19204121 15378206 10500740 48080264 65907476 65315153 27335334 52695003 24513599 24372218 
5060083 38436344 23881989 66718940 27190607 14619883 47899620 18851696 17218805 44031929 41823473 46549346 16770288 61901782 26608210 8333074 2498979 38542764 20826306 24889364 
46584899 16299291 37440529 50664369 16257880 20838899 0 22542242 57560421 19514176 47642747 3153643 25635167 54228651 57095662 42692088 9691395 1050399 44995833 2968040 
12357483 27305334 54272574 53078382 345570 59933276 61051092 45858130 62822504 4816594 3253957 43368685 41697841 41747629 18735503 45578929 42453541 55265047 20966051 63141023 
13956961 13425420 21265385 0 63915214 7691701 19623903 56644666 62569963 42832421 36802483 58969060 16947123 46618472 23234562 983337 1318779 4608619 9191962 50781376 
52607144 52301519 47960987 63506003 24802616 37854055 40951546 20801792 55858743 33347259 41079809 9297881 36373579 48466823 27527244 5757539 26023977 21523773 24539086 6293786 
7605020 20016255 27123018 29905388 51715973 46738342 2550490 63081657 20371798 55868222 34034284 12871642 17143446 44498567 3571263 3902615 40255457 18235382 20736363 12716975 
46878949 32372145 55140438 47313364 25645286 40058391 46768448 66722859 10738490 17460278 24573112 43009233 36786125 29981778 32448036 31917905 35552159 38535269 63349821 50427183 
9193793 49880218 1946001 29741664 10371420 6562769 45292799 45306320 64170794 21253150 58288702 18166235 30846202 15024969 11067991 28704980 13874352 35588943 22490150 34965889 
