20 20 34294858
46605594 60975071 26727544 38998327 47868062 54398986 44790956 38531375 40853956 0 62830962 32701132 55924610 12537199 20178187 54250597 19784479 21468917 51475930 31537592 
9706310 25103519 58976636 46144055 14168076 50799660 54890655 44865805 32721627 39970638 32653191 23351699 51906288 36034604 47822475 16993243 29975003 45145566 39215765 32954665 
23936003 39745780 60677542 57925749 56588575 37240815 51937104 6793963 59259070 53347269 20137273 15710315 24047296 63290466 28582815 4815882 30229466 38964514 59639246 55154830 
10804758 61368664 20299436 55549174 64086352 38656203 24391982 28791024 35633083 36828211 12341472 64008544 48030298 14776768 50195041 55555296 32461191 37124499 33115108 54827066 
6792560 26370627 1359280 25963248 26635925 59493722 61784737 12956597 10350155 2579413 49578149 46617841 42559292 25752232 3303743 59783489 14521828 52997943 44771848 12486645 
11444502 25662430 65717545 25297296 37034613 39957610 26831331 51469388 14589691 23315101 63999239 26992787 65410933 22989486 66048382 29382022 56897797 33251271 65984706 41899386 
31747487 32409734 36914018 61788790 41602189 28136316 31631746 15766198 55921387 44116913 62464857 19023148 13718571 47934750 56293810 39196154 17810067 21645617 19514988 37880568 
559034 40504141 9979130 53975092 1950990 25015623 50242275 26618989 53613649 37635050 49166402 29349272 3819543 51532659 278599 42657115 22232137 62897174 54563253 3825045 
39016102 10538616 64481122 65873108 65097533 39317555 8868026 60121820 50823412 33816661 23695932 40607015 21348868 32711649 38452732 31593311 19440762 47727180 24878111 51932134 
56276664 25065985 52820834 13717583 3820530 16557278 18987411 31822306 32255153 23725237 54924310 3642908 49364819 51470284 4259938 2655021 20502665 36099421 48860289 9124984 
28689368 49906199 1224596 51990294 7431193 44631195 14774861 23391827 18904057 5857791 27258739 38801456 3636858 48652878 17886305 66955743 8220528 51889414 4528519 38282314 
18889732 39210393 49072871 28469389 4811572 31289326 3096729 48168055 36822609 41024733 66852680 42051341 11807104 9772725 14626995 30639367 56902714 20313530 39265325 59405649 
2073036 48934047 61241117 21454219 2261463 60785937 53026175 26183305 27134161 47031340 36219489 37562580 29943938 3047171 19865703 58018087 58058888 49200924 14428743 52065523 
36024020 23340786 54012750 12670683 27105323 0 20967026 25749465 36039481 33122469 4450174 44359133 1850519 4187185 24517229 29912415 575543 58072848 47461000 32008444 
30429836 37131861 59277966 25615971 38693822 12638316 43821362 50800342 38366250 59772303 36623768 25298861 31719648 40847442 52839388 35171027 9789475 767513 23384459 30017351 
26801644 34252700 8202791 63265180 15013991 26915178 15061927 4209785 10357877 9204835 28211957 63461657 50997800 48293437 45207662 51965900 17170762 14778880 55229542 57593973 
16303575 28504202 25721761 56255242 38208638 40392972 31650779 1497111 21462820 26765706 57464897 56348987 62376289 57769823 9090550 28447146 28189952 38487991 2338959 21495465 
51424899 62842899 56112791 21184533 25620894 37121736 62111244 26861788 49163703 50662272 31641823 56604546 5116524 16215992 15022456 27233950 21793805 57339712 29603632 44899675 
2209822 31318207 63134421 33124343 34296278 544300 18303786 40230983 4337315 40572246 1698148 18427441 23845539 57118813 16477614 13873200 59821356 13764150 66608038 29516756 
43023686 33905451 970462 30654015 51559979 0 41458009 36659036 25922730 33489870 13648176 15939098 22394078 7198545 41286135 13693318 56374715 2014093 61381189 13464067 
