20 20 21754012
59968229 24937796 40382351 49349951 11762239 3755062 31345381 28131517 1340630 43721198 46012959 7931231 3113240 52195665 11919420 18902826 51981367 26448422 12540993 34563657 
25233579 39461784 23207863 11862408 3703981 65986231 24675627 40333530 3401917 51972342 24399533 63569876 17925661 26154671 52472914 44992559 35396947 51873179 65555123 41593930 
30362795 19971930 26755436 51077541 64624306 19926001 27566493 35277671 27646141 15375431 48952427 52391129 22481248 30770343 33032576 28775401 55789303 44891969 63729031 42247080 
38125088 60163752 52234418 43566797 27279423 12785750 1809716 22102575 44261881 60335908 45546951 12695375 64956858 38847954 56732711 9678540 53990959 35576197 39073684 57539308 
40604876 64250948 22123348 47532570 34863175 50612090 65791279 26427746 53243675 61286007 38247410 10004215 51581446 37677295 39869932 39984302 34695820 41633145 63645556 14381696 
5962098 6138897 33323361 29618444 26561859 64817303 17561488 26461202 47872206 51014990 16205666 14519545 54276518 45307229 57007675 3396939 46839457 25722705 66025476 42742067 
1365593 29278105 48061866 36006406 3100078 20280073 40838045 65552567 20348482 1677656 44081234 21930081 55893244 34166691 57318081 12851393 4472966 28836583 25757928 9283769 
22255567 51677834 29310534 2808015 65683594 65635027 43604576 3943852 9229740 50569069 11841344 14930589 6233586 30799336 25077745 44868629 19571289 10227768 8181508 32350761 
65152164 16766772 51285262 11305746 27510233 54308120 45287208 50541999 54410436 29626372 30082414 33762305 53902451 56611963 48122240 18382253 38279864 64540645 39761156 32553597 
40644266 51921677 49109026 47922399 6104869 47103139 1921030 61914212 60322117 43252667 62510434 20183107 15060719 42988108 25645801 49813972 56145224 10155955 25725909 63180565 
64275260 65157933 12835426 7726376 51617784 51222112 8803921 23577299 36063600 14862291 2550630 39031551 24861403 57167217 21721066 11888441 39885618 25868042 44849961 11756084 
51012532 54532306 22651893 8174149 18069092 2926049 8126242 36875237 42359946 12923569 0 60577288 4731955 22680878 32817059 56990980 6853488 25058208 54551418 15309303 
14372737 22552051 57267677 56926918 6690416 13349757 60123610 8463320 11792619 45896537 15487070 52264603 53904580 17949413 12724926 9246719 9119599 54412356 53933361 6219513 
39725191 54408413 0 6136148 44088065 64085066 18889690 64895140 0 10635925 6084120 17281194 52006663 3799476 20214520 61811072 30412100 25780324 19620882 24107474 
21097350 54559020 51988790 63008986 30782430 23220123 45898580 21078040 54238398 42380991 2074370 3580366 51483518 60991406 24993530 59930499 33965786 38264833 60991128 41478273 
58714482 23818324 13958240 37873751 62665801 11117255 37047414 50185559 7817543 34068864 61104933 41492249 1017271 37469479 36081497 29512950 52974794 57445225 13028644 19594382 
13574674 41436533 66945085 47110211 18742279 45616770 59852412 60138939 39939717 4397639 50119263 45526114 12311884 11764609 5408137 62884838 4791935 40503921 27304765 51706553 
29469990 38892379 13902567 16391314 27302829 2383112 35531412 51423468 29808226 19871557 14158197 6332806 27145722 26501474 48638560 64618721 12478988 1192116 43820623 22606022 
1119125 4554515 52608735 19581117 24438643 57448796 56086737 34696342 31645930 61724145 53976717 29858532 34671650 30995252 62624410 275326 26656934 28085775 21119527 67061244 
9610214 10166384 7470982 7632960 63636407 51140549 26987692 36248810 55892174 2286468 44101042 15651298 62323016 33701 55962454 52932306 25987877 8957734 6743419 63638442 
