20 20 31785869
49257231 40333146 2602672 41055135 54076043 57685011 1828740 49860069 32930401 5335845 8539613 32904571 50911991 26581273 18953104 59892718 54422325 19612956 54555194 41515181 
51967752 55079809 28121527 285579 1103328 30277694 54249132 47652673 5800241 36530538 63832319 578538 18995957 30087621 64334426 46412166 56638505 14897968 39486635 40882807 
51297099 65945904 24848551 55467527 15874787 58944368 24364098 27620064 48201719 46028860 35760440 56560018 41705621 2176775 50705288 3102480 42355277 16423653 30040051 3692339 
43298996 55102737 54880898 19715894 22959074 35493737 50232573 32913464 24899316 8531693 20049269 14119358 11372172 47924804 55811259 1047599 27076428 47022135 51682534 16941910 
2354271 27365940 65468369 30796003 873968 19297996 50353562 27006697 39548848 51906613 0 31509285 49457761 17489748 50430665 55793815 19615142 22502165 44150661 49555419 
65739512 8300591 13522571 53752608 22122233 50706786 47831456 31271769 43815731 41653620 7702191 51664572 55244944 29240749 35056196 48328516 46184928 62807129 31089170 19867951 
7116374 12772170 48809837 5357952 40489996 36545107 56218065 34182270 44413562 12520910 10056025 50883635 42210563 22709527 38445385 15963886 16825705 4788495 61639301 48870850 
55995987 50283162 58611223 8770309 2129358 6293793 39911340 56852689 16836553 58796305 62875672 52664198 46301336 15622745 19791822 66004038 66998130 40816368 5450089 58363768 
37669107 21449037 54926374 9261894 27509147 50391790 58234471 16917023 50774092 11104978 51720241 38522165 10404048 10099710 15240623 8037119 19230289 45839355 46219693 62899641 
24681951 55038294 39239710 7360991 12634350 1045024 11188374 25834678 51601365 4194924 66017489 28838596 43521104 44182227 65713962 47519314 53208063 40107763 14288165 66133489 
8731364 39357419 14016998 30716658 47730153 46028513 62330039 33890284 33254744 25340796 24792966 4695867 50974561 17044074 52613476 44480891 8954520 22638556 35627271 66444305 
17463412 1311237 36757321 13889442 5496785 42080159 29919655 53589657 50235247 41299558 15795395 5477286 10418288 25776538 45121251 22513722 6633694 48099457 15467120 37151500 
4513315 57093347 47026295 55391895 43425679 11039117 27609899 22640537 37488854 33382606 5222497 250773 21320847 6025981 18443282 48269138 34842294 9970929 35758813 16053594 
50200363 2690695 4185218 45798525 7670833 7137568 6723176 44373579 27714800 7015968 59323928 2246045 61072371 18562416 16591808 19031309 50395562 2538493 56663218 35255673 
66952937 19765815 66921954 8750212 19298151 25832083 11243115 66011925 7973952 43429897 3684874 24171478 51105396 40836247 21502881 28893622 53070182 53854140 62586806 26211943 
16770397 14136574 9457393 14215393 28961286 22104676 4917410 1657821 19564785 57730812 0 64388409 8019035 32434191 1808726 65595596 38674461 1018939 34680327 48790932 
34759722 36205486 3167784 21915248 66526027 17449097 37348821 9179488 31491217 31443790 1409710 7295500 65661389 47291751 60101209 50574395 57515543 36244382 12230910 49927772 
8672328 66470052 7915465 8999936 34413952 36804490 33143660 14008414 3053472 56794699 40002202 64108750 22827985 62965824 51772557 10874702 31114491 14344362 41639809 9293056 
29509199 62414124 54402871 4549802 25498046 25073741 35005299 65336628 15793791 43232251 34193022 21656622 11833229 4539395 53502884 16437320 40065575 0 15241370 66684343 
25535448 49880142 42035415 15717771 23854935 64904010 65414454 49985656 58772452 40671782 6322711 2465499 30385600 32602159 30806589 48384661 50290384 3389305 23609680 63737227 
