20 20 24377630
61463726 40734858 51726205 36269688 11943910 60440184 45701020 0 39027312 17991525 61259255 62077215 62154866 18563841 22770300 47493156 61743756 58970690 25670865 3010749 
31625825 4741347 26528659 38040432 17377705 2345812 43865011 29731255 4342448 8594235 16605429 29078145 15481043 66653166 6911604 4177583 16072966 53679866 8339227 61810071 
28379728 40681632 31280685 6300037 53309005 56857682 62185407 47518773 262571 63590715 31336761 40891226 28339374 4183732 57430489 10921242 23243693 62836943 29483823 12063887 
22314899 60177616 2378145 64919112 43830878 64597423 64025833 33862854 58930083 5709976 9375890 49884416 39094536 34285931 29760639 2286303 11994824 18122557 1035621 45409731 
58582067 52916436 55399756 39982332 50153515 42117423 20669457 9593937 64934312 23274492 8744934 1366141 7653429 32997919 5899729 22354861 42908785 0 47543858 8299049 
51292675 30267535 65757439 31748381 58777110 41398486 66536968 62590764 35962223 13368354 41451520 17189294 31249678 14044257 35945807 45051721 61763043 46384919 64683154 35440765 
32614742 62352858 35246361 4360217 415167 52203222 15791975 20433859 42570478 8103243 41306549 4965493 482981 30339594 62536816 9981690 36786457 39117820 37438134 35044469 
59756917 31842459 31040221 53613274 28826198 13036663 55313132 48160115 67036752 66964402 51594527 53093724 44944487 36110980 15549544 5431815 45470871 13010359 0 63727849 
5798329 31822925 35543852 38198394 51603979 60381932 58749525 59621161 46522475 32767561 2477241 14756789 20087448 59664175 8294003 58842131 19771177 28257756 34160307 52940265 
11849223 50140802 61177916 16037654 58609902 45141446 40327652 48763432 34634736 5123396 49063703 64213731 22394354 64159754 53475412 63998657 44982574 40785688 14461871 19940716 
8788911 62031335 2381133 32683334 57180119 55219935 51417067 29050850 59993308 53333983 22576471 4321928 51099463 38985401 11845365 4834997 3264884 65369523 28474940 51582617 
13999125 49846279 17341751 5339543 30011055 45901411 23779076 43880648 49756187 53465962 31266904 7000952 66338566 39278642 9054201 24798120 18029169 32383172 34944834 13617802 
16532018 27029663 23964323 52737288 45954930 27975477 2435614 31207486 6294829 37049452 54706635 41514491 33304757 48237854 9755221 42950980 21905966 51093402 8952187 3658449 
29902099 42504225 8157840 50843022 19445936 46959978 26359548 25256731 9201831 10691870 464568 50925644 33752428 40274012 50559189 39395754 44289224 45021238 15836150 7790576 
19010137 59384371 5318354 2393231 14551056 36517067 17502387 30856746 25007793 53101550 38015481 2721051 50007639 52598141 11785368 13746156 37666542 66821583 24519830 34783199 
36554935 43217966 23070862 11627879 21050568 16045911 13820463 40537260 60401033 17355261 1267389 14846475 26359608 63831879 1603471 18734740 47554662 17532749 65321616 57855114 
32576120 58897311 39246527 66880486 6941222 27728831 8253615 59901652 55560191 47131042 7330567 20426293 5331171 15306290 10063618 1250843 55647880 45204943 60236016 31584848 
7872502 40027337 8658100 32123600 46832139 15440872 64142916 7364682 54274039 27501797 10289708 44865699 4432833 41877230 41604620 54201203 32429760 12624677 64276757 51586693 
41292323 36741409 12127375 49951323 55672682 47108972 36605014 24635049 46971115 50830340 34156377 21606101 35224142 40267995 54466586 5695101 65339665 46925910 45731120 52831729 
57421060 2133457 11360712 13549237 975054 8977946 40504864 57573376 23278182 18410481 11673610 18776896 63638427 51027087 42736495 23396499 25678477 23972892 9999049 53054287 
