100
8 7 10
0 2 0 0 2 2 1
1 2 2 0 2 0 2
0 2 0 0 1 0 0
0 1 2 0 2 0 0
1 1 1 0 2 2 1
0 1 2 2 0 0 0
0 0 2 0 2 1 0
0 1 1 2 1 2 0
1 14 0
4 70 1 1 1
3 17 1 1 0
2 25 0 0
4 55 1 1 0
3 1 0 1 1
4 88 0 1 1
3 3 0 0 0
2 86 1 0
1 90 1
7 7 10
2 2 0 1 1 0 2
0 1 1 2 0 1 2
0 1 1 1 2 1 2
1 0 2 2 1 2 1
1 0 1 1 1 1 1
2 0 0 2 0 2 2
1 0 1 0 2 0 2
2 9 0 1
2 59 0 0
3 12 1 1 1
4 81 1 1 1
4 7 1 0 1
4 52 1 1 0
4 29 1 1 1
3 77 1 0 1
3 44 0 1 0
1 39 1
7 6 10
1 1 0 0 1 1
2 0 2 0 1 2
0 2 1 1 2 0
2 1 2 1 1 1
2 0 0 2 0 0
2 1 1 1 0 2
1 2 0 0 0 1
2 33 1 0
4 91 1 1 0
1 7 1
3 80 1 1 0
2 71 1 0
2 96 1 0
4 55 1 1 0
1 58 0
4 90 0 0 1
2 10 1 1
7 7 10
0 0 1 1 2 2 2
2 1 2 0 1 1 1
1 0 1 2 1 1 0
2 0 1 0 2 2 1
2 1 0 0 0 1 0
0 0 1 1 1 1 1
1 2 0 0 1 2 2
4 84 0 1 0
3 13 0 1 1
4 85 1 0 1
4 42 1 1 1
4 78 0 1 0
4 60 0 0 1
4 74 1 0 1
4 40 0 0 0
4 12 0 1 0
4 97 1 0 1
8 8 10
2 1 0 0 0 0 1 2
2 2 0 1 2 0 0 1
1 2 1 0 1 0 2 2
0 2 2 0 2 0 1 0
1 1 1 1 0 2 2 1
0 0 1 2 1 1 0 0
2 0 2 1 1 0 2 0
2 2 2 2 2 0 0 1
1 35 0
2 79 0 1
4 86 1 0 0
3 76 1 0 0
2 29 1 1
1 17 1
1 40 1
3 57 1 0 0
1 93 1
4 16 1 1 0
8 8 10
2 2 1 0 2 1 1 0
1 2 0 1 1 0 0 0
1 0 1 1 2 1 2 0
0 1 0 1 2 1 1 0
0 2 0 0 2 1 2 2
2 2 2 2 1 2 2 2
2 0 2 2 2 2 2 2
1 0 2 0 0 2 1 2
3 35 1 0 1
3 87 0 0 1
4 26 1 0 0
2 4 0 1
4 87 1 1 0
3 43 0 1 1
4 57 0 0 1
4 72 1 0 0
2 20 0 0
1 49 0
8 7 10
2 1 2 2 2 2 0
2 2 1 2 2 1 2
1 0 0 1 1 0 2
2 2 2 1 2 2 1
1 1 0 1 2 1 0
0 1 0 1 2 1 0
2 2 1 1 2 0 1
0 1 1 0 1 1 1
2 89 1 1
4 93 0 0 0
3 9 1 1 1
3 15 0 0 0
2 63 1 0
1 26 1
4 8 1 0 0
1 10 1
2 7 0 1
2 1 1 1
8 6 10
2 1 1 0 0 2
2 0 2 0 0 1
0 2 1 1 2 2
0 1 1 1 2 2
2 2 1 2 2 2
2 1 0 1 0 0
1 0 0 1 2 0
1 2 1 2 2 2
2 23 1 0
4 72 1 1 0
3 40 1 0 0
3 89 0 1 0
3 80 0 1 1
3 56 0 0 0
1 45 0
3 5 0 0 1
3 69 0 1 0
3 36 0 0 1
8 6 10
2 0 0 1 2 0
1 0 2 0 0 0
0 2 0 2 1 1
2 1 1 2 0 0
0 2 2 0 0 1
0 0 1 0 1 2
1 0 2 0 1 0
2 1 1 0 0 1
3 57 0 1 0
2 44 1 0
1 10 0
4 84 0 1 1
1 63 1
3 24 1 1 1
1 0 0
2 78 1 1
4 10 1 1 1
4 0 1 1 0
6 7 10
1 1 1 0 1 1 0
1 0 1 0 0 0 2
1 0 2 1 2 2 1
2 2 1 2 2 2 0
0 1 2 1 1 2 1
0 2 1 2 0 2 0
4 77 1 1 0
4 42 1 1 1
4 14 0 0 0
1 25 1
1 69 0
1 62 1
2 66 0 0
1 79 1
3 47 0 0 1
1 79 1
6 7 10
1 2 2 1 1 0 1
1 0 1 0 1 1 0
0 1 0 1 1 1 0
0 0 2 0 1 2 2
2 2 0 0 1 2 0
2 1 0 0 1 0 2
2 44 0 1
4 92 1 0 1
4 65 0 1 1
3 38 0 1 0
3 38 0 0 0
2 89 1 1
3 18 1 0 0
4 45 1 0 0
2 58 1 1
1 19 1
7 6 10
0 2 1 0 0 2
0 0 0 0 1 2
1 0 2 1 1 1
1 1 2 0 0 2
2 0 0 2 0 2
0 1 2 0 0 0
0 2 1 0 0 2
3 20 1 1 0
3 83 0 0 0
2 23 0 0
1 84 0
3 43 1 0 0
3 96 1 0 0
3 92 0 0 1
1 24 0
2 52 0 1
1 21 1
8 7 10
0 2 0 0 0 1 1
0 2 1 0 0 0 2
2 2 1 2 2 0 2
2 0 2 1 1 1 0
0 1 2 2 1 0 0
1 2 0 0 1 2 2
1 1 1 1 1 0 0
2 1 1 1 2 0 1
1 53 1
4 63 0 0 0
2 15 0 0
1 98 0
4 66 0 0 1
3 37 1 1 0
4 18 1 1 1
2 84 1 0
3 86 1 1 1
3 21 1 1 0
6 7 10
2 2 0 2 1 0 2
2 2 0 0 2 2 0
0 1 1 0 2 0 0
0 2 0 2 0 0 2
0 1 0 2 1 2 1
0 1 2 2 2 2 2
1 85 1
2 55 1 0
4 54 1 1 1
1 52 0
1 18 1
2 69 0 1
2 20 0 1
2 66 1 0
1 86 0
2 93 0 1
7 7 10
2 2 1 2 2 1 1
1 2 2 1 1 1 1
2 2 2 2 2 1 2
2 1 0 1 1 1 0
2 2 1 0 2 2 2
0 0 0 2 2 2 1
0 1 0 2 1 1 0
4 55 1 1 0
2 32 0 0
4 31 1 0 1
3 57 0 1 1
1 18 1
1 11 0
2 100 0 1
1 64 0
3 7 0 0 0
3 80 0 1 0
8 6 10
1 1 1 1 0 1
0 0 2 0 0 2
2 2 2 2 1 0
1 1 1 2 1 1
2 0 2 2 1 0
2 1 2 2 0 0
2 1 2 2 2 0
1 2 0 1 2 0
4 85 1 1 1
2 37 0 0
1 48 1
4 95 1 1 0
1 53 1
4 91 1 0 0
3 90 1 0 0
3 88 0 1 1
1 50 1
2 66 1 1
7 8 10
1 1 2 0 1 2 2 1
2 0 2 2 0 2 2 2
2 0 2 2 0 0 1 1
0 1 1 0 2 2 1 1
2 1 0 0 0 2 1 1
2 1 0 1 1 1 0 0
0 2 2 1 1 0 2 1
1 17 0
2 66 1 0
4 75 1 1 0
3 16 0 1 0
3 91 0 0 1
2 33 0 1
1 33 1
3 70 1 1 0
1 38 1
1 29 0
7 8 10
1 1 2 0 2 1 2 2
2 0 1 1 0 1 2 2
1 1 1 0 1 2 0 1
0 1 0 2 2 2 2 2
2 0 1 1 1 2 0 1
0 1 2 0 2 2 0 2
1 2 0 2 2 0 0 1
4 31 1 1 1
1 86 1
2 82 0 0
1 76 1
3 37 0 0 0
2 48 0 1
2 83 0 0
3 12 1 1 0
4 50 1 1 0
2 100 1 1
7 7 10
2 0 1 0 2 1 2
2 2 0 2 2 2 2
1 1 2 0 0 1 0
0 2 0 0 1 0 2
2 2 2 2 0 1 0
0 2 1 1 2 1 0
1 2 2 1 2 2 0
3 68 0 1 0
1 45 0
4 24 0 1 0
2 59 1 1
1 85 0
4 81 0 0 0
1 35 1
1 96 0
3 78 1 1 0
2 77 0 1
7 6 10
2 2 1 0 2 2
1 0 1 0 2 1
2 1 1 1 2 1
1 2 2 0 0 0
2 0 2 1 2 0
0 0 0 1 2 2
2 0 1 0 0 2
2 86 0 0
2 78 1 0
3 73 1 0 0
3 69 0 0 1
4 20 0 0 1
3 55 1 0 1
4 57 0 0 0
4 79 0 1 1
4 76 1 0 1
1 58 1
7 6 10
1 1 1 2 0 2
0 2 0 0 2 1
0 2 1 2 1 2
2 2 1 1 1 1
1 0 2 2 1 0
1 1 2 0 0 1
2 0 2 0 0 0
3 0 1 0 0
4 37 0 0 0
2 7 1 0
1 73 0
1 96 1
4 77 0 1 0
3 87 1 0 1
4 90 1 1 1
3 64 0 0 0
4 35 0 1 0
6 6 10
2 0 2 2 1 0
1 2 2 1 0 1
2 1 1 1 1 2
1 1 1 0 1 1
1 1 2 2 1 2
1 0 2 0 1 0
4 48 0 1 0
1 58 0
3 19 0 1 1
1 90 1
2 79 0 1
2 22 0 1
2 44 1 1
3 69 0 0 1
1 90 1
3 1 0 1 0
6 6 10
0 2 1 1 2 0
0 2 0 1 2 2
0 2 0 1 0 0
1 0 1 2 2 2
0 0 0 2 0 1
2 2 2 1 2 2
1 13 1
1 0 0
2 19 1 0
3 58 0 0 0
2 81 0 1
2 29 1 0
2 77 1 1
3 73 0 1 1
2 69 1 1
2 7 1 0
8 7 10
1 2 0 2 2 0 1
0 2 2 2 1 2 2
0 0 1 0 1 0 0
0 2 2 2 0 0 0
1 0 2 2 0 1 0
2 2 0 1 0 0 2
0 0 2 0 0 1 2
1 0 2 1 2 2 0
3 73 1 1 1
3 7 1 1 0
1 95 1
4 99 1 1 1
2 1 1 0
3 23 0 0 1
3 43 1 0 1
1 100 1
2 72 1 0
2 13 1 1
7 7 10
2 1 2 0 0 0 0
0 2 0 2 2 0 2
2 2 1 0 1 0 2
1 2 1 2 1 0 0
1 1 0 0 1 0 0
2 1 0 2 0 2 1
2 0 2 0 0 2 0
4 73 0 0 1
4 8 0 0 0
3 68 0 0 0
3 54 0 0 0
2 18 0 0
2 54 0 1
3 69 0 1 0
4 30 1 1 0
3 86 0 1 0
2 20 1 1
7 7 10
1 0 0 1 0 1 2
1 1 0 1 2 0 1
1 1 1 1 0 2 2
1 0 0 1 1 2 2
1 0 0 2 2 0 1
2 1 2 1 0 0 1
2 1 2 0 1 2 2
3 29 1 0 1
3 95 0 0 0
1 63 0
3 35 1 1 0
3 49 0 1 0
2 33 0 1
4 79 1 0 0
2 3 0 0
3 91 0 0 1
1 80 0
6 6 10
1 0 1 2 1 1
2 1 1 0 2 2
2 2 1 2 2 0
2 1 2 2 0 1
1 1 2 2 2 0
2 2 0 1 1 0
4 95 1 0 1
1 72 1
4 97 1 0 1
1 71 0
1 62 1
3 71 0 1 1
2 12 0 0
2 35 1 1
2 75 1 0
2 47 1 1
7 8 10
0 0 1 2 1 2 1 2
1 0 0 1 0 1 0 2
1 2 1 2 1 0 0 2
1 2 0 1 2 0 0 1
1 1 2 2 0 0 0 0
2 1 0 2 2 0 1 0
1 0 2 2 0 0 2 2
4 91 0 1 0
3 61 1 0 0
2 37 0 1
4 17 1 0 0
3 100 1 1 0
4 68 1 0 0
4 60 0 1 0
3 59 0 1 1
4 88 1 0 1
4 6 0 0 1
8 6 10
2 0 2 0 1 1
1 2 2 1 0 2
1 0 1 1 0 0
0 2 1 0 2 0
2 0 1 1 0 1
1 2 1 0 2 1
1 2 1 0 2 2
2 1 0 1 1 2
3 86 0 0 1
3 85 0 1 0
4 42 0 0 1
4 21 0 0 1
2 78 0 1
1 60 0
2 89 1 0
2 9 0 1
4 8 1 0 0
1 82 1
6 6 10
1 1 1 0 0 2
1 2 0 2 0 2
2 1 1 1 1 0
0 2 0 1 2 0
1 0 2 0 2 0
2 0 1 2 1 0
3 37 1 0 1
2 7 0 0
3 15 0 0 1
4 89 0 1 1
2 41 0 0
1 87 1
3 12 1 0 1
1 79 0
2 80 1 0
2 30 0 0
8 6 10
1 2 2 1 1 0
0 0 2 2 1 0
1 0 0 2 0 1
2 1 0 0 1 2
2 0 2 0 1 0
1 0 1 2 1 2
1 2 2 1 1 2
2 2 0 0 2 2
4 31 1 0 0
2 97 1 0
1 66 0
1 99 1
1 20 0
3 88 1 0 1
1 58 0
4 46 0 1 1
2 59 0 1
1 63 1
7 6 10
0 2 1 0 1 2
1 0 0 2 2 2
2 1 1 0 2 2
1 2 1 2 2 1
2 1 1 2 2 1
2 2 0 0 2 1
0 1 1 1 2 2
4 70 1 0 1
3 17 0 0 1
4 46 0 0 0
3 83 1 0 1
4 19 0 0 1
4 46 1 1 1
4 95 0 1 0
2 73 0 1
1 69 1
4 39 0 1 0
7 8 10
0 2 1 2 2 1 2 1
0 0 0 0 0 1 0 1
2 0 1 1 2 1 2 2
2 0 0 1 1 2 2 0
1 1 2 1 1 2 1 2
2 2 0 0 1 2 2 0
1 1 2 2 2 1 0 0
2 70 0 1
2 79 0 0
3 40 1 0 1
3 26 0 1 0
2 22 1 0
2 85 0 0
2 73 0 1
1 68 1
1 31 1
2 23 1 0
6 6 10
1 1 0 2 2 0
1 0 2 1 2 0
1 2 2 0 0 0
1 1 1 0 2 2
0 1 1 1 1 2
0 2 0 2 0 1
2 48 0 0
4 39 0 0 0
2 3 1 1
2 94 0 0
1 13 0
1 100 0
2 36 1 1
1 86 1
1 6 0
1 22 1
7 7 10
2 1 2 2 2 0 0
2 2 2 1 1 1 0
0 1 2 1 1 0 0
1 1 2 1 2 1 2
0 1 2 2 0 1 2
2 0 0 2 0 2 2
2 1 1 1 0 1 0
3 54 0 0 1
2 41 0 0
1 55 1
1 20 1
4 63 1 0 1
1 42 0
3 85 1 1 0
2 27 1 1
1 3 1
3 33 0 0 1
6 6 10
2 0 2 0 0 1
1 1 1 1 1 1
0 1 2 0 0 0
2 2 2 1 1 0
2 0 2 2 2 2
0 1 2 0 2 0
4 3 0 0 0
3 52 1 0 1
2 20 0 1
3 73 1 1 0
1 63 1
1 13 1
4 48 1 0 0
2 84 0 0
1 41 0
1 49 1
6 7 10
1 2 0 0 1 1 1
2 1 0 0 1 1 0
2 0 2 2 2 0 2
0 1 1 2 1 2 0
2 0 0 0 1 2 2
0 1 2 0 1 1 0
1 80 0
3 2 1 1 1
2 89 0 1
4 43 1 0 1
2 36 1 1
2 85 0 1
4 91 1 1 1
1 1 1
4 33 0 1 0
4 50 1 0 0
7 8 10
1 1 0 0 1 2 0 0
2 1 1 1 1 0 0 2
2 0 1 0 1 0 2 2
1 2 0 1 1 1 1 0
2 2 2 0 0 0 0 1
0 1 0 0 2 2 1 1
2 2 0 2 2 1 0 0
2 61 0 1
3 96 0 0 0
1 7 1
2 62 1 1
3 66 0 0 0
4 10 1 0 1
2 5 0 1
3 6 0 1 1
3 3 0 0 0
3 29 0 1 1
7 7 10
2 2 0 2 1 2 1
0 1 2 0 1 1 1
1 1 1 2 2 2 1
2 1 0 1 2 0 2
1 1 2 2 1 0 2
0 2 2 2 1 2 2
1 0 1 1 2 2 2
2 21 0 0
2 30 1 0
2 56 0 1
1 49 0
1 82 1
3 43 0 0 0
2 47 1 0
3 98 0 1 0
3 69 0 1 1
3 19 0 0 1
8 8 10
1 1 2 0 1 0 0 2
1 2 0 0 1 1 1 2
1 2 2 2 1 1 1 0
2 0 0 1 1 0 0 2
1 2 0 2 0 0 2 1
1 1 2 1 0 2 2 2
2 2 0 0 0 1 0 1
2 2 2 1 1 2 2 2
1 19 1
2 85 1 1
2 37 0 0
3 2 0 1 1
3 40 0 1 1
2 58 0 0
2 32 1 1
3 44 0 1 0
3 71 0 1 1
1 16 1
6 7 10
0 2 1 1 2 2 2
0 1 0 1 0 0 2
2 2 1 0 1 0 1
2 1 2 1 2 2 0
1 0 2 0 2 2 2
0 2 0 0 1 1 1
2 82 1 0
1 8 0
4 69 0 1 0
1 8 1
3 88 0 0 0
4 64 1 1 1
3 74 1 1 1
1 82 1
4 54 0 1 1
2 97 1 0
6 7 10
1 2 2 2 1 0 2
0 1 1 1 0 1 2
2 1 0 0 1 1 2
2 2 2 0 2 0 0
0 2 2 1 2 0 0
1 2 0 0 1 0 0
4 40 0 1 1
4 28 1 0 0
3 57 1 1 0
3 74 1 1 0
2 96 0 0
2 3 0 1
4 32 0 0 1
2 53 1 1
3 77 1 0 0
3 51 0 0 0
8 8 10
0 1 1 0 1 1 2 0
2 0 0 1 0 1 0 0
0 1 1 1 1 1 1 1
1 2 0 2 2 1 2 2
0 1 1 1 0 2 2 1
1 0 1 2 0 2 0 1
0 2 2 2 2 0 2 0
2 2 2 2 0 0 0 1
3 34 0 0 0
1 24 0
2 32 0 0
2 31 0 0
3 17 1 1 1
3 35 0 0 0
3 14 1 0 0
3 60 1 1 0
4 59 0 1 0
1 73 0
8 7 10
0 1 1 0 0 2 0
2 1 0 1 1 2 0
2 0 2 0 2 2 2
0 1 0 2 1 0 1
1 2 0 1 0 2 0
2 0 1 0 1 2 2
0 0 1 0 0 1 0
1 2 1 0 2 2 2
2 32 1 1
2 33 1 0
2 38 0 1
1 74 1
3 14 1 0 1
2 88 0 0
2 57 1 0
1 11 1
4 25 0 0 1
3 71 1 0 1
8 7 10
2 1 1 2 2 0 1
0 0 2 2 0 1 2
0 2 2 1 2 1 0
2 0 1 1 1 1 1
1 2 0 2 2 1 0
2 0 0 2 2 2 2
0 2 2 0 1 1 2
1 1 1 1 0 0 1
4 12 1 1 0
4 30 0 0 0
2 20 0 1
4 83 0 0 0
1 52 1
1 62 1
4 100 1 1 1
2 94 1 0
2 50 1 1
2 8 0 0
7 7 10
1 1 0 1 2 1 2
2 1 1 1 0 0 1
2 2 2 0 0 0 0
2 0 2 2 1 0 0
0 2 1 0 2 1 2
1 0 2 0 0 2 1
1 0 2 2 0 1 1
4 28 1 0 1
2 44 0 1
2 75 1 1
1 14 1
2 23 1 0
1 9 0
4 96 1 0 0
1 63 0
4 97 0 0 0
3 11 1 1 0
8 8 10
0 0 1 0 0 2 0 0
1 0 1 2 0 1 1 2
1 2 0 2 2 2 2 1
2 1 0 0 1 0 1 2
1 0 1 0 2 0 1 2
0 1 0 2 0 0 0 1
0 0 2 0 1 0 1 1
2 2 0 1 0 0 1 2
4 88 0 0 0
4 77 0 1 1
3 77 0 1 0
3 75 1 1 0
3 11 1 0 1
1 8 1
2 81 0 0
1 81 0
3 72 0 0 1
4 60 1 0 0
6 8 10
0 0 2 2 2 2 0 0
0 0 1 0 2 2 0 1
1 2 1 1 1 1 0 1
0 0 1 2 1 0 2 0
1 1 0 0 2 2 0 1
0 2 0 2 0 1 0 0
3 86 0 1 0
2 92 0 0
3 95 1 0 0
1 46 1
1 12 0
3 49 0 1 0
4 60 0 1 1
1 43 1
1 86 0
3 18 1 1 0
6 7 10
2 2 2 1 1 1 0
2 1 2 1 0 1 1
0 1 0 0 0 1 0
2 2 1 0 0 2 1
0 2 2 2 1 2 0
2 0 0 1 0 0 2
3 64 0 1 0
2 7 1 0
4 61 0 1 0
4 37 0 0 1
3 51 1 1 0
1 94 0
3 39 1 0 1
1 95 1
1 91 0
1 55 1
8 7 10
2 1 2 1 1 1 2
0 0 0 0 1 1 2
1 0 1 0 2 0 1
1 1 1 0 2 2 0
2 1 1 2 0 1 2
0 1 1 1 0 2 1
2 2 1 2 0 2 2
2 0 1 1 0 2 1
4 69 0 1 1
2 37 1 0
2 13 1 0
1 13 1
4 38 0 1 0
3 78 1 0 1
1 92 0
1 54 1
4 78 0 1 0
3 15 0 0 1
6 6 10
0 1 1 1 1 1
0 2 1 2 1 0
2 1 2 2 1 0
1 2 2 0 1 1
2 1 2 2 2 1
2 1 0 0 1 0
1 79 1
1 89 1
3 9 1 1 1
4 9 1 1 0
1 5 0
1 63 1
1 65 1
1 99 1
3 39 0 0 0
1 22 0
7 7 10
1 1 1 2 1 1 0
0 0 0 1 1 1 0
1 1 1 0 0 0 2
1 0 2 1 2 0 0
1 2 1 2 0 1 1
1 2 2 2 1 1 0
2 2 1 1 1 2 0
4 2 0 0 1
2 29 0 1
4 47 0 0 1
1 79 0
4 49 1 1 1
3 66 0 1 0
4 60 1 1 0
3 100 0 0 1
3 17 0 0 1
3 83 0 1 0
7 8 10
2 1 0 2 0 0 0 1
1 1 1 2 2 2 2 0
2 2 0 0 0 1 1 0
1 2 2 0 0 1 2 2
1 1 2 2 1 1 2 2
2 2 2 1 0 0 2 1
2 1 1 1 0 2 0 0
3 48 1 1 1
2 54 0 1
2 66 1 0
2 9 1 1
3 30 0 0 1
1 16 1
1 98 0
2 3 1 0
2 33 0 1
2 96 1 0
7 7 10
0 0 2 1 0 2 0
0 1 2 2 0 1 1
0 0 2 2 2 2 2
2 0 1 2 2 0 0
1 0 1 0 0 1 2
1 0 0 0 2 1 1
2 2 2 1 1 2 2
1 41 0
4 50 0 0 0
4 92 1 1 0
1 27 1
3 68 0 1 1
3 46 0 1 0
2 90 1 1
2 91 0 0
4 97 1 1 1
3 58 0 1 1
6 8 10
2 1 0 1 2 1 2 2
1 0 0 2 1 1 1 1
0 2 2 0 0 2 1 1
0 0 2 0 1 0 1 1
2 1 0 0 2 2 2 1
0 1 1 2 1 1 1 2
3 99 1 1 0
4 9 0 1 0
4 88 1 0 0
1 62 1
2 22 0 1
3 72 0 0 1
3 44 1 1 1
3 73 1 0 1
4 24 0 1 0
3 69 0 0 0
7 8 10
1 2 1 2 0 1 0 2
0 0 0 0 0 2 2 1
0 0 2 1 2 1 1 2
0 2 1 1 1 0 1 0
1 1 0 1 2 2 1 0
1 2 0 2 1 1 2 0
0 0 2 0 1 1 0 0
2 62 0 0
1 17 0
1 12 0
1 53 1
2 24 0 0
4 12 1 1 1
1 47 0
1 56 0
2 80 1 0
3 88 1 0 1
8 8 10
2 0 1 1 0 2 0 0
2 0 1 1 2 1 2 1
1 2 1 1 1 1 0 0
0 1 0 2 0 1 1 2
2 2 2 2 0 2 2 2
0 1 0 1 1 2 0 0
2 2 0 2 1 0 1 1
2 0 0 2 1 2 1 1
1 69 1
2 42 1 1
4 41 0 0 0
2 39 1 1
2 37 1 0
3 66 0 1 1
3 93 0 0 0
3 22 0 0 1
4 4 0 0 1
1 69 1
6 7 10
0 2 1 2 1 2 0
0 0 2 0 1 1 0
1 1 1 2 1 0 0
1 2 1 2 2 0 1
0 1 1 0 2 1 2
0 0 1 1 1 1 0
3 91 0 0 1
4 62 1 0 1
1 40 1
2 57 0 1
1 49 1
3 21 1 0 1
4 98 1 0 1
3 47 1 1 0
4 99 1 0 0
1 55 0
7 8 10
2 2 0 0 0 2 1 1
1 2 2 2 0 2 2 1
0 2 1 2 0 2 2 2
1 0 1 2 0 2 0 0
0 2 0 0 2 0 2 2
2 0 2 0 2 1 0 0
1 2 2 2 1 0 0 1
4 53 0 0 0
4 56 1 0 1
1 29 1
2 10 1 1
1 59 1
2 26 0 0
4 34 0 0 0
4 55 0 0 1
3 55 1 1 0
2 9 0 1
7 8 10
0 2 0 0 2 2 1 1
2 1 0 0 0 2 2 2
2 2 0 0 1 2 0 2
0 2 2 0 0 1 2 0
1 2 1 2 1 0 2 0
1 2 0 1 0 0 2 2
0 0 1 2 1 2 2 1
1 41 1
1 90 1
2 95 1 1
1 68 0
2 85 0 1
3 50 0 0 0
2 86 1 0
1 79 0
4 48 0 1 0
1 78 1
8 7 10
0 2 1 0 1 2 2
1 0 2 2 0 0 2
2 0 0 0 0 0 0
1 1 1 2 0 0 0
2 2 0 2 0 0 0
1 2 2 1 2 0 2
1 1 0 0 0 0 1
1 1 1 0 1 0 2
2 16 0 1
2 93 0 0
2 85 0 1
3 68 0 0 0
1 33 0
3 28 1 0 0
1 69 1
1 13 1
4 20 1 0 1
1 17 1
6 7 10
1 1 0 1 2 1 2
2 0 1 2 0 1 1
1 2 2 0 0 2 2
2 0 2 1 0 2 2
1 0 1 1 2 0 1
2 1 1 0 1 2 1
1 38 1
2 34 0 1
2 86 1 0
4 87 0 1 0
2 71 1 1
3 62 0 1 0
2 43 0 0
3 5 0 0 1
3 75 0 1 0
2 63 0 1
7 7 10
0 2 2 0 2 2 1
2 2 0 2 2 0 0
0 0 2 0 2 1 2
0 1 1 2 2 2 1
0 1 1 0 1 1 2
1 2 1 1 2 1 2
2 0 1 2 1 2 0
1 49 0
3 9 0 1 1
2 77 1 1
4 30 1 1 0
1 60 1
3 37 0 0 0
1 19 0
4 16 0 1 1
2 2 1 0
4 22 1 1 1
6 7 10
1 0 2 2 2 0 2
0 1 0 2 2 0 1
2 0 0 2 1 0 2
2 2 1 2 2 0 2
0 0 2 1 2 0 2
2 0 0 2 2 1 0
2 37 0 1
1 14 0
2 94 0 0
3 30 0 0 1
2 82 1 1
1 100 0
3 24 1 1 1
1 30 0
3 30 0 0 1
3 18 0 0 0
6 6 10
0 2 0 0 2 1
1 1 2 1 2 0
0 2 0 2 2 0
1 1 0 0 2 1
0 0 1 2 0 1
0 1 2 0 0 0
4 92 0 1 1
2 60 0 1
2 1 0 0
1 94 1
2 43 0 0
3 25 1 0 1
2 23 0 1
3 49 0 0 1
4 36 1 0 0
3 87 0 1 1
6 7 10
2 1 2 2 0 1 0
2 2 1 1 1 0 1
2 2 0 2 2 2 1
1 0 0 1 2 0 0
2 2 0 0 1 0 1
1 0 0 2 2 0 1
1 71 1
2 51 1 1
2 62 0 1
3 79 1 0 1
2 85 0 1
1 36 0
2 29 0 1
3 20 0 0 1
3 79 1 0 0
1 58 1
6 8 10
0 2 1 2 0 2 0 0
0 1 1 0 2 1 2 2
1 2 2 2 1 2 1 2
2 0 0 1 1 0 2 2
1 1 2 0 1 0 2 2
0 1 0 2 2 1 0 1
1 58 0
1 1 1
1 62 1
1 54 1
4 25 0 0 0
3 16 0 1 1
3 47 0 1 1
4 68 0 1 1
2 60 0 0
4 96 1 0 1
7 6 10
1 2 0 0 0 2
2 2 1 2 2 1
1 2 0 1 0 1
1 2 0 2 1 1
1 1 0 1 2 0
1 1 1 0 2 0
2 1 2 1 1 1
1 42 1
3 61 0 0 1
3 1 1 1 0
3 58 0 1 0
2 4 0 1
3 14 1 1 1
3 50 1 0 1
2 87 1 1
3 57 0 0 1
2 65 0 1
8 7 10
1 1 2 2 2 2 0
1 2 1 0 1 1 2
1 0 2 1 2 1 1
2 1 2 2 2 0 2
0 1 2 2 2 0 2
0 1 0 2 1 2 0
0 1 2 0 1 0 1
0 2 0 1 0 0 0
3 62 1 0 1
3 90 1 0 1
1 53 1
2 33 0 1
1 41 0
2 63 0 1
1 5 0
4 0 1 0 1
2 100 0 1
1 21 0
6 7 10
2 2 1 0 0 2 0
1 2 1 2 1 1 0
2 1 0 0 1 0 1
1 1 2 1 2 2 1
1 0 0 0 0 1 0
1 2 1 0 2 0 1
4 35 1 0 1
4 18 0 0 0
3 31 1 0 1
1 61 1
2 73 1 1
2 83 1 1
4 32 0 0 0
4 28 0 0 0
2 60 0 0
3 51 0 0 0
7 8 10
0 0 2 2 2 1 0 0
1 2 1 2 0 2 0 1
2 2 0 2 0 2 2 2
1 2 0 2 0 2 0 0
2 1 0 0 0 0 2 1
2 1 2 2 0 1 0 0
0 2 2 0 0 1 0 0
4 34 1 0 0
3 73 0 1 1
4 17 0 0 0
4 38 1 1 1
3 54 0 1 0
3 8 0 1 1
3 98 0 1 1
2 12 0 1
1 85 0
2 38 1 1
8 8 10
0 1 1 0 0 0 0 0
2 0 1 0 1 2 1 2
2 2 2 0 0 2 2 1
2 0 2 2 1 2 1 2
1 0 1 1 0 2 2 1
1 2 1 2 1 2 1 1
0 2 0 0 0 1 0 1
0 0 2 1 2 0 1 1
4 60 1 0 0
1 65 0
1 73 1
1 94 1
1 77 1
2 14 1 1
1 60 1
3 38 0 1 1
2 23 1 0
2 49 0 1
8 7 10
2 2 2 2 0 0 2
2 0 0 2 1 2 1
1 1 1 2 0 0 1
0 2 2 2 0 2 1
1 0 2 1 0 0 1
1 1 1 0 2 1 2
2 0 2 1 1 2 1
2 2 2 0 2 2 2
1 46 0
3 45 0 1 0
2 100 0 1
1 60 0
1 59 1
2 15 0 1
4 2 1 0 1
1 73 0
4 77 0 1 0
2 54 1 0
8 7 10
1 2 1 0 1 0 0
2 1 2 1 0 0 0
1 0 0 2 0 2 1
1 0 2 0 1 1 0
1 0 2 0 0 1 1
2 0 2 0 0 1 0
0 0 0 1 0 1 1
0 1 1 0 1 0 2
3 25 1 0 0
3 57 1 1 1
2 99 1 0
3 37 1 1 1
4 46 0 1 1
2 36 1 1
2 32 0 1
1 59 0
4 21 1 0 0
3 19 1 1 1
8 8 10
1 0 2 2 2 0 2 0
0 1 1 0 0 0 1 2
2 1 2 2 1 1 2 0
1 1 2 1 1 0 1 0
0 2 1 0 2 0 2 2
1 1 0 1 1 0 1 2
2 2 2 0 1 0 2 2
2 0 0 2 0 1 0 0
2 11 0 1
3 34 1 1 1
2 81 1 0
3 43 0 0 0
1 62 0
3 74 0 1 0
4 47 0 0 1
4 2 1 1 0
1 32 0
1 53 1
7 6 10
1 0 1 2 0 2
1 1 2 2 2 0
1 0 0 2 0 0
0 2 2 2 0 1
1 0 2 0 2 0
1 0 0 1 2 1
0 2 1 2 1 1
3 84 0 1 1
2 93 1 1
4 7 1 1 1
1 19 0
1 65 0
1 53 0
3 2 0 1 0
2 77 1 0
2 27 1 0
1 33 0
8 7 10
0 0 1 1 0 1 0
1 1 1 1 1 0 1
0 2 2 0 1 0 0
1 2 1 0 0 2 2
0 2 0 0 0 1 0
2 2 2 2 0 0 2
2 1 1 2 1 2 2
0 0 2 0 1 1 1
1 3 1
1 64 1
3 44 0 0 0
2 76 1 0
2 25 0 0
2 48 0 0
2 82 0 0
1 29 1
4 50 0 0 1
1 90 1
7 7 10
1 2 1 0 2 1 0
1 0 2 1 0 1 1
0 1 1 2 1 1 2
1 0 1 2 1 1 0
2 1 2 0 1 0 1
2 0 2 2 0 1 0
2 1 1 1 2 1 2
4 13 1 0 1
4 88 1 0 0
4 3 0 1 0
1 25 0
2 31 1 1
2 53 1 0
3 68 1 1 0
4 30 0 0 1
3 50 0 1 1
2 3 1 0
8 6 10
1 0 2 2 2 1
1 0 2 1 1 1
0 2 2 2 1 0
1 2 0 1 1 1
1 0 0 0 2 2
1 2 2 0 2 0
1 1 2 0 0 2
2 1 1 0 1 2
2 8 1 0
4 30 1 0 1
4 16 1 0 0
1 11 0
3 71 0 1 0
1 5 1
4 76 0 0 1
4 22 0 0 1
3 56 1 0 0
1 58 1
6 8 10
2 0 1 0 1 0 1 1
1 0 1 0 0 0 0 2
1 0 0 1 1 1 1 0
2 0 2 2 1 0 1 2
2 1 0 0 1 1 1 1
2 0 0 2 1 0 1 1
2 16 1 1
3 57 0 0 1
3 24 0 1 0
4 23 0 1 1
4 85 0 1 1
3 17 0 1 0
4 40 1 0 0
3 63 0 1 0
2 63 1 0
3 43 1 1 0
7 7 10
0 0 0 1 2 0 0
2 1 1 1 0 0 1
2 0 0 2 0 1 1
0 1 2 2 0 0 2
0 1 1 1 2 2 2
0 1 1 2 1 2 1
0 0 2 2 0 1 1
4 9 0 0 1
2 2 0 1
4 28 0 1 0
3 31 0 1 0
3 93 0 1 1
2 90 0 0
2 30 0 0
3 96 0 1 0
4 43 0 0 0
4 14 0 1 1
7 8 10
2 2 0 0 2 0 0 1
0 1 0 0 1 2 2 0
0 2 0 0 1 1 2 2
0 1 2 0 1 0 0 0
0 1 2 0 0 1 1 1
0 1 0 2 1 2 0 2
1 2 1 1 1 1 1 2
2 65 1 0
2 80 1 1
3 0 0 1 1
2 92 0 0
1 24 1
2 75 0 0
2 73 0 1
3 84 1 1 0
1 29 1
1 14 1
6 7 10
1 1 2 1 2 0 2
1 0 2 2 2 0 1
2 0 1 1 1 0 0
0 1 0 2 2 0 1
0 1 2 1 1 1 0
0 0 1 0 1 0 2
4 68 0 0 0
2 1 1 1
1 8 0
4 53 0 0 1
2 28 0 0
2 53 0 1
4 77 1 1 0
3 74 0 0 1
4 24 0 0 0
1 84 1
6 7 10
0 2 1 1 2 2 0
2 2 2 1 2 2 2
2 0 2 1 2 0 2
0 1 2 1 1 1 2
0 1 2 2 1 0 2
2 0 1 1 0 1 0
3 47 1 1 0
3 46 0 0 0
2 90 0 1
3 47 1 0 1
4 39 0 1 0
3 4 1 1 1
1 81 0
2 69 1 1
4 84 0 1 1
1 83 0
8 6 10
2 0 2 0 0 1
0 1 0 2 0 2
2 0 0 1 1 0
0 0 0 1 1 2
2 1 2 2 1 2
2 0 1 1 1 2
2 1 0 0 1 0
1 0 0 1 2 0
2 90 0 0
3 63 1 0 1
4 82 1 1 0
4 24 1 0 0
4 7 0 0 0
4 51 0 1 0
4 38 0 0 0
1 54 1
4 50 0 0 1
1 31 0
6 7 10
2 2 1 2 0 2 1
2 0 0 0 1 0 1
2 2 1 2 2 1 2
0 2 1 0 0 1 1
0 1 2 2 2 0 0
2 0 2 0 0 2 2
1 30 0
1 80 0
1 24 0
4 19 0 0 0
4 96 1 0 0
2 47 0 0
3 21 1 0 0
1 17 1
2 65 1 0
4 80 1 0 1
8 7 10
2 0 2 2 1 2 1
0 2 0 1 1 1 2
1 0 1 2 2 1 1
1 1 0 0 0 2 2
2 1 2 2 0 0 0
2 1 2 2 2 2 0
2 2 2 1 2 1 1
2 2 1 2 1 0 0
4 5 1 1 0
1 91 0
4 34 0 1 0
1 55 0
3 40 1 0 0
2 80 1 1
4 23 1 1 1
3 15 1 1 0
1 46 0
4 92 1 1 1
8 6 10
2 2 2 2 1 1
1 2 0 0 2 1
1 0 0 0 1 1
2 0 2 1 0 1
1 1 2 1 2 1
1 1 0 0 1 1
0 1 2 1 2 2
1 0 2 1 1 2
1 29 0
4 20 0 0 1
3 16 0 0 0
2 27 1 0
2 90 1 0
2 10 0 0
3 100 0 0 0
4 68 0 1 1
2 57 1 0
3 65 0 1 0
7 7 10
1 0 0 1 0 1 0
1 1 0 2 1 2 2
0 0 1 0 2 2 0
2 2 1 2 2 2 0
1 1 1 1 1 2 2
2 2 0 2 2 0 0
0 1 0 0 2 2 1
1 22 0
2 44 0 1
1 86 0
2 66 0 0
3 86 0 1 0
2 63 1 0
4 34 0 0 0
1 87 1
3 80 0 1 1
4 34 0 0 1
8 6 10
0 2 1 1 0 2
2 2 1 1 2 1
0 2 1 0 1 0
1 1 0 2 0 0
0 2 1 1 2 2
1 1 2 1 1 1
1 0 0 0 1 0
2 2 0 0 2 1
2 32 1 1
1 39 1
3 12 0 0 0
4 61 1 0 1
2 36 0 1
1 91 1
4 63 1 0 1
1 78 0
1 47 1
1 24 1
7 8 10
2 1 1 1 1 0 1 0
1 1 0 2 1 2 0 0
1 2 2 2 1 2 0 1
0 0 0 2 0 2 1 0
2 1 2 2 2 2 1 2
1 2 0 1 1 2 1 1
1 0 0 1 2 0 1 2
1 82 1
4 78 0 0 1
2 9 1 1
3 74 1 1 0
3 72 1 1 0
3 64 0 0 0
4 80 1 0 0
2 78 0 0
4 20 1 1 1
3 73 0 1 1
8 8 10
2 1 0 1 1 2 2 2
0 2 1 1 2 1 2 1
0 0 1 1 1 2 1 2
2 2 1 0 1 1 2 1
2 0 2 1 2 2 0 2
0 2 1 0 1 2 1 2
0 1 0 1 2 1 2 2
1 1 2 0 1 2 2 2
4 83 1 1 1
2 25 0 1
3 48 1 0 0
4 22 1 1 0
4 100 1 0 0
1 92 1
4 30 1 1 0
4 90 1 1 0
1 11 1
2 30 0 1
6 7 10
1 2 2 0 1 1 0
2 1 2 2 1 2 1
2 2 0 0 2 2 0
1 2 0 2 2 1 0
0 1 2 1 0 1 0
2 1 0 1 2 0 0
1 42 1
1 74 0
1 80 1
2 59 0 0
2 98 1 0
1 56 0
2 46 1 0
2 58 1 1
4 61 0 1 0
3 59 1 0 0
7 8 10
0 0 1 2 1 0 1 1
1 1 1 2 2 1 0 0
1 0 2 2 1 2 1 2
0 0 1 1 1 0 1 1
0 0 0 2 0 0 0 1
0 0 0 2 1 2 2 2
0 2 2 1 1 1 2 0
3 44 0 0 0
4 13 1 0 1
1 84 0
4 98 0 0 0
3 86 1 0 0
1 51 1
3 55 0 0 1
2 49 1 0
4 49 1 0 1
4 8 0 1 0
8 8 10
1 0 1 2 0 0 1 1
1 2 1 2 2 2 2 1
1 2 2 0 2 2 2 1
0 1 0 1 1 1 1 2
2 0 1 1 2 0 1 0
2 0 2 1 0 0 1 0
2 0 2 1 1 0 2 1
1 1 1 0 1 0 0 2
2 53 1 0
2 67 1 0
1 96 1
4 5 1 1 0
2 80 0 1
4 90 0 0 0
2 71 0 1
2 59 0 1
2 100 0 1
2 84 1 1
6 8 10
1 0 2 1 2 0 1 1
1 0 0 0 1 2 2 1
2 2 0 2 1 1 1 1
1 1 2 0 2 0 0 0
0 1 2 1 2 2 1 0
1 2 2 0 2 2 0 0
3 70 0 0 0
4 71 0 1 0
1 97 1
1 93 1
3 19 1 1 1
2 87 1 0
4 80 1 1 1
2 40 1 0
4 22 0 0 0
2 84 0 0
6 7 10
0 0 1 2 2 2 1
0 2 2 0 0 1 2
1 2 0 1 2 2 1
2 0 2 0 2 2 0
0 1 1 1 2 2 1
0 0 1 0 1 2 0
1 62 0
4 31 0 1 1
4 69 0 0 0
2 95 0 1
1 34 1
4 30 1 0 1
1 42 0
3 54 1 1 1
2 41 0 1
2 3 1 1
6 6 10
1 0 0 0 1 1
1 2 1 1 2 1
0 0 0 1 2 2
1 0 2 1 2 1
2 2 2 2 2 2
2 2 2 1 0 1
4 67 1 0 1
1 18 1
1 42 1
1 37 0
1 51 0
2 66 0 0
1 74 1
3 73 0 0 1
3 52 0 1 1
2 26 1 0
6 6 10
1 2 2 1 1 0
1 0 1 2 1 0
1 0 0 0 2 0
0 1 1 1 1 0
0 0 2 2 2 0
2 1 2 2 2 2
3 17 0 0 0
3 63 0 1 0
4 77 0 0 0
2 72 0 1
2 16 1 0
1 78 0
1 56 1
4 90 0 1 1
3 37 1 1 1
4 9 1 1 1
8 7 10
1 2 2 2 1 1 0
0 0 1 0 0 2 1
2 2 1 2 0 1 1
2 2 1 1 0 2 0
1 2 0 2 2 1 0
2 1 0 2 1 2 2
2 2 2 2 2 2 1
1 0 1 0 0 2 1
2 11 1 0
2 3 0 0
4 43 1 0 0
2 17 0 0
1 42 1
1 83 1
3 12 0 0 0
1 36 1
4 75 0 0 0
4 0 1 0 1
