50
3 3 5
2 0 2
0 2 2
2 1 2
2 0 1 0
3 80 1 0 1
1 67 1
1 80 1
4 65 0 0 0
3 3 5
1 1 2
0 2 2
1 2 0
2 8 1 0
4 46 1 1 1
3 50 1 1 1
1 59 1
3 21 1 1 1
3 3 5
0 0 0
1 0 1
0 1 2
3 86 0 1 0
3 57 1 1 0
4 55 0 1 1
1 88 1
2 28 0 0
3 3 5
0 0 0
1 0 0
2 1 1
2 80 0 0
2 0 1 0
2 73 0 1
3 74 1 0 0
1 69 0
3 3 5
1 1 1
2 0 2
1 0 1
1 22 1
4 18 1 1 0
3 95 1 0 0
4 81 0 0 0
1 41 1
3 3 5
0 1 2
1 2 1
1 2 1
4 46 0 0 0
4 0 0 0 1
1 55 0
1 88 0
2 41 1 1
3 3 5
0 0 0
1 2 0
0 1 0
3 73 1 1 1
2 49 0 0
2 14 1 0
2 89 1 0
3 52 1 1 1
3 3 5
0 1 1
1 0 0
2 0 0
2 61 0 0
1 31 0
3 85 0 1 0
3 53 1 1 0
1 79 0
3 3 5
0 1 0
1 0 0
0 0 2
3 71 0 0 1
3 47 0 1 0
1 11 0
3 67 0 1 1
1 10 0
3 3 5
0 0 1
0 0 1
1 2 0
1 14 0
3 19 1 0 1
3 27 1 1 1
2 38 0 1
3 63 1 0 1
3 3 5
0 0 2
1 0 2
0 2 0
4 69 1 0 0
3 20 1 0 1
2 32 1 0
1 73 0
4 81 1 1 0
3 3 5
0 0 0
1 1 0
1 1 1
2 52 0 1
1 49 0
3 96 1 0 0
3 92 1 1 1
2 47 1 1
3 3 5
0 0 0
1 1 1
1 1 1
1 74 0
4 44 0 1 0
3 10 0 0 0
2 51 1 1
2 27 0 1
3 3 5
0 2 1
0 0 1
2 0 2
4 50 0 1 0
1 71 1
2 44 0 0
2 61 0 0
2 67 1 0
3 3 5
1 1 1
0 1 2
0 0 0
4 57 1 0 0
2 80 1 1
3 21 1 1 1
2 13 0 1
3 60 0 0 1
3 3 5
2 2 1
1 0 2
0 0 1
4 61 1 1 0
2 9 0 0
2 50 1 1
1 35 0
3 31 0 1 0
3 3 5
2 0 2
1 1 2
2 0 1
1 77 0
3 9 1 0 1
1 80 0
3 25 0 0 0
4 38 0 0 1
3 3 5
1 0 0
1 0 2
1 0 1
3 71 1 0 1
3 66 1 0 1
1 0 0
3 21 0 1 0
1 96 0
3 3 5
0 2 0
0 2 0
1 0 0
3 54 0 1 0
3 40 0 1 1
2 25 0 0
2 72 0 0
3 25 0 0 0
3 3 5
1 1 2
2 0 1
1 1 1
1 8 1
2 30 1 1
3 35 0 0 0
3 36 0 1 0
3 32 0 0 0
3 3 5
2 0 1
0 1 1
2 0 1
1 77 1
3 44 1 0 1
4 84 0 1 1
1 76 0
1 80 0
3 3 5
0 1 2
0 1 2
1 2 2
1 14 1
3 58 1 1 1
1 66 0
4 46 0 1 0
1 57 1
3 3 5
1 0 2
2 2 0
2 2 2
4 69 0 1 1
1 32 0
3 2 1 0 1
4 16 0 1 0
2 42 0 0
3 3 5
1 1 2
0 1 1
2 1 2
2 14 0 0
1 4 1
4 100 1 1 1
1 18 1
1 61 1
3 3 5
0 1 2
1 1 1
1 1 1
3 92 0 0 1
3 57 0 0 1
1 30 1
3 51 1 0 1
1 24 1
3 3 5
2 0 2
1 2 1
2 2 1
4 34 0 1 1
1 53 1
2 65 0 0
4 81 0 1 0
1 70 0
3 3 5
2 0 0
0 1 0
1 0 0
4 24 0 1 1
2 99 1 1
2 75 0 0
2 26 1 0
2 96 1 1
3 3 5
0 0 1
2 1 2
1 1 0
2 57 1 1
3 5 1 1 0
2 69 1 1
1 10 1
4 32 1 0 0
3 3 5
2 1 1
1 0 2
2 1 2
2 41 1 1
3 3 1 1 1
1 8 0
3 46 1 0 0
3 14 1 0 0
3 3 5
0 0 1
2 0 2
0 0 2
4 39 0 0 1
3 31 1 1 0
1 27 1
3 23 1 1 0
3 89 0 1 1
3 3 5
2 0 2
1 1 2
1 2 1
2 33 0 0
1 93 1
4 38 1 1 0
1 73 0
4 44 0 1 0
3 3 5
0 2 1
1 0 2
1 0 2
3 93 0 0 0
1 8 0
2 89 1 1
2 8 0 0
2 30 1 0
3 3 5
2 1 2
2 2 1
2 1 1
1 72 1
1 48 0
4 1 0 0 0
4 70 0 0 1
3 78 0 0 0
3 3 5
2 0 1
0 2 0
0 2 0
3 45 0 1 0
4 87 0 1 0
2 4 0 1
3 56 1 1 0
3 79 1 1 1
3 3 5
2 2 0
0 1 0
0 1 1
2 80 1 0
4 7 1 1 0
2 7 1 0
4 40 1 1 0
4 77 1 1 0
3 3 5
0 1 0
1 1 2
2 1 2
2 77 0 0
2 38 0 0
1 77 0
1 33 1
1 48 0
3 3 5
0 1 1
2 2 2
0 0 0
3 77 1 1 1
2 94 0 1
2 39 1 0
2 88 1 0
3 38 1 1 0
3 3 5
1 2 1
0 0 1
1 2 0
1 4 0
2 95 0 1
2 5 0 0
1 47 0
4 75 0 0 0
3 3 5
0 1 2
2 0 1
0 0 1
4 93 1 0 0
1 7 1
4 63 1 1 1
4 85 1 1 1
3 25 0 0 1
3 3 5
1 0 2
0 0 2
2 2 2
3 19 1 1 0
2 10 0 1
4 19 0 1 0
3 58 0 0 1
3 75 1 0 0
3 3 5
2 2 0
2 2 2
0 0 1
1 62 1
2 39 1 0
2 94 0 1
1 90 1
2 4 1 1
3 3 5
0 0 2
0 2 1
1 0 2
3 17 0 0 0
3 100 0 0 1
3 53 0 1 1
2 65 1 0
3 21 0 1 1
3 3 5
0 0 2
2 1 0
1 1 2
2 41 1 1
1 93 0
2 16 0 0
1 94 0
3 23 1 1 1
3 3 5
2 1 2
0 1 1
0 2 1
2 51 1 1
2 76 0 0
2 91 0 1
1 23 0
3 87 1 1 0
3 3 5
0 1 1
1 2 1
2 1 0
3 69 0 0 1
4 72 0 0 0
2 32 1 1
3 99 0 1 0
1 48 1
3 3 5
0 0 2
1 2 2
1 1 2
2 62 1 0
3 56 0 1 1
3 7 0 1 0
3 91 1 1 0
2 17 0 0
3 3 5
1 1 1
1 0 1
1 0 0
3 21 0 1 1
3 42 0 1 0
4 80 0 0 1
4 24 1 0 1
2 26 1 1
3 3 5
1 1 2
2 1 1
1 2 1
4 40 1 0 0
3 75 1 0 1
3 62 0 0 1
2 62 1 0
4 98 0 0 1
3 3 5
1 2 1
2 2 1
2 1 0
4 69 1 0 1
1 22 1
1 5 0
4 4 0 0 0
1 77 0
3 3 5
2 0 1
1 0 2
0 0 1
1 74 1
1 24 0
2 12 1 0
3 2 0 1 0
3 99 0 0 1
