50
3 3 5
2 1 2
2 0 2
0 1 2
2 54 1 1
1 8 1
1 91 0
1 75 1
2 61 0 1
3 3 5
0 0 0
2 2 2
2 2 2
1 18 1
1 46 1
2 68 0 0
4 87 0 1 1
2 88 0 0
3 3 5
2 1 0
2 0 0
2 0 2
2 94 1 1
1 60 0
4 95 0 1 1
1 23 1
2 99 1 1
3 3 5
0 1 1
0 2 2
1 2 1
4 38 0 0 1
4 0 1 1 1
1 51 1
3 60 0 1 0
3 73 0 1 0
3 3 5
0 0 0
1 1 2
2 2 0
3 90 1 1 1
2 39 1 1
3 81 1 0 0
3 73 0 1 0
1 99 1
3 3 5
2 0 2
2 1 1
1 1 0
4 31 0 1 1
2 98 0 1
4 49 0 0 0
3 69 0 1 1
3 40 1 1 1
3 3 5
1 2 0
1 1 0
1 2 1
2 38 0 0
4 73 1 0 1
3 42 1 1 1
2 18 1 1
2 89 0 0
3 3 5
2 1 0
2 1 1
0 1 1
4 50 1 1 0
2 64 1 1
1 42 0
4 40 1 1 0
4 93 1 0 1
3 3 5
2 2 1
0 0 0
2 2 2
2 1 1 1
4 70 1 0 1
3 63 1 0 1
1 37 0
2 11 0 1
3 3 5
1 0 0
2 1 2
0 0 1
4 8 1 1 1
2 91 0 0
2 42 1 1
3 52 1 0 0
2 98 0 1
3 3 5
2 0 2
0 0 2
0 1 1
2 3 0 1
1 39 0
2 54 0 1
3 56 1 1 0
4 89 0 0 1
3 3 5
1 1 2
0 2 1
1 2 0
4 98 1 1 1
4 9 0 1 0
2 23 0 1
4 18 1 1 1
2 43 0 1
3 3 5
1 2 1
0 1 1
2 2 1
3 55 0 0 0
3 88 1 1 1
3 32 0 0 0
1 72 1
1 99 0
3 3 5
1 0 1
0 0 2
0 0 1
1 72 0
2 53 1 1
1 25 0
3 87 1 1 1
3 7 0 1 1
3 3 5
0 1 1
1 1 0
2 1 1
4 90 1 0 1
2 53 1 0
4 56 1 0 0
3 59 1 0 1
3 71 1 0 1
3 3 5
2 1 0
2 2 1
2 2 2
1 41 0
2 52 0 0
2 0 1 1
4 67 1 1 0
1 74 1
3 3 5
1 0 0
0 2 0
1 1 1
3 6 0 0 0
4 66 0 0 0
4 45 0 0 0
1 89 0
3 33 1 1 0
3 3 5
0 2 1
1 0 1
0 2 1
2 85 0 0
3 49 1 1 1
4 25 0 1 0
1 57 1
1 2 0
3 3 5
1 0 0
0 2 2
0 2 2
2 39 0 1
3 43 1 0 0
1 44 0
1 91 1
3 51 1 1 1
3 3 5
2 1 1
0 2 2
1 0 0
4 91 1 0 0
2 84 1 0
1 11 1
1 19 0
3 61 1 1 0
3 3 5
1 0 2
2 1 0
2 0 1
2 7 1 1
2 46 1 0
1 33 1
2 2 1 0
2 15 1 1
3 3 5
2 2 0
0 0 0
2 0 2
1 73 0
1 96 1
3 8 1 0 1
1 65 1
1 27 1
3 3 5
2 0 0
2 2 1
1 1 1
3 58 0 0 0
2 42 1 0
2 39 0 1
4 39 1 0 0
4 97 1 0 0
3 3 5
0 0 0
2 1 1
1 1 1
4 36 0 1 0
2 58 1 0
4 77 1 0 1
3 69 0 0 1
1 76 1
3 3 5
2 1 1
1 0 1
1 0 0
1 57 1
1 86 1
1 7 1
1 90 0
3 50 0 0 1
3 3 5
2 1 2
1 1 0
0 0 0
2 25 1 1
4 19 1 1 0
3 0 1 1 0
4 62 0 0 0
3 41 1 1 1
3 3 5
2 1 0
2 0 1
1 1 0
3 39 0 0 1
3 14 1 1 0
2 15 0 1
2 50 0 0
2 31 1 1
3 3 5
2 0 1
2 2 2
0 1 2
4 23 0 1 1
1 72 0
3 72 0 1 1
3 39 0 1 0
1 93 1
3 3 5
1 2 2
2 1 1
2 2 2
1 87 0
3 54 1 1 0
2 16 0 0
4 9 1 0 0
2 73 1 1
3 3 5
0 1 2
1 1 1
2 2 1
2 99 0 0
3 26 0 0 0
4 31 1 1 0
3 95 1 1 1
2 34 1 1
3 3 5
1 2 1
1 0 2
2 0 0
1 80 1
2 23 0 1
4 29 1 0 0
4 57 0 1 0
4 1 0 0 1
3 3 5
1 2 2
0 0 1
2 0 2
1 70 0
2 7 1 1
3 31 1 0 1
3 96 1 0 1
2 64 1 0
3 3 5
2 0 0
2 1 0
0 0 0
4 37 0 0 0
1 75 1
1 20 0
2 51 0 1
3 62 0 0 1
3 3 5
0 1 2
0 0 0
2 1 2
1 32 1
2 99 1 1
1 12 0
4 0 0 0 0
1 90 1
3 3 5
1 2 0
1 2 1
1 2 0
2 13 1 1
1 23 1
2 12 1 0
4 47 1 1 1
4 42 1 0 1
3 3 5
1 0 1
1 2 1
0 2 0
2 21 1 1
2 84 0 0
2 35 0 0
3 47 1 0 0
4 89 0 1 0
3 3 5
1 2 0
0 1 2
2 0 1
2 52 0 0
2 8 1 0
4 42 1 0 0
4 22 0 0 0
1 94 1
3 3 5
2 2 2
2 0 0
1 2 1
1 21 1
3 8 1 1 0
4 48 1 1 0
3 47 1 0 1
3 60 0 1 1
3 3 5
0 0 1
1 2 1
2 1 1
2 90 1 1
1 57 0
1 76 1
4 40 1 1 1
3 57 0 0 1
3 3 5
2 1 2
0 1 1
2 2 2
1 86 1
3 59 1 0 0
1 72 0
3 36 1 0 0
1 70 0
3 3 5
0 0 2
1 1 0
2 0 2
1 7 0
1 58 0
2 9 1 0
4 66 1 1 0
4 5 1 1 1
3 3 5
0 1 2
2 2 1
1 2 0
1 81 0
2 19 1 0
3 21 0 0 1
2 76 1 1
3 3 1 1 0
3 3 5
2 2 2
2 0 2
2 0 0
3 3 1 1 0
1 13 0
4 20 0 1 0
2 82 1 1
4 37 0 0 0
3 3 5
0 1 0
0 1 1
1 2 1
2 18 0 0
2 54 0 1
3 94 1 0 0
3 86 0 0 1
1 43 0
3 3 5
0 0 0
0 1 0
1 0 0
3 98 0 1 0
1 1 0
4 7 0 0 1
4 39 0 1 1
4 9 0 0 0
3 3 5
0 2 1
2 1 1
1 1 1
1 44 0
3 78 0 1 0
3 71 0 1 0
3 93 1 0 0
4 50 1 1 0
3 3 5
1 1 1
1 2 2
1 2 1
1 54 0
4 24 0 1 0
1 15 1
2 6 0 1
1 1 0
3 3 5
1 2 1
1 2 2
1 1 1
4 79 0 1 0
1 54 0
1 64 0
3 66 0 1 1
1 80 1
3 3 5
1 1 1
2 1 1
2 1 1
3 86 1 0 0
3 19 1 0 0
1 70 0
1 85 0
3 81 1 0 1
3 3 5
1 1 2
1 1 1
2 2 2
4 51 1 1 0
3 40 1 0 0
3 34 1 0 1
1 76 1
4 20 1 0 0
