10
6 4 4
0 0 0 0
0 0 0 0
0 0 0 0
0 0 0 0
0 0 0 0
0 0 0 0
3 22 0 0 0
2 39 0 0
2 50 0 0
2 2 0 0
4 5 10
0 0 0 0 0
0 0 0 0 0
0 0 0 0 0
0 0 0 0 0
1 53 0
4 84 0 0 0
2 99 0 0
3 1 0 0 0
2 68 0 0
4 67 0 0 0
1 17 0
4 96 0 0 0
4 80 0 0 0
2 68 0 0
8 8 4
0 0 0 0 0 0 0 0
0 0 0 0 0 0 0 0
0 0 0 0 0 0 0 0
0 0 0 0 0 0 0 0
0 0 0 0 0 0 0 0
0 0 0 0 0 0 0 0
0 0 0 0 0 0 0 0
0 0 0 0 0 0 0 0
1 21 0
2 36 0 0
3 21 0 0 0
1 84 0
2 7 7
0 0 0 0 0 0 0
0 0 0 0 0 0 0
2 7 0 0
1 54 0
2 78 0 0
2 19 0 0
2 5 0 0
3 71 0 0 0
3 9 0 0 0
1 6 8
0 0 0 0 0 0
3 30 0 0 0
4 13 0 0 0
1 29 0
3 12 0 0 0
2 32 0 0
4 48 0 0 0
2 3 0 0
1 78 0
4 1 2
0
0
0
0
2 87 0 0
4 39 0 0 0
1 8 9
0 0 0 0 0 0 0 0
1 29 0
1 7 0
1 20 0
4 33 0 0 0
1 38 0
1 34 0
1 56 0
2 66 0 0
1 26 0
4 5 3
0 0 0 0 0
0 0 0 0 0
0 0 0 0 0
0 0 0 0 0
2 84 0 0
3 77 0 0 0
1 94 0
4 8 5
0 0 0 0 0 0 0 0
0 0 0 0 0 0 0 0
0 0 0 0 0 0 0 0
0 0 0 0 0 0 0 0
1 95 0
2 53 0 0
4 83 0 0 0
3 57 0 0 0
4 42 0 0 0
2 6 6
0 0 0 0 0 0
0 0 0 0 0 0
4 6 0 0 0
3 46 0 0 0
4 9 0 0 0
2 91 0 0
4 3 0 0 0
1 9 0
