48
-10 -16 -2 14 36 40 
-1 -15 -4 23 45 32 
-9 -18 -3 11 22 22 
3 -20 -18 36 39 36 
8 -15 1 34 29 43 
-7 -29 -3 14 42 34 
6 -23 0 12 46 39 
9 -10 4 17 31 40 
-12 -32 0 15 30 36 
-3 -25 -8 30 26 38 
-12 -33 -17 34 25 42 
7 -14 2 26 22 45 
-9 -31 -3 12 46 36 
-2 -9 5 33 41 22 
-4 -9 -7 20 44 40 
-16 -20 -7 29 31 37 
-9 -33 2 31 21 22 
2 -33 -11 11 46 22 
-6 -22 -13 17 21 21 
1 -10 6 36 42 46 
-10 -25 2 25 42 34 
-1 -24 0 22 38 26 
-2 -12 -6 24 29 35 
-3 -30 -11 23 33 33 
7 -15 -5 14 34 24 
3 -19 -1 33 23 28 
-2 -26 -9 34 35 32 
7 -17 -15 31 32 41 
-9 -22 -2 29 45 26 
0 -29 -16 19 42 23 
5 -33 2 29 23 41 
-10 -25 -18 26 32 26 
0 -27 6 31 33 37 
-1 -22 -4 13 30 26 
1 -9 -4 35 33 25 
-7 -23 -12 15 43 40 
3 -8 5 11 35 25 
5 -18 7 26 28 40 
-8 -13 4 11 25 30 
-11 -30 -14 34 39 30 
4 -31 -8 26 21 33 
-5 -13 4 29 39 43 
3 -32 -3 20 42 30 
-14 -29 -13 14 32 42 
-15 -20 7 35 37 28 
4 -26 0 11 24 30 
-6 -21 7 27 31 38 
-15 -33 5 14 25 35 
