48
-42 -39 -24 -4 12 25 
-29 -35 -18 15 2 28 
-23 -18 -17 19 5 16 
-42 -38 -8 13 25 23 
-35 -22 -12 6 5 22 
-28 -35 -22 14 8 21 
-28 -40 -24 2 18 18 
-33 -24 -18 1 10 26 
-24 -26 -10 17 3 21 
-19 -33 -20 12 19 9 
-33 -34 -17 8 5 24 
-37 -37 -28 -2 14 18 
-32 -26 -29 14 15 18 
-35 -37 -20 12 17 25 
-28 -18 -18 11 19 11 
-37 -35 -10 5 25 20 
-23 -39 -9 19 9 16 
-23 -38 -17 0 11 11 
-35 -23 -11 13 6 14 
-38 -24 -17 3 11 29 
-18 -39 -21 9 14 18 
-42 -39 -27 7 25 23 
-37 -31 -18 11 14 29 
-41 -32 -28 11 25 27 
-39 -17 -14 20 16 14 
-38 -22 -29 15 12 14 
-42 -24 -25 -4 3 30 
-33 -18 -7 6 24 18 
-30 -32 -17 1 7 24 
-42 -21 -21 9 0 17 
-18 -18 -27 10 23 19 
-18 -22 -22 -1 17 17 
-38 -22 -29 -2 2 12 
-25 -38 -30 2 13 23 
-19 -33 -28 12 14 25 
-37 -33 -16 2 5 25 
-25 -23 -14 -2 5 22 
-27 -24 -13 -2 17 16 
-36 -24 -23 18 23 14 
-39 -23 -24 15 22 25 
-37 -33 -9 15 14 16 
-31 -40 -18 0 6 20 
-20 -26 -8 3 3 11 
-18 -26 -12 21 7 23 
-35 -20 -28 5 5 18 
-41 -21 -15 8 8 18 
-41 -38 -9 16 11 7 
-40 -22 -20 -4 24 26 
