48
-25 -18 -14 11 28 20 
-29 4 -16 12 19 40 
-44 0 -24 -9 28 23 
-23 -18 -17 -1 16 30 
-27 0 -9 12 24 23 
-35 -13 -9 3 29 25 
-28 4 -12 0 17 27 
-34 -8 -12 10 35 28 
-47 -7 -12 0 29 41 
-24 -3 -18 -9 33 29 
-41 -17 -23 4 23 25 
-30 5 -7 13 39 34 
-44 -8 -3 13 23 23 
-31 -2 -4 5 21 31 
-32 4 -5 9 34 28 
-33 2 -9 3 31 19 
-28 5 -11 -6 18 28 
-36 3 -13 -4 20 36 
-47 -6 -1 0 37 30 
-34 -12 -14 -12 19 21 
-33 -14 -18 11 31 21 
-26 -7 -12 1 29 31 
-23 -18 0 11 25 20 
-36 5 -14 13 39 34 
-24 3 -13 9 21 20 
-28 -11 -11 -5 39 35 
-45 4 -23 -8 23 17 
-43 -9 -16 -12 30 16 
-22 4 -15 7 21 41 
-27 2 -16 10 32 27 
-32 3 -3 -2 38 21 
-25 6 -4 13 21 25 
-47 2 0 -2 28 25 
-22 -3 -22 -4 28 41 
-42 5 -1 0 21 32 
-24 -9 -11 5 23 32 
-45 4 -22 5 27 38 
-36 -12 -8 7 20 34 
-34 -12 -20 -7 35 23 
-38 -14 -23 -9 22 31 
-26 -5 -2 -9 22 33 
-38 -7 0 2 26 30 
-36 3 -15 2 25 18 
-38 -17 -8 -6 30 33 
-34 -6 -2 -9 28 18 
-26 -1 -7 1 28 39 
-29 2 -16 -3 19 32 
-43 1 -2 1 18 27 
