139 131
168145 55248 16601 55582 128095 165183 19196 69276 175692 153402 118753 77381 29062 104306 60507 111183 50143 90033 145777 123903 132164 141115 80594 168588 158494 143664 159260 136147 38396 137213 93809 6541 119550 110410 189213 47645 75592 135498 44010 51283 88899 162764 55754 45050 67069 43350 83322 44301 133384 29098 168204 192637 97302 48798 161224 55795 192462 47572 119032 157948 184785 12840 164489 31423 123250 153701 6157 125932 89198 50168 104304 105187 140021 160058 77326 134179 130498 160649 105569 190971 116836 73772 183607 14138 49659 71919 69933 42121 46580 116054 68 31364 128894 91646 189877 179234 172436 196035 32254 61633 173292 136558 93909 113312 23705 171236 174580 154203 131884 80148 145173 48719 81009 55868 62857 130669 127787 59880 172790 174367 175934 99947 132820 31917 118682 122696 138240 91117 45819 170494 79839 19110 34140 173749 59511 57845 144984 161180 12047 
2 9 21896
3 21 78
2 94 79909
2 38 5354
3 136 139
3 10 78
4 48 112
1 80 137818
3 52 69
1 132 61378
2 53 9247
2 25 47711
3 69 90
1 96 128982
3 2 70
3 12 99
4 9 59
2 43 37923
2 133 23208
4 22 39
2 49 100761
2 139 9734
3 37 96
1 97 180469
4 65 108
3 73 76
4 26 135
4 32 96
4 64 108
2 89 45102
2 85 33201
4 66 69
4 15 16
4 43 121
3 71 95
2 138 88457
3 19 40
4 32 58
1 66 179675
2 128 22892
2 37 35884
3 84 89
4 9 114
4 37 69
2 56 33444
2 85 4876
3 64 116
3 87 92
4 97 124
4 41 138
3 68 72
1 12 94474
3 116 125
3 45 103
4 20 111
1 136 20812
2 82 67140
4 34 85
4 41 119
3 20 39
1 16 51336
1 76 62161
3 4 61
1 74 74286
4 68 93
4 34 89
2 116 12056
3 59 101
2 80 67252
1 9 55928
4 9 47
3 18 36
3 39 82
4 8 86
2 92 11232
1 110 31399
3 77 99
1 87 71471
1 77 55074
1 85 27354
1 94 126430
3 39 100
1 78 122843
1 73 45630
2 51 126105
3 21 45
1 7 134728
1 93 122550
2 117 114093
2 127 45059
1 113 62347
1 28 149455
3 34 126
4 32 43
3 6 35
1 50 86348
2 14 14809
1 8 117112
4 107 115
3 4 52
4 117 118
4 31 54
2 17 13739
1 49 155696
3 74 132
4 83 111
3 95 125
4 42 47
3 58 71
1 62 25537
4 88 101
3 2 41
1 137 120848
2 65 17183
3 2 57
2 134 36937
1 138 110755
1 45 133393
4 116 124
2 33 38843
4 90 96
4 87 90
3 32 39
1 16 71303
1 18 152164
1 61 143400
1 59 54154
1 14 103899
4 23 39
1 47 114956
3 65 109
