50
10 5 7 3 4 2 5 2 9 2 5 9 9 8 5 3 1 4 1 4 5 9 9 5 9 5 5 4 9 1 9 7 9 3 10 7 9 8 6 1 6 1 2 1 1 3 4 1 9 6 
50
20 16 27 24 14 20 27 22 23 22 15 16 17 10 16 27 23 15 10 16 20 16 13 19 23 18 16 22 11 28 17 13 17 28 24 10 15 17 25 11 27 15 16 16 28 29 24 15 11 28 
50
81 81 81 82 85 85 86 86 87 89 89 90 90 91 13 13 14 14 14 14 15 15 15 15 15 15 15 15 15 15 15 16 17 18 21 23 23 25 26 27 28 28 29 30 31 32 33 33 50 51 
49
1 1 1 1 2 2 2 2 2 3 3 3 3 3 3 3 3 4 4 4 4 5 5 5 5 5 5 5 6 6 6 6 7 7 7 7 7 7 7 7 8 8 8 8 8 9 9 9 9 
6
1 2 3 4 5 6 
30
9 2 15 7 20 11 8 10 4 6 8 17 19 20 18 2 6 6 17 14 17 8 19 16 19 15 8 1 9 9 
50
11 17 18 13 13 19 9 9 11 2 16 14 13 13 13 3 20 14 1 13 11 6 5 12 19 17 10 8 5 1 5 5 19 12 19 10 9 16 10 6 4 11 12 20 20 20 6 5 17 4 
45
1 1 1 1 1 2 2 2 2 2 3 3 3 3 3 4 4 4 4 4 5 5 5 5 5 6 6 6 6 6 7 7 7 7 7 8 8 8 8 8 9 9 9 9 9 
47
26 26 26 14 13 28 27 15 27 28 28 26 1 1 2 2 3 3 4 4 5 5 6 6 7 7 8 8 9 9 11 12 13 14 15 11 12 13 14 15 16 17 18 19 20 21 12 
7
1 1 1 3 3 5 4 
29
1 1 1 2 2 3 4 5 6 6 6 6 6 6 7 7 7 7 8 9 10 11 12 12 12 12 12 12 12 
50
1 1 1 2 2 3 4 4 5 5 6 6 7 7 8 8 8 8 8 9 9 9 9 10 10 10 10 10 10 10 10 11 1 1 12 12 12 12 12 13 13 13 14 14 15 15 15 16 17 17 
31
1 2 3 3 4 5 7 7 8 7 7 7 9 9 9 10 11 11 12 12 13 96 97 97 97 98 98 98 99 99 99 
6
1 2 3 3 4 5 
50
1 1 1 1 1 7 5 6 4 2 3 4 2 5 8 3 3 3 3 2 2 4 2 5 5 2 2 6 4 4 4 4 5 7 7 7 8 2 2 8 8 2 4 5 1 5 4 4 4 4 
19
1 1 2 2 2 3 3 3 3 4 5 5 5 5 6 6 6 7 7 
9
1 2 3 4 5 6 6 7 8 
6
1 2 2 3 3 4 
