200 1000
226590519 614475867
108 11 24836161 245741155
84 156 520479701 114141601
67 73 107106931 28426177
191 150 369945101 409694131
170 84 437843485 421869120
96 122 288768786 9944301
21 121 316388654 82003615
52 77 147900259 139672226
120 183 589617460 436684849
51 135 217166089 276538606
106 173 367003001 40886281
154 150 999603071 24112369
96 159 332281126 231948193
7 172 319390639 1820689
5 66 114473921 472640411
126 64 317471189 723701464
64 38 379902633 419914569
12 9 488126731 539890331
38 172 70811443 147678721
129 136 37650306 44757066
112 73 443540017 423909985
74 166 435918 21661690
71 122 76718725 344212051
183 11 225378165 95554761
86 48 46055771 105915655
154 114 25437106 926123094
17 94 131110292 5840401
144 177 337080676 563825771
172 97 318621367 39057096
116 173 62641897 173795623
166 144 1056956 162704476
25 78 553165089 51125707
15 53 636718681 94076786
47 80 442231651 327178109
71 146 662119376 78399859
90 194 182515669 102497935
136 167 147363945 438030527
142 42 133895881 170482141
6 179 31477736 32068713
167 184 92135741 633863817
173 186 47700577 102333113
168 34 212912271 598855240
10 31 119345761 503413669
105 153 237439165 124132471
22 122 675518901 161789683
45 74 61245641 305895257
144 171 122700481 203962570
180 120 7404145 110243555
170 23 325010013 73191345
78 8 13659121 222311704
87 115 36446341 252230777
105 109 476061225 578150233
130 40 352979756 322308325
52 189 249518713 176654689
145 158 425919600 198738577
155 180 285315179 279592690
59 148 39591631 138835117
21 176 408149788 402438151
183 199 4945085 35738947
188 141 138773398 150689361
158 144 341983561 519698425
108 138 880417987 195306223
123 187 697757471 536781313
16 4 529971661 491173901
49 158 173900039 53946826
8 186 598673083 184877047
29 88 213582012 402456013
174 192 242474257 986231951
62 138 295957219 240858415
42 64 145307076 12305823
105 10 80067538 506292398
140 14 827941735 6472231
169 198 26896653 136079340
66 4 201230371 234583961
62 165 98375440 176666374
145 38 243816817 101092965
36 181 67418677 139241169
41 46 14787037 189513271
15 193 55988323 161229741
187 51 292884323 41004946
180 137 28421746 932453341
197 149 42863806 12635215
107 63 47027153 8335996
105 156 95729377 350707365
75 151 54362661 1782496
42 171 88629301 359090311
62 47 172097645 686005489
145 39 349528146 16063866
39 136 20712901 401311457
102 165 240103657 200592175
104 163 768501595 270729
65 171 36687281 872032870
191 24 100527155 112156850
26 29 80304871 330398626
195 107 141870478 32547022
23 172 178690441 604219513
107 16 158571437 596253505
126 154 81012997 31395101
23 1 176084753 255967017
3 81 319354192 435141583
131 38 454518429 22386516
164 29 227296063 43400647
56 101 445360861 285693497
34 135 39603694 173784677
148 138 83860685 288944027
153 187 240444051 76494673
156 176 60352727 81062593
75 37 236517793 63244108
169 136 651899121 128579005
105 64 122512645 370669114
200 146 2671591 432209629
19 151 810976433 303090947
13 27 111338689 13685749
58 136 32616201 93201253
106 183 42252697 577077901
11 142 137255459 45698355
60 102 286752001 28359191
6 78 14419497 693381709
87 132 727262601 207564254
71 117 211667885 86004451
58 188 671678671 179491750
60 16 395371981 8194101
100 116 279827436 139303536
135 59 54740659 2141413
192 127 1549679 779857639
6 78 223927168 51409459
94 79 729813201 226786177
112 70 437724943 531477007
132 170 286043325 77607261
146 16 403380961 777951099
116 111 29006533 73582510
146 148 278429401 16773739
143 153 391508986 690139165
122 168 27286687 327001265
114 188 477463519 4263346
193 65 305395196 76431251
135 110 52338133 401841161
118 10 72903853 441530627
38 15 309906871 222426593
46 166 90332201 279411265
165 108 442884919 26940301
103 48 392719228 264773165
101 1 76092741 38331196
37 7 1173277 877260758
70 125 269551521 51990841
60 26 564864841 146900401
173 19 358641563 20664841
23 42 171600470 206201881
140 174 843588991 696353801
183 32 56335 233899536
162 77 2424891 631523254
103 157 42166049 234941461
164 200 375025817 219466545
143 113 27592246 217167306
140 33 416141145 11427095
7 14 799563931 177641909
167 199 469604290 114302233
134 134 175127185 264451780
109 95 561325001 404912521
34 138 101766445 462574519
52 76 842071969 344453649
26 149 522078145 631605505
125 25 4863531 6378307
194 97 7678551 189968881
18 157 72641498 75427265
118 89 426565399 93511901
15 127 150846019 14405626
146 38 818054753 70723819
137 98 52314769 21273621
136 14 137282666 489421441
100 186 150320001 49128049
58 26 569305553 36765184
24 96 74410273 744897281
114 143 656523793 353409932
133 171 293287146 5206456
80 144 6449658 463846549
174 16 355641251 18841792
123 154 166656867 313340585
179 139 147637818 77989825
83 120 474311749 476957209
59 198 58766345 65586233
102 168 29221690 624155852
185 194 64778500 32752911
96 119 14515047 463259227
157 84 429726619 40120753
184 88 225956347 591701908
174 11 106860646 368775451
8 59 69550183 473953649
70 31 159222519 190987593
84 196 28733082 621205579
150 196 6921986 41065683
54 33 490130224 698970625
179 175 197963777 28604269
80 152 519607227 867231161
144 64 55390421 83216554
51 16 264964077 685780831
189 105 70863528 164588513
135 120 661577509 399363481
48 54 15525901 394745701
3 173 69762331 4129327
42 143 254475001 385373479
95 25 22349041 698800821
84 106 813257317 677989651
31 32 295710286 22794316
90 116 794609299 220165091
67 68 210053041 169295351
96 25 248229299 64308385
172 180 891898201 660617959
156 162 60948581 305719147
16 8 58593349 215980003
116 24 72903130 339887438
25 121 9555857 592158808
177 54 26434429 91324000
169 7 37724056 17290895
35 12 347081365 401403672
19 11 258328406 403887116
86 1 445640137 160761811
30 94 355938529 619283193
140 24 282055863 253959281
146 2 242517345 555722699
108 167 948242737 302524401
175 112 573661999 356980677
107 140 140571881 508695841
186 57 214063137 129447485
74 58 43416451 89930737
35 170 129889497 139864381
23 3 28104778 456824314
5 106 108478833 52902055
7 102 27651121 36475409
141 174 189261280 74565531
148 26 620395920 13835611
94 39 90876347 138215991
194 28 247503216 232021747
35 185 425436126 1494798
152 78 120944881 78876381
166 152 185963086 442630391
28 72 662319793 214012071
40 199 162362614 305438081
175 12 220219453 323799001
121 42 68552316 53006107
75 181 125041481 93013729
26 29 31396283 389484616
121 105 117708976 494717686
128 107 297209117 1918529
71 39 190728534 547047315
10 116 319724641 598773547
41 146 545149505 868136194
190 129 291887441 390352041
182 30 31892953 670060920
113 98 949927756 58174126
22 34 340452673 171108343
149 67 73217581 811959953
34 32 574279105 393741206
47 114 239979221 254288126
156 137 75387201 95855913
32 4 240791202 300059803
47 197 120283505 90091836
100 65 873249387 97381771
193 162 3833425 53166466
65 190 56577593 154915601
72 2 417526649 222046537
153 177 307476169 496807633
3 10 588169759 67278145
98 186 393614089 383074265
114 57 87152671 24420331
181 153 528492446 16342889
47 54 415080449 14587732
182 66 74980918 552918447
117 149 760108097 21647581
131 25 279333606 526922145
33 99 196629379 221143729
152 114 347473477 161999609
128 72 372014132 525744913
121 103 2871 217059625
185 62 48116047 484872813
24 56 282411226 189958081
164 32 539960398 90803597
1 183 121850068 48324853
81 188 3374447 438031993
83 82 30375265 263111599
29 131 115102421 371090026
81 116 209853361 372068481
154 152 87260579 265604795
25 30 162261841 134080587
86 137 4117081 829516681
52 83 5317217 165696545
87 10 136623110 124747288
7 10 104347826 221420497
197 152 347274497 115785451
137 119 176361627 973638381
135 149 5619619 38062384
117 4 94543246 888426092
137 79 45172216 208249579
138 107 144676332 29698123
85 30 266223793 133863951
144 184 50867281 54898977
145 118 317329313 70418485
4 38 470086541 54161861
129 170 370887031 240325550
111 175 106225841 19474469
190 146 767907547 104834629
19 120 29634151 309041286
190 71 266510587 27707293
71 92 63521237 669094867
173 84 31227945 378248501
53 168 50469992 744797841
180 127 130405141 450957913
25 32 776735015 875179051
32 65 77525768 230386125
132 176 45602431 237057871
85 186 922656856 201982826
17 29 92950386 650900853
124 185 652762737 543722401
199 149 265315401 181583113
122 171 392111969 953824199
103 148 428867265 3230872
154 138 68633947 250032777
63 185 2821505 39996067
110 104 87376214 388621841
112 97 476402437 192082771
129 196 8588451 237941921
124 27 367224257 155023129
79 188 249084046 34809909
68 68 29150917 182443701
200 20 352429582 414831899
144 92 56911453 169541425
146 23 112146337 513436792
175 16 24994945 82568921
7 12 84053338 163421737
96 65 79855324 268316713
142 10 205758235 377665272
105 30 41278789 196400711
189 47 16091353 88982801
200 174 83557087 98939073
142 158 141122197 157792237
104 25 106232139 681489784
177 16 153491355 328660965
158 47 101886977 24828551
194 149 469430998 702501769
164 177 849457153 34167607
3 50 227342017 70109821
181 47 695785861 156150745
164 37 92201995 752868419
160 114 359730035 157797947
82 151 457830091 480510041
81 148 218446716 63859521
29 1 732627341 680076941
158 164 736868981 316697649
109 115 272022655 510595549
135 134 102833264 49032621
48 73 384246949 518365918
25 139 560202497 196099399
108 152 208788721 310295833
20 101 512866641 95758353
75 184 987758515 30633301
139 87 76289161 178375321
47 98 718172769 364798651
107 10 787024708 323052305
59 76 797058890 5261993
87 187 557173701 65228340
44 194 17415154 11892641
162 43 50112399 175596419
47 111 907606321 40840521
69 95 196472911 43690926
180 189 140352349 307693855
155 194 224727427 146577659
10 146 30743087 543452194
91 8 938921866 91740627
60 116 247890261 511112449
189 77 76649224 760825198
35 158 54336801 273762511
152 157 201455821 525020543
118 51 219626573 379924533
138 101 12453589 76041238
15 84 116948809 96305425
169 98 283367172 312836959
103 173 311734372 796785151
161 113 46573014 441652923
60 36 4988141 224396233
182 166 376779331 92597086
40 92 7602675 1451215
4 98 237325641 11119402
77 95 266096601 196544809
116 159 145787864 113727435
79 196 171628096 19219506
169 142 41792059 61196249
18 128 222404209 206145805
35 179 91499628 206349581
46 167 49582567 107148105
43 87 11968256 433769099
175 93 680927861 266094687
192 111 660809825 137201161
145 32 124392744 300927178
192 99 195871123 25119591
187 192 209209696 161220599
50 186 26922323 193373857
10 154 53495793 11479105
11 5 371918911 108288850
57 34 97199376 162258025
190 57 162043743 173931521
158 184 49773791 270882089
49 112 69083904 80941270
160 36 529528277 384659617
21 115 623344366 802304364
103 149 585539746 330105601
46 89 270334113 209197379
148 159 2567929 114022611
11 155 181350865 638802529
35 115 9357895 184455927
87 28 48807409 166614101
181 187 336565201 237647833
88 131 130527531 42861748
18 78 57329889 176363309
159 123 677775451 120190093
21 162 429361783 188354001
1 61 760732301 922187905
169 16 546945481 138908841
68 125 216842353 584356481
125 124 70811225 316892521
181 50 11424995 44938860
179 101 519967101 206015953
121 170 51959005 84789616
134 162 354867727 121918884
50 126 62946751 610988742
117 46 299682481 214057370
60 42 139138943 66781061
154 54 2807069 267296581
184 72 249941841 926428865
7 144 410464385 333765671
16 77 150958080 943511427
67 6 23699872 127031689
75 68 139860505 278974334
192 68 17772326 12667159
122 58 140508265 237359541
72 183 671431447 260802836
20 179 124745831 72650377
169 7 27868513 557777921
30 147 190878065 56062845
29 6 540242044 338379385
6 15 37430401 35022209
78 121 248233681 356641037
153 61 455604136 278105581
146 15 103705441 96949126
99 50 58372731 357397721
130 168 56206345 51477265
70 75 5885501 179638155
89 48 60358865 237995323
110 102 15204943 297628465
154 157 33999551 118232275
92 114 372783621 316430991
58 197 240807400 73555505
80 188 311024651 244744809
16 187 83482369 176515948
188 52 17150526 313437737
89 187 602737311 256749211
110 15 159622191 1227073
184 109 4781657 33257106
189 94 181072737 57450577
61 183 343673281 449860385
23 200 25951501 166573906
20 110 462246751 34097275
98 36 49569409 923595286
40 95 153546490 351706481
105 90 583021089 68365441
97 169 425268000 209965565
145 3 46694075 47077155
163 109 214558786 694428071
75 197 677756801 181064209
73 105 5286254 117756861
132 196 402616841 574587821
2 90 114289687 854864257
194 85 15974821 182483814
113 152 68247411 463076936
113 29 496807291 159058894
58 62 350140869 54272566
191 195 312055516 485608564
51 171 26991904 855204068
59 1 23509497 534430329
72 11 358222866 203431229
61 121 23913952 622987375
99 137 117078677 470599158
1 157 45977181 229149001
99 185 148200951 352994599
189 159 90095410 791618465
172 65 251509841 32776479
180 75 848504392 6735178
111 89 291285073 444481201
163 114 354161426 215632441
186 4 240456657 17141668
20 1 424092441 84675241
98 181 796217141 396172801
168 170 303015175 143849637
111 21 127439169 45645785
138 89 585579565 61637302
193 84 132016501 38294785
184 186 128000881 462463220
25 134 125895705 105327223
69 185 679157025 184759257
138 16 113479799 2974603
4 162 97247291 95081898
24 76 51729101 744079193
143 2 26498584 152201085
161 153 730801441 59540776
192 94 541742071 277291981
139 87 171443316 759367786
62 99 100178413 122703232
133 90 43820022 18215767
60 94 540209001 51001159
66 77 90503161 161470279
166 69 812524509 316358443
178 26 136163617 508948081
53 174 31436833 235378351
147 102 225596563 16435089
75 183 359004801 447878989
79 146 65548975 678742275
178 21 329637509 188355751
183 88 181865854 238263001
114 137 16969681 283303119
120 139 260994907 97657589
57 176 573739417 230318605
148 35 276044077 402544990
8 154 82262271 557484673
11 167 546620935 259100773
138 166 685314521 8951117
194 59 99492881 78275913
31 125 486425000 52847861
93 141 831280925 244612369
41 4 117494731 42213396
80 163 27853167 89108530
166 158 101005501 304440081
20 183 544169223 3556081
102 121 453939026 42717907
15 62 460980262 40432033
7 55 161866321 189869377
20 62 316767889 299171757
39 17 245248521 324385069
4 54 255185415 144410225
48 87 105063837 492650001
108 10 188278243 264519808
146 19 96683473 352599145
49 32 366080092 245240228
141 192 12998937 317398565
32 53 16819489 539867996
134 165 456039496 293302676
90 108 15478485 762487921
139 70 52012301 613181917
47 119 290649851 20141841
73 109 71258293 78635476
65 31 131192601 275414309
189 181 598319707 116581921
52 25 121500436 640755454
153 168 76353801 192768379
108 90 426830328 148763461
192 130 46841404 24071521
127 109 245601392 12427869
133 53 621004667 690981593
165 194 112578225 361401258
57 118 36362665 103313908
20 114 62500088 238914586
115 8 3238120 195340671
183 104 117607210 75200591
84 161 489441065 11149844
81 43 65169807 216283051
186 2 58981501 446289172
157 97 37674829 742294906
148 122 566213833 83693593
73 126 192861280 103837537
119 14 787222777 27580841
109 198 802080793 144139721
104 130 287265707 891899911
102 47 96615112 285874282
146 163 22379841 139529363
86 59 157462716 32431868
58 136 203660041 148319503
8 132 108310183 141426865
104 118 9101612 273607483
176 161 562192106 89801097
72 84 39957217 164039539
65 161 569432593 60763793
9 111 229443893 207254323
155 46 99741961 10598785
157 167 82566561 672183315
164 84 28706218 540036017
161 74 69426471 85364362
61 138 341082281 884523797
31 151 641093377 37047944
23 128 265765082 5142061
137 14 151246048 274666672
38 10 229332061 818007041
144 158 656706865 312694537
110 172 242595033 135669703
62 47 169383707 698716201
101 158 935342651 263711345
95 114 478315729 717190985
177 42 32544091 561782901
15 149 172443505 182585614
107 29 144658285 182697343
175 156 82916109 814251923
35 75 174348001 236578537
72 29 15238500 37869436
100 46 275031881 884099695
77 42 119968711 55876891
147 48 464584557 301213953
99 101 281282751 335560355
52 70 23588160 635897791
4 15 147054081 21874451
132 56 739726549 34870870
180 74 509825631 71486650
166 119 224274337 3995485
34 137 125216461 885875061
183 143 34795797 23589656
10 196 1460668 563647937
68 173 23150671 244301337
82 8 38299836 60392773
158 2 221537377 61625000
179 62 19321972 118587599
108 98 232690237 425123875
130 163 529372351 68939769
57 190 653914141 352234372
87 17 697831051 285493693
175 41 153387009 177524772
109 52 188370049 271898004
180 97 304460201 600682113
90 48 54725442 51803338
122 172 306777633 163551227
152 89 261190657 473037745
148 46 70303717 641380481
172 27 752960847 346459
7 184 81652861 349090237
47 60 6409755 230941779
167 123 683788037 63160876
83 22 359315293 94918976
11 110 133356620 69422168
167 25 753841493 120903875
99 68 475157953 8460129
133 121 28513167 915118003
32 58 210287962 31587265
51 197 202679126 409821777
180 200 602691862 324622871
193 152 85176271 121474361
2 189 259510231 282791329
169 91 133815994 608608687
64 57 1436121 217105420
149 19 96852329 464840455
172 69 183335811 257990786
85 63 81915844 324347206
188 53 151980965 424301085
151 53 338463845 6252597
11 74 26322033 507205413
147 189 743493275 152357707
175 49 158057461 230688811
134 174 197888897 147590201
159 137 383761533 701126206
142 25 150470698 574229745
60 123 247142526 687304752
192 195 318785035 38484667
183 146 812377 109097977
190 143 850473025 209453125
51 70 65222659 550553805
156 147 102495142 554671561
19 12 68139418 246702656
4 186 20910826 599102965
47 33 487271119 73807301
55 2 345069801 18989919
90 86 103317005 411183697
86 31 196304161 121371889
191 158 55131821 225043825
25 168 137534926 429801121
100 198 164769187 71053949
151 128 402254213 10364386
174 188 446028967 140761153
127 193 347047333 195092881
183 164 35746049 66922561
6 28 182772097 25135505
157 7 375855712 48445222
113 84 553241609 197279748
52 37 229713130 54436977
196 44 11188669 399244756
126 157 164643301 25211579
171 14 83859101 189998249
8 18 303993301 124102849
121 174 99324289 153030706
137 41 208042430 107537626
110 190 704544640 366405325
150 1 346643489 68109553
30 147 427009227 57150901
137 34 201441101 434917861
174 153 16778929 511417941
34 97 145799083 427347066
193 11 143927497 839950491
157 178 91492984 33132395
44 69 79369921 190192627
150 8 265630929 272459311
174 70 589469833 139800337
138 114 18699220 369373943
76 64 188415580 446249771
103 118 208367909 169756033
3 58 612255094 734627881
173 139 95115351 136322806
134 97 179680249 362719546
110 50 201475489 307816741
113 106 664114060 418201192
156 28 376741441 154099123
14 51 101364886 124632416
82 114 668728429 59234070
120 75 654085360 35379709
124 17 174801561 167549689
142 143 2508211 106472107
74 165 782034375 66751018
1 79 734547259 370552365
58 16 476956795 131320351
185 129 142166634 198460718
190 3 300647619 775219817
140 140 767376719 890949445
85 116 830791 163560970
104 144 27663781 598501191
197 17 241553096 93894061
162 44 405647753 151183621
40 28 550882019 30772038
94 32 513248132 296359582
181 55 63152161 43679245
34 117 267852187 239494477
90 51 663096281 512727905
70 42 275302421 318262276
160 20 327040697 198915641
198 32 259845633 118462081
120 32 281193841 486266001
82 16 444080223 87805909
164 167 62206684 247980329
28 92 162458281 149981821
151 125 200207547 671951606
36 84 331328042 173472193
1 54 152402363 197299406
88 82 119841025 315512641
53 81 239239989 140529013
103 168 371837645 9653569
196 33 286055329 156288175
39 80 403058206 25975301
15 128 96880297 121136401
92 101 397484605 91851221
56 61 155576470 57836159
68 145 83350701 402529513
154 120 80131932 198498591
88 134 91386241 387728966
98 12 111013813 84499457
180 65 94709707 461388341
181 44 662243631 237630863
146 36 179065489 181838685
194 185 171513901 433098601
187 123 648825553 150514051
122 91 364811698 49728307
128 66 682709 544749001
7 70 14744701 91486968
127 29 32434858 308328388
155 88 466356970 3254071
145 24 160547098 129956807
58 112 100440011 78609443
35 9 240716815 288246811
153 65 173201827 311567517
194 187 143452310 421714931
8 112 259711628 361207925
163 132 16835511 531596101
109 43 22246937 191464099
91 153 347007346 16817559
26 106 524181541 341382355
148 152 6328225 102031819
137 186 241795842 366027047
193 31 10686981 349842601
70 160 402043097 98853877
75 140 41542165 21594535
93 195 649451101 530211649
100 45 235387566 99974057
101 78 291614885 13050085
11 169 388140513 693383554
37 140 63152049 317718964
192 46 166078509 333073609
21 117 111280993 12583161
98 108 467215571 23184515
200 144 74968153 277927793
158 50 6013701 167270545
191 58 41894671 94267234
170 73 527703723 261262997
48 54 59390071 229311643
130 134 93090735 16336658
153 174 99545809 151429545
178 172 281827001 505540595
143 169 666309424 472531441
101 129 239541354 114831759
3 165 180442270 320206327
93 152 337970411 264426617
86 176 827705131 45263186
147 183 52087321 161496561
147 81 225233026 116177861
56 162 996557 38111032
13 101 701315947 14369473
75 112 536241201 38757874
27 183 55436805 7529465
14 101 839154625 266290597
200 103 4018885 372779375
68 112 657663587 85500416
31 87 63724753 225492052
21 134 9671293 314303375
175 90 11064769 33559599
156 111 258506953 480319804
90 23 44151493 838105505
64 31 897106211 343241338
75 28 181589297 3376051
25 136 231895301 143996935
168 70 822701801 684946445
165 78 73764229 36701457
70 184 262280545 80409980
139 19 39834641 145635521
116 35 83630821 40942226
54 68 36720289 879421601
169 101 133151669 272420653
110 69 70204849 74811106
33 117 42702661 202191361
139 49 153742213 148736257
158 126 814081729 97797049
50 20 73161276 130255257
171 74 85807611 200413001
196 197 403498577 172514216
78 10 447875976 705083329
197 102 27538237 109516826
181 187 554406529 498386944
137 151 252999940 141015691
185 195 315384427 183141466
149 186 2206081 68140133
155 108 821826361 111431865
124 24 328934589 174906308
19 41 169580741 695181409
160 4 553202441 216853432
191 87 328131673 326191301
188 158 583422057 372108101
187 38 608196817 397027045
167 187 229495445 3522753
126 184 267931119 1021523
146 123 319712191 86054619
125 57 240762317 558606241
100 52 1634821 40427399
194 176 93482461 948058697
5 165 101657281 145531
135 85 103640765 3137701
74 126 502002717 178608502
183 68 439968643 346043393
104 198 246668845 65727333
150 1 662543646 81824401
59 149 320712484 618775935
121 197 102035137 564571793
144 116 655252491 11378101
56 8 361288336 72242017
193 42 234938101 193286081
186 87 62621825 121838081
57 96 109059448 75011483
9 97 143543727 494295581
112 152 109376345 104448370
127 189 15520961 535295977
88 81 508049999 60320324
192 134 103439179 687454208
88 182 228822593 62250501
18 58 131242801 350923579
32 105 71344021 517988808
185 22 138554127 479077679
118 73 39562439 175283986
79 151 206613505 95252538
136 92 331104962 41300297
115 77 175959070 148396249
186 177 89282761 406573821
193 65 617385777 199013365
89 190 3720277 67369216
154 113 299197378 768061730
144 98 145284670 825769001
108 18 459517751 26481741
58 179 4279661 951649777
188 46 284098738 488960285
65 35 46847503 491117
122 125 188556361 444559136
198 70 45918275 120034442
109 1 66317263 537757978
17 8 34084039 566945061
200 197 309264092 283218345
147 142 24531156 583789326
45 78 697328721 691843087
41 122 32096449 472724353
161 101 156710143 518834515
163 154 68702815 352061281
175 115 60257525 193670335
13 91 318771221 171126077
48 199 487561908 419493166
108 154 270024497 13493619
18 181 622730351 48457969
52 92 384485401 15515191
136 127 359453557 16142301
178 8 106307479 27098072
170 24 264483269 353925934
141 82 44153765 93450657
70 119 354886089 61767151
177 1 247156698 32810685
54 65 434467909 243913893
86 34 405342064 42568156
123 123 123232131 141310520
46 126 523351459 136356150
186 102 192080591 350904445
69 27 169034984 44537636
100 36 38838180 419617672
181 47 192853090 36592375
172 155 115692501 97111736
130 98 426205249 182945801
12 191 161812778 77880414
66 109 165420388 949251369
144 69 471298609 528088411
9 157 42621241 862751
143 181 400874672 35546797
83 117 408189356 437805726
14 152 379969500 708620673
58 140 543816958 159195793
87 163 29822229 491816767
26 90 362557131 15924151
89 163 771767293 361425497
2 65 59621785 268481940
128 145 1347237 641928639
77 154 57659326 659047247
200 144 39494841 58760926
18 125 168585696 254953462
14 157 172177309 254534690
80 181 139047427 91745586
135 38 120596917 198057091
45 132 98437462 632427347
60 183 247515029 177320431
72 27 21575681 167895577
21 73 64892721 34838917
124 29 50564905 614633116
36 29 23055292 179207029
79 77 99767766 228281041
189 144 3213029 840520627
172 69 92179153 360757701
76 182 618620838 351634359
181 178 748268317 207970717
15 12 183933052 271593901
4 180 572938071 99758084
117 33 162915873 489118483
187 185 239990487 175211765
6 189 36932329 305468539
10 197 73971751 447031753
101 101 587237104 448813106
72 179 915792099 121624507
34 126 551221948 206086947
125 192 185770609 203171515
4 169 656990083 18851779
102 104 112194829 408706691
46 150 179842316 421811173
170 33 821028027 3303781
32 107 6714129 706109086
196 79 79687945 480131577
57 151 63237397 282371437
113 136 604035467 486477604
43 107 209313818 406168355
12 25 205257293 107770528
87 105 236113732 14601147
30 112 18881413 58102951
193 184 34366231 182289969
164 36 31231619 392378691
110 94 539165089 160436801
3 115 55378437 98820538
133 71 34007 419046811
110 3 38846601 702899281
51 109 97411201 48508090
28 115 26392321 192353491
27 193 80958693 632965539
146 162 50165336 16851399
93 105 115231633 483219920
72 64 512596667 704954116
86 35 323395501 121286813
26 124 744563121 27234280
96 194 95333485 456068581
108 70 612472428 394357701
10 54 62066221 588826911
83 15 266712837 390096001
129 17 43473727 70315291
72 54 495746785 643868441
8 199 223071669 946603390
136 85 23920651 637310740
158 173 191883875 300092365
82 171 3292405 477291508
175 46 7855816 136291857
144 83 8813179 427038517
189 179 623229751 446677561
145 101 692878495 149702041
191 153 25248486 652095361
93 187 151086209 5724045
49 152 16591265 244907815
145 63 195886721 161754219
166 176 11880635 288376871
181 76 758181566 679852657
171 63 288371671 36762385
148 130 113012495 206656617
29 89 202337371 423137033
3 14 186478849 904141841
77 119 105829201 59528680
69 162 10165816 54040141
