20 100
1131 1436
7 11 4653 9651
6 17 5761 9753
15 20 6061 4009
19 5 7649 9617
13 10 4748 8464
1 20 5539 3130
15 7 6193 5296
13 13 8145 6916
3 18 3431 2030
9 11 2799 3732
9 20 7851 1697
15 18 1875 7977
19 6 4182 9737
11 13 6433 811
8 15 577 5128
2 9 649 4715
16 3 9496 6321
16 1 5085 3386
11 1 1311 8279
17 1 9925 675
13 17 3651 244
8 16 2306 8529
2 17 676 3056
8 5 1865 9221
13 18 9164 3621
3 8 7221 7377
2 1 6851 2201
20 1 403 8003
19 19 1309 9001
8 17 9006 8727
2 13 6961 6925
15 20 8225 6776
6 1 3441 4160
16 10 7433 3665
11 17 6600 9089
11 5 353 5992
15 12 9717 5890
18 6 4709 6341
18 2 3413 1706
10 20 8387 415
8 3 9810 9506
3 18 5386 2191
10 15 1541 6871
1 11 3386 2501
9 17 3357 357
16 16 6039 6115
2 2 9586 8765
7 4 4891 3653
7 19 2165 6665
13 15 5270 2131
1 14 512 5231
9 8 7041 1274
8 13 8737 9231
19 12 7101 6223
15 5 609 6651
14 16 9321 8733
19 1 6097 1698
8 17 1817 7989
1 5 3103 4260
15 6 3125 1275
14 5 1297 1
5 13 1861 1431
3 17 2207 8636
6 11 3977 8001
1 11 3305 5679
12 1 8305 9117
19 11 7121 2497
12 16 7809 4499
18 14 8607 4893
16 4 8358 7648
9 14 6663 5729
5 19 6051 8061
5 5 1216 4233
18 8 4191 577
7 4 8945 2449
9 20 5959 4353
4 1 8341 381
5 6 7624 520
20 2 9877 5649
15 7 7753 3233
7 16 144 7595
13 4 6165 6445
12 13 9741 9963
12 7 1573 4123
11 7 6145 381
1 7 882 7590
20 13 493 7233
3 3 9081 6756
8 14 6591 9878
15 17 889 3501
20 19 8769 5538
8 15 3921 6086
9 16 6841 8493
16 9 3141 5511
7 14 815 9535
7 5 1595 6057
13 11 6575 8125
3 12 1677 7185
7 19 4292 1809
4 14 9717 7251
