200 1000
452 4661
162 127 5092 6547
199 143 369 9337
72 103 6034 8309
116 194 5801 3369
180 68 8981 8013
56 2 6099 8761
185 91 4551 4857
154 135 6433 437
52 33 6449 9973
166 66 7836 5049
168 70 3049 1989
123 82 3041 2777
146 138 7381 7805
64 197 2249 8823
94 55 4151 1284
183 194 2608 9965
26 193 1197 5852
141 150 196 1666
114 67 8111 5510
96 12 3789 1144
76 28 2001 1194
106 66 176 3021
21 152 5889 41
182 73 1021 5595
180 131 8481 5181
177 148 7624 3886
118 43 3079 6001
35 101 281 6051
137 68 8055 1691
14 139 5925 9696
37 73 1854 3
198 24 6173 8621
96 17 188 2731
115 90 810 6495
2 184 5231 7076
147 46 8465 7891
97 70 338 3813
3 165 3135 8657
77 109 5311 5601
87 129 4877 8003
102 198 5131 7983
112 96 6133 1460
45 101 1783 6663
22 20 5851 5645
193 110 736 265
143 57 5209 1297
20 38 1250 5223
87 56 6456 275
189 142 9182 8501
57 35 814 1029
15 53 3801 8658
133 89 744 7321
106 181 1770 4641
34 59 4421 1761
16 184 1153 312
190 175 8005 4209
35 100 7273 7902
195 141 4537 1098
174 36 4711 656
77 200 9761 2287
194 184 1 4389
42 22 4556 6401
98 94 513 6165
81 50 9560 3864
89 122 7173 4547
142 73 1502 4137
82 99 3401 7185
174 36 6169 2171
64 184 2164 597
166 165 5035 4095
183 67 6277 7295
105 156 8433 8070
27 179 501 7645
154 131 6159 7186
105 39 5523 2625
78 104 8481 8704
147 57 4501 7526
14 58 491 1061
8 73 6951 3493
140 167 3655 1813
107 19 831 6293
157 45 3379 3976
114 146 6475 4831
78 55 7414 6557
130 150 7981 1210
105 82 1013 1777
138 140 5728 9554
1 15 8833 3366
158 188 481 2321
93 98 7189 4297
125 32 7131 3711
67 68 5342 1485
197 138 7504 1995
37 110 6801 9242
101 6 9361 1609
80 38 2465 5177
59 146 6181 2681
155 46 7717 7010
136 10 5691 7746
181 146 4865 3897
97 32 3025 590
130 98 3380 4507
192 12 7401 1561
175 104 8613 9601
106 159 51 1463
156 67 8266 9911
34 125 8113 7001
170 29 3771 7741
151 83 7055 7343
126 73 6023 9171
177 150 4485 9166
5 64 2403 7559
122 87 7650 5033
169 125 6148 287
59 67 6778 5657
107 118 6770 8241
189 158 8785 8739
129 85 6455 3449
169 90 265 8526
10 8 656 4716
18 36 7041 2065
127 45 9717 2697
49 127 2241 1285
45 194 1338 5529
18 28 8941 9357
73 99 9896 3414
22 162 1609 2831
115 116 57 709
8 177 5331 1702
103 48 1027 3640
140 157 5351 5229
104 10 1217 7961
29 64 3754 4633
30 140 5723 1209
110 176 9953 7906
113 14 5665 1945
4 106 6488 9593
135 193 1509 1089
170 110 306 8801
99 107 2566 3781
69 117 1576 9289
142 124 8521 3649
66 151 5921 507
163 98 7955 4515
60 26 6665 2016
37 169 8864 6741
187 79 5569 5721
180 103 8971 6673
73 38 4511 4662
33 6 9511 6571
7 28 8641 4886
54 82 3921 7620
40 3 5971 3541
42 189 4101 3753
45 170 3393 3616
67 81 1811 8067
9 37 2806 8589
5 5 7621 4609
189 128 2721 2081
59 90 3303 3561
55 88 9521 63
92 32 339 9987
87 162 8993 7065
95 75 5581 8398
43 39 2891 403
114 52 1241 9611
163 39 5297 1569
88 173 3289 6641
167 5 3438 3605
89 172 8371 6081
136 98 2456 7836
143 98 5925 1243
77 94 4881 9707
174 85 7411 4125
56 132 846 3945
172 37 3233 3355
32 132 5362 4950
26 28 7889 2785
112 198 7371 8427
74 49 4453 2943
24 76 6775 8499
57 197 9000 2041
35 25 1181 1145
95 86 3130 8253
161 33 9041 759
125 91 6961 2011
158 152 4551 8825
142 113 6366 8856
42 198 2481 8861
138 93 287 1261
147 194 8413 6059
31 122 7915 3397
200 134 2573 8247
41 37 5865 465
184 171 5921 2061
59 110 2769 6553
139 101 2201 9925
86 113 6273 9259
190 66 9997 3407
147 21 8288 8221
61 54 6348 721
68 188 3981 2051
37 178 6536 9602
136 115 4436 9825
40 142 9425 6136
87 179 1471 7101
21 139 4796 5931
82 97 3871 6749
31 85 9959 6913
111 27 3141 7961
4 160 6236 9641
52 84 8841 9724
2 10 3693 4393
98 192 2133 1089
117 169 433 6118
140 50 38 7821
172 150 8241 9549
184 190 9475 5881
117 121 3975 3329
189 130 7119 2447
70 126 4853 8723
126 178 7496 9852
23 191 148 1837
135 187 21 4881
164 187 2892 2561
86 151 1761 6101
159 7 5428 5605
11 162 600 2047
197 179 7143 5829
163 147 4776 351
16 104 4817 7517
26 46 7261 9437
133 7 9451 4937
71 9 8235 8505
159 53 9383 1297
157 21 7835 4526
101 197 3985 6500
128 79 4535 1032
112 198 1489 1725
20 15 7425 6725
168 150 1423 9120
20 47 7169 7320
47 46 1101 2834
154 144 4951 4974
77 159 9086 2648
163 177 6517 3341
70 101 1081 5601
181 120 6489 4869
145 131 2151 548
43 45 2175 801
171 173 9411 8549
184 85 8876 9878
164 85 4049 5911
43 92 9303 5255
129 71 1875 5705
27 45 6001 614
146 199 3865 913
147 110 8262 4851
52 110 8456 3426
87 30 8863 4361
122 184 2737 5824
80 34 4054 7271
111 185 1101 1497
5 121 3067 421
80 64 8588 3429
147 19 8602 5696
176 43 528 6588
38 192 4941 3996
124 188 873 741
193 176 1794 9739
97 52 8910 6494
67 110 4801 9053
67 38 771 3220
34 185 588 9826
39 23 7157 5241
76 157 1489 6906
11 28 5812 7047
44 23 7491 2903
157 75 8465 1490
58 95 141 3701
169 134 7761 3741
143 35 8741 6481
47 85 4089 9271
48 80 3976 7757
45 91 9581 4333
176 115 6262 5601
57 139 9088 4217
75 41 3021 4251
98 179 9145 2765
161 170 9981 8881
24 72 641 5952
176 133 2111 260
25 44 9995 1224
21 135 865 6897
101 189 7025 1971
189 101 5024 6381
149 175 8257 9289
95 51 1537 5565
8 52 13 7701
196 125 3467 289
54 186 4210 3971
130 142 3939 161
96 29 4731 7289
149 46 8741 2681
40 181 3841 1341
112 152 5886 8489
166 107 4671 2557
163 164 421 6405
43 32 2940 849
85 114 7206 1970
194 133 173 6412
100 56 737 8305
83 169 3201 304
75 181 9281 5745
193 56 8803 2367
155 38 4765 8521
47 176 7561 1441
165 79 7551 3481
120 178 7746 1697
104 165 3857 15
156 14 8911 8472
47 36 2129 617
82 70 641 4721
109 100 9313 9077
74 103 720 2777
19 193 1076 2029
193 149 79 9613
56 58 6285 6889
171 142 6463 6557
163 56 6876 1615
125 169 3537 6101
126 131 5201 1950
185 47 4190 657
35 1 4673 8880
14 105 425 4
116 111 6194 501
79 92 6069 361
166 13 8795 2412
195 66 2689 7390
174 188 9413 8963
197 10 167 3953
78 187 5781 7956
45 131 7675 6218
178 66 8898 991
143 164 7986 4125
79 61 8729 3721
138 94 3361 3834
195 92 8915 6389
60 157 4741 9001
99 33 761 9401
12 124 1599 1977
49 163 3647 972
105 8 3599 9851
109 195 5201 8279
186 127 177 5346
174 149 7591 9650
53 90 2656 4765
160 168 1581 6654
76 143 8733 4596
176 80 4345 9501
61 116 5501 8905
151 66 3388 6181
185 96 2073 6577
76 106 2911 2843
63 179 9555 7650
189 25 7546 7747
34 41 9733 3269
127 106 7124 8665
129 34 6167 6521
124 46 5040 5636
110 149 6716 8940
85 69 9911 473
50 117 5676 6241
168 160 6952 148
94 107 5344 8350
20 37 692 149
21 157 3664 5111
179 65 7873 5841
97 31 7937 8991
40 164 5185 2701
19 97 1895 2285
81 176 545 369
111 193 6017 2195
198 27 7649 8273
80 17 4951 9809
67 151 8711 9305
144 51 257 8950
139 111 9261 2549
27 147 3378 4026
46 172 5873 3963
124 38 2385 4497
133 175 7313 9386
16 129 699 2051
107 34 3151 466
123 155 2321 4017
46 26 6062 5950
183 7 7466 6509
55 39 3557 9273
60 180 45 6641
30 182 444 8850
149 119 2915 7957
98 181 5624 8861
144 155 2629 419
192 168 3662 8551
24 118 4681 5461
178 3 7521 9021
6 183 8704 5421
66 169 6753 3261
6 78 2549 7751
184 4 7661 5475
30 180 5703 5946
80 124 3641 1061
12 180 1921 323
167 21 2045 4011
145 58 5469 4505
88 131 7372 3477
97 146 4661 4474
90 192 6229 1
117 35 9359 5745
157 138 8361 953
147 172 7359 5208
92 134 3545 3123
27 47 6425 5998
125 96 8629 7933
150 133 192 5881
32 159 9799 9228
163 50 6361 1393
149 155 3645 1772
26 170 9151 1941
81 82 4569 2521
45 82 411 5649
122 107 9049 5190
115 179 4339 7822
17 97 9821 7521
15 100 2210 2889
104 156 4447 2736
129 103 6385 7679
21 68 961 2796
28 166 4033 2153
109 174 1193 3920
104 134 1778 8177
116 35 1321 4105
17 100 8862 7396
21 158 4832 812
144 39 4897 6641
197 134 8366 7809
56 101 3489 202
141 5 1295 3805
60 82 8754 3041
33 23 3611 1679
111 85 8101 4077
162 126 6297 9953
77 109 5793 4304
35 61 8289 6573
160 36 5391 6757
170 18 2585 1804
94 97 9313 3189
141 57 2482 8013
73 99 7681 8431
152 6 2912 77
119 60 9763 1737
196 178 5296 9292
123 92 1283 3447
146 97 8925 2397
188 127 1489 6881
192 91 8501 6687
157 152 406 428
116 57 3693 4411
189 39 1810 6441
119 89 1801 7347
192 80 7117 1534
156 117 2326 258
5 118 7777 8417
17 200 3232 7865
91 39 593 9119
54 106 1701 8671
134 153 9026 3317
92 197 2508 9279
174 124 6914 2209
127 56 2906 9722
154 65 1841 421
96 99 2500 3955
121 27 7525 2789
140 60 4186 3985
1 84 1472 8863
25 49 6201 5354
44 83 1510 3706
67 94 730 3569
128 36 5787 6601
98 128 9729 631
78 176 1607 4758
199 138 5463 977
174 181 2305 1081
14 31 7101 846
16 168 796 7527
166 57 2903 5633
78 25 4923 3092
183 41 7897 3744
153 128 5193 1385
4 15 3006 2680
10 14 3025 3605
50 188 5821 7543
115 30 1667 4429
199 45 8051 5841
181 172 8701 5854
143 26 7049 5751
195 126 3131 9073
83 150 8649 4270
86 89 6824 3727
91 41 1149 2199
42 15 4975 3153
102 12 9701 7905
114 15 5637 1131
135 124 7445 8250
120 69 5489 850
195 139 3740 3909
152 43 9715 2655
96 42 8486 541
21 191 4464 8567
168 98 2967 4629
84 86 1207 3080
119 92 1041 6501
49 200 2641 1943
58 63 9393 5699
119 94 8801 7239
65 2 3360 301
60 88 9529 2521
94 170 1979 9278
11 155 5857 3381
71 45 9476 8271
172 26 7841 8343
128 119 5415 3585
186 164 1811 8929
141 100 58 4126
28 70 3258 8449
15 54 3287 3652
54 122 1113 8257
36 185 8553 6201
161 39 6531 5161
100 164 8049 9853
152 130 129 9461
82 146 771 4729
157 172 4981 3965
200 82 6149 9117
156 173 272 5044
119 19 9626 7429
70 169 4807 5177
109 11 8148 7341
113 113 8999 2747
167 169 378 8305
13 101 5492 6255
138 184 7121 1768
75 32 5279 4051
173 46 1745 125
138 43 5421 6762
10 78 8651 9695
66 38 4281 1665
197 194 4811 2696
5 147 1356 2291
195 4 2534 6061
131 13 3489 7201
15 182 8481 2679
29 65 4001 5921
1 175 8777 5561
124 74 7985 7841
200 9 5337 3559
11 42 65 8936
26 192 1023 819
130 79 2835 9709
186 5 1219 9173
101 140 698 3301
10 99 4307 4517
5 105 3529 4285
137 113 4490 7886
93 117 5616 5791
79 193 4601 411
16 26 2371 2977
167 55 7406 9126
177 169 6781 9189
188 76 4881 6287
116 6 7707 8113
39 37 8193 2451
196 183 2755 8825
160 191 9623 7095
100 72 9531 8226
139 109 9181 6249
185 90 201 1685
118 93 2697 7989
112 101 1788 9974
40 31 5443 6107
189 186 6535 3901
44 143 2365 7189
196 77 6849 6606
127 180 2851 3921
60 74 1133 1761
14 145 9840 8069
80 183 3211 6141
188 19 1890 4401
64 170 1351 9249
42 92 3154 8001
32 99 7696 8665
168 95 9014 2625
111 76 7151 508
36 60 3069 5261
132 200 805 4772
113 189 5 3101
12 17 3121 4612
74 121 53 9365
15 78 1405 555
151 119 807 8289
36 60 6665 9501
15 151 961 7251
177 51 9304 5701
95 110 9537 5214
24 147 5745 1349
2 175 4181 5329
71 192 5983 5001
17 82 3441 4075
79 148 2757 5034
30 70 9203 2557
136 27 577 401
140 153 7901 7100
131 67 9108 1381
73 156 654 5700
152 181 1179 861
103 120 9365 497
81 6 7197 4833
47 133 4581 1421
31 107 7681 7411
79 115 7489 3033
35 156 658 9302
22 97 2791 3498
64 127 7415 5833
70 78 9505 1491
72 176 9009 2579
18 133 1185 1801
101 46 4337 9229
113 6 2749 5047
193 56 7161 3032
73 90 476 7381
151 17 2741 1239
55 118 8741 5953
20 50 6291 9793
126 67 852 2212
65 191 7101 2723
70 164 9651 181
107 28 8416 7639
80 177 9176 881
188 159 3849 4697
56 179 1431 5355
123 1 5293 2181
146 57 798 8417
98 137 6473 559
128 17 4405 86
199 32 9845 6256
194 162 1469 106
190 68 4358 9297
119 33 4144 2375
92 94 2695 626
124 65 1547 6254
167 118 8133 4617
36 168 4575 1076
125 58 9581 6977
7 39 5109 8683
51 122 5956 1411
37 98 3716 9915
47 118 8229 4977
13 88 5073 5333
200 123 8973 3018
25 44 1553 2996
196 171 7321 3393
149 180 6721 1198
11 84 3743 5885
184 137 5281 2431
154 131 236 2127
106 8 641 6865
27 154 4960 8861
183 160 1846 4971
163 71 9369 8005
195 116 5643 8051
196 158 9307 8314
54 170 9291 9777
173 121 564 6382
179 12 4993 3569
110 173 3278 873
84 30 7511 6186
81 177 9264 3945
104 193 2929 8990
22 2 9809 8985
40 95 277 7009
46 153 6041 561
158 47 4527 2733
162 169 5297 349
64 194 7866 4077
45 83 6669 5201
156 135 9251 9086
64 92 4373 5065
156 147 6451 5405
181 64 894 1479
59 12 9505 225
133 200 6085 2661
57 104 5941 2298
166 81 5526 5220
20 16 5009 5324
96 166 3821 9781
57 50 3083 9793
151 144 1093 7031
58 38 6811 5619
95 84 7259 8158
167 8 8071 71
139 142 5081 1857
130 64 8380 9981
94 156 5129 9621
29 70 5896 8861
166 196 8996 5576
127 81 9191 9417
37 26 5841 5940
104 48 6226 739
146 76 6697 95
114 169 9262 3423
40 32 4732 6186
41 170 6325 5697
174 152 1433 3117
108 6 4016 6745
176 195 5501 5360
124 98 8621 9295
163 87 3964 1771
77 143 9709 3711
159 29 5612 3949
3 66 213 8754
72 93 5475 1249
14 10 3234 8293
189 155 1955 345
130 64 5945 4879
198 186 2751 8214
192 141 6369 2381
191 167 6096 9972
10 176 8961 9621
66 48 8001 8747
134 142 4041 889
21 78 1640 2367
8 39 6754 6602
120 87 2063 7001
117 13 8781 2909
162 136 7271 2337
13 47 3757 7053
124 163 4993 8603
72 127 8963 1039
22 101 6057 9896
5 144 2990 5851
113 59 8547 5821
120 91 3321 5201
21 52 2231 9109
18 139 8781 2433
196 137 2981 321
86 46 9209 6657
47 116 7657 945
161 31 4683 3051
160 175 2496 285
194 49 7625 2675
8 78 5301 8673
34 46 3187 9145
98 70 7651 5421
150 32 4192 8509
135 22 779 3159
147 126 7339 487
100 38 3081 7443
153 115 9375 4991
97 143 5135 6506
131 19 558 9756
44 83 7209 4865
70 151 3369 6768
38 110 7496 1321
105 58 6583 3947
116 173 9912 4367
108 132 134 1697
32 101 9007 6876
52 118 1 8869
185 109 1307 3781
14 94 9351 8409
193 24 2417 1331
146 140 8943 1255
150 133 1656 9699
2 78 8696 6921
124 176 9789 8510
84 97 7756 1515
177 110 7719 841
117 128 6425 8791
137 37 6299 1733
198 129 9969 4321
35 169 2819 3661
83 181 9919 6547
67 30 1403 5781
90 31 6957 9201
58 137 5077 981
89 184 2308 1933
60 185 3474 5089
100 170 573 5634
136 142 5094 4707
5 147 1250 3016
101 199 8034 3939
189 35 4853 3993
75 42 3101 8331
82 49 7265 194
193 46 4596 2311
10 131 7154 1569
149 45 7011 1369
135 12 7415 6626
17 200 3800 2070
148 81 8600 451
4 138 3687 8679
63 78 9509 4983
31 33 3511 5201
111 46 6521 1947
178 194 7284 4159
89 162 4684 8209
61 36 8977 4671
198 156 9431 3253
36 22 3661 6212
79 91 3251 6401
117 140 2405 3110
147 144 4769 279
36 143 9165 2641
169 185 1757 8777
177 93 5753 6606
130 13 3506 2973
128 24 1994 6232
41 153 8787 7291
34 106 7521 537
125 26 601 5341
115 113 2677 1697
38 164 3297 7249
36 190 771 5385
103 129 1975 8599
137 164 4886 3893
43 101 9658 3269
54 62 7201 4205
91 64 9643 9777
126 169 169 144
15 125 717 7057
180 35 7246 1443
116 90 9409 9775
86 171 411 57
53 24 8557 6566
30 186 639 4821
29 149 9377 1577
99 50 4445 3689
60 63 8735 1743
57 142 7761 5526
72 180 1284 9951
173 138 9489 2201
134 159 7491 2541
179 131 6339 2904
33 12 509 6920
195 153 2417 2641
195 127 2137 3926
57 195 3051 4297
26 33 3764 1894
109 178 5445 9701
125 107 1121 1633
11 3 2505 7856
47 144 2181 4516
100 87 1651 5975
187 142 9524 8459
20 20 7706 4658
145 188 9285 2219
53 176 2451 1593
136 121 5716 6551
69 84 1552 8491
133 156 5710 7646
4 191 5807 991
83 159 328 1278
105 189 7586 3489
188 145 2499 2611
117 111 246 6081
199 59 3591 1993
168 59 7791 346
179 58 8583 5637
67 30 5961 1043
43 182 8761 1104
22 128 6511 3971
2 50 363 97
4 8 5601 641
57 108 1641 1683
132 97 4605 9379
31 86 4021 9896
161 5 2181 6759
17 54 9665 5224
84 144 4693 5101
2 50 3953 7312
144 128 1761 4613
181 135 1131 2951
94 107 8106 9174
1 155 1657 5356
67 16 4321 9970
108 73 2719 7001
191 145 9641 1773
67 116 5336 1221
200 121 8767 7625
97 111 5013 891
7 26 6673 2285
103 180 9481 4583
89 178 2539 1051
188 19 3221 540
121 198 1141 5187
12 60 7939 2232
171 14 4843 6679
198 63 4711 2377
76 106 3468 587
193 60 8097 2884
50 77 9617 8906
86 38 8351 5531
118 137 3406 1074
100 124 472 6623
97 98 6062 1073
145 195 5777 4829
166 39 6456 6227
69 101 261 3513
164 189 3781 1125
11 62 7189 1516
8 133 7102 2837
35 72 554 2461
65 17 7675 9348
1 140 8099 4501
3 66 7957 1666
11 75 8121 9441
112 36 5036 5441
106 69 6539 5525
196 38 9027 7829
38 34 8727 5318
136 20 9425 1881
111 54 3653 9516
83 47 8856 1401
153 34 6241 1635
140 143 2583 8646
128 95 6512 4070
74 110 7341 9221
157 37 1221 9569
135 48 8521 1241
32 165 7281 5616
131 169 7781 4647
151 162 7006 9880
166 183 1345 1560
86 31 6701 2878
153 1 1393 7001
159 20 6719 8801
5 191 6769 7902
36 26 5713 241
123 75 9326 964
155 177 8813 4053
54 176 7360 1745
170 199 3619 1023
7 137 1089 5017
11 59 4917 7094
48 76 5086 173
90 74 5884 3611
11 80 7301 2105
149 1 8049 3729
44 132 6963 9169
67 155 6211 9081
108 186 7298 4984
113 148 9797 7821
71 83 8320 2271
81 15 38 2
161 59 4450 4961
115 124 9466 6521
61 184 8577 8847
57 93 790 9795
30 30 8581 2161
102 27 4737 5340
114 102 6321 449
31 76 3185 3956
196 39 7681 3053
181 191 4205 5715
121 60 8715 7756
18 145 751 2091
53 33 7064 579
58 66 364 6307
191 55 6201 5001
196 27 9961 2491
195 79 8725 7615
50 83 7301 4341
63 190 5767 851
101 130 5265 2049
200 117 2069 8721
141 52 361 373
93 52 1789 4337
71 9 7981 4741
69 198 3775 6897
136 116 1803 6987
157 39 9361 8976
129 74 6767 9769
141 125 3535 6981
60 44 1656 831
164 101 7014 5911
159 8 6051 3574
193 159 6977 1013
110 148 2706 5418
44 147 6269 8577
38 101 7185 1105
