20 100
70209175 649352401
13 1 400783216 387221717
15 8 260326467 208479151
11 9 445284816 92834023
2 10 83052799 404196321
19 7 646904901 38702260
2 14 224039089 128912797
3 19 580035403 147553523
14 4 62095573 479188171
14 7 556875923 243159463
6 13 52535701 300780404
11 2 510976497 280479621
4 3 198742209 306991169
13 5 13266342 652802662
4 13 144537233 885307125
14 8 530632893 618198049
3 1 863792260 402709311
20 4 160480086 413321602
9 4 232234497 694810876
20 2 711370453 420315913
6 5 479646567 153101530
1 11 101749362 772541032
2 13 62863095 405182091
2 6 199525734 7197940
4 13 446557189 3895461
4 10 14308897 272258271
3 9 219753458 277207945
2 9 50369137 485483468
7 12 701864929 127313201
4 12 441937417 477965613
7 15 260395201 488343901
18 17 116125080 873195583
11 7 4767946 127530841
2 17 81418492 10388170
20 14 65525896 30657281
16 18 561582937 820087560
9 2 213662131 378478840
5 15 80114657 578959525
10 16 14307361 848728503
1 6 515247413 277028935
15 14 177865076 44759681
20 7 130671388 379940860
2 15 101219926 74177780
5 14 687994223 559423887
9 18 271869894 63037296
18 12 75666746 2690311
1 18 238418657 31363228
3 13 385268227 487565392
20 5 180260398 403936129
15 5 79665576 996693051
20 18 84093897 94664035
15 3 90678205 745746321
17 16 437233378 425147878
14 5 171270425 16161185
4 4 119414226 4876093
5 13 159865333 228813949
13 6 374503826 109844905
13 4 126867313 320017783
14 3 221587795 493846297
5 5 65179378 441801263
4 2 300707884 317218339
13 1 188498365 196028134
1 17 278504224 207354688
20 5 373374541 127588003
20 13 112917253 419156377
16 19 473681401 16028727
2 13 25032826 32330608
4 5 619805192 5677483
17 3 494102246 496316150
1 7 114861688 2847385
5 8 293379601 30130959
9 4 81827969 305491341
20 17 625864406 17389195
17 15 157137553 32204592
15 10 41807341 145311481
17 2 114436541 324039537
7 3 275939101 188865321
13 14 419767297 138659257
13 12 518108481 25441201
17 1 114533697 49416536
2 17 115669049 237151609
17 17 188349811 470102837
20 6 214454401 624013531
3 6 39533187 55722317
5 4 131759641 239605165
1 14 410749201 510186405
5 4 97769551 333200141
6 3 475748911 262641744
14 16 3583729 54743431
16 17 231907601 62044327
12 20 149546987 517679581
19 5 837547816 266997601
18 5 728248126 474761461
20 13 55861 255030986
20 8 59697601 597367305
12 13 113214271 311528593
1 9 86993742 975106837
1 13 444425251 150743257
19 13 371715286 157321903
14 8 462047851 40534684
9 18 114977281 618910426
