20 20 5493
6707 448 9136 139 6332 6604 2902 5792 3383 5587 6475 1043 1391 4725 6395 6279 7827 3910 1512 3601 
980 8766 8358 5611 9178 1479 3485 898 48 2690 8330 1815 7635 786 6494 4801 1175 6878 5326 6506 
3282 1092 5297 5166 3695 865 4805 6943 4108 7050 3210 3764 1756 454 1525 8133 3270 2657 5727 7440 
2276 8507 8755 1735 4101 9943 7715 8688 5468 4029 9844 5444 702 152 6670 9344 8456 3449 9981 6855 
295 5058 7746 4126 30 3963 6882 1567 1908 1008 9158 1815 9299 4561 746 440 1482 337 7887 7847 
8571 9544 5608 5118 6109 5505 16 1083 2892 2013 7939 3856 4213 8174 8529 0 2961 9242 2284 6414 
8425 5060 995 1604 422 2828 419 3647 9128 2368 5567 4912 5670 3924 2175 9323 9177 3967 6607 3369 
142 4810 8989 4151 8824 6516 78 4101 3117 2705 8665 4088 7636 5014 1531 5560 6989 127 8578 4163 
9769 5737 7138 1800 2253 5656 227 5020 3876 6562 5232 7097 6378 9378 3497 922 8049 758 595 6592 
368 9394 1635 64 4399 1323 8934 7027 7501 5372 9820 3988 8378 5092 1048 2406 7309 1110 2674 1755 
4943 3768 3302 6286 8109 1861 3698 7770 9227 2811 6955 9921 6796 7805 953 4598 6090 1090 4166 2179 
3636 1588 6867 9108 2155 5810 307 682 149 7326 366 5417 2090 4320 6272 4442 6137 3873 215 2762 
196 9185 9896 1400 7392 3426 4235 9707 3094 9819 1690 2394 1300 9126 9782 0 9362 3389 4081 1826 
7908 4229 3201 1558 7669 1830 8282 5870 2748 8557 8824 1624 1367 2334 4394 2602 7302 6700 290 825 
5230 1922 5894 1555 7975 8621 8162 2198 5359 8910 7827 1574 3717 717 3357 7323 847 1265 9607 4976 
964 266 6282 534 9938 2567 6309 3759 6490 7120 8700 2436 3599 6589 2276 7311 8747 6045 6632 1217 
4393 288 9560 542 5148 2653 3508 8828 9607 6686 7909 4903 4595 3438 8741 5664 1036 9090 8530 601 
6148 4461 7872 5451 7838 122 5428 4320 3572 294 5577 4153 1810 9123 3518 425 1113 8854 4598 1961 
7565 2842 2598 8754 7143 2027 7099 5446 596 876 3666 0 7767 5860 9266 8254 8590 2876 4118 7590 
2645 2084 2727 8884 573 858 4981 2343 8730 3117 8807 9345 3842 4610 5830 826 9889 2562 5792 4155 
