20 20 2434
254 9606 1240 563 399 579 4205 7098 2122 3889 762 2219 5463 1639 2977 808 3282 5252 9094 826 
6747 8360 886 8108 3879 5161 157 8715 8813 8111 0 7295 2333 6281 8407 1408 5591 9868 4676 1308 
6933 3594 9961 3632 3446 9723 3601 5582 5949 1706 5463 317 1042 6601 6494 9351 6255 3227 9387 4410 
1907 3993 5205 7031 1282 1230 236 8214 5538 4363 3807 7071 5472 5299 389 5523 1305 6527 5285 5649 
7506 3884 8398 1489 1281 920 704 6013 7793 2473 9776 8851 2625 2918 7640 421 9174 28 1524 9112 
6517 410 2886 9160 7498 9701 7428 5587 7091 1189 197 6153 9845 1094 1495 9987 5831 4296 7820 7849 
9538 9856 7224 5626 4663 4949 4101 4807 4185 1555 5535 3288 2542 3051 8553 8822 3539 1089 1158 3088 
5 5789 8528 71 2504 7626 3780 8353 212 9402 8260 6393 7891 2160 8308 9358 7092 2069 4510 4304 
6763 4180 3934 4150 4543 6237 6550 5770 5963 9382 2971 6762 478 9685 8374 6393 570 1767 9013 6317 
2312 7085 4807 6655 9443 3578 7971 2607 8105 5686 0 4594 8301 2093 3149 704 8112 775 721 7567 
3250 179 2548 900 7154 6382 4543 7384 9313 7820 4622 2728 3878 7956 2929 8597 9451 2098 1948 3557 
9053 1092 8696 5185 7007 4894 7744 149 1128 4743 4549 835 4656 3673 9787 4784 87 5157 7946 8837 
5999 7148 4701 7903 541 2039 9334 3695 2475 448 8552 5915 8105 4391 8268 3339 7399 1118 4077 3805 
9837 2702 523 226 739 8175 7740 1439 7514 6227 5798 9597 3793 6012 5158 3209 8768 3986 6701 6052 
9393 8798 9181 5572 3634 833 9489 3329 7636 8398 1698 4649 2607 2763 7634 2701 6700 5413 837 2337 
3433 7753 2499 8320 5769 9227 4280 1318 3777 7171 1476 5684 1452 3787 9164 9248 7096 3939 5847 6306 
7111 1773 2625 1672 4574 9713 5467 5314 3977 649 7001 6343 6726 8742 6946 463 4310 2698 8212 7158 
2623 7308 3150 2095 5500 9415 6916 4927 4939 5819 6110 1998 9214 9291 3417 9674 427 2573 469 8579 
5420 6925 9333 1248 5376 9402 5586 9800 9304 8103 1560 5818 6122 8684 2984 6518 4610 6899 9236 3953 
5628 4811 1575 2421 6827 8536 2954 8591 2117 4273 4079 272 7812 7424 9482 0 4220 2535 8438 8227 
