20 20 5148
3372 4896 1063 3538 8584 3821 2257 8256 6827 9198 6427 9470 3827 770 4204 7336 3506 5086 1776 361 
638 2502 2040 4658 8177 24 3688 1514 9738 482 9000 4777 2314 6791 9587 2492 5511 7758 4987 2260 
8397 9539 2068 7127 8488 3540 7332 5885 8107 8389 6873 9172 1036 1660 3315 5948 9829 3061 2021 3196 
5445 6671 409 1180 5549 6158 6137 6568 7572 7479 8263 3188 3635 7783 4917 2450 9145 333 1694 0 
3709 473 4187 9547 2402 4791 4569 9487 7346 734 273 5468 7985 7581 4324 7195 8602 789 3636 5000 
3944 77 2408 3619 5774 8703 1467 5777 5969 8216 3485 5273 1257 3212 2384 9911 9444 767 9740 5148 
626 8861 653 9132 8329 8835 7728 5998 1875 323 6169 6736 1692 5588 9791 8641 9924 6448 4414 8341 
579 4292 7732 3477 3008 2948 213 8284 7688 9204 2056 1018 2078 2384 6055 2613 4533 1525 4083 4803 
279 86 5901 3585 9202 9416 2606 544 2982 9846 64 7427 3624 782 5107 2242 0 1954 2465 6297 
7962 7808 2455 6538 9578 933 1321 9217 7383 9204 3749 7453 1465 9863 6110 7361 652 3196 8330 8820 
4496 8034 5874 7970 2522 913 8692 2889 1569 2383 1348 1548 5553 3644 6439 9620 7867 2695 3015 714 
8227 8022 8595 4270 288 322 732 6372 2224 649 7528 2321 9266 7546 8194 4706 3258 7292 1928 7382 
2304 1032 1660 9775 4465 9274 2292 9813 6013 3108 1083 2866 8391 8060 9837 5687 681 8617 750 4342 
8861 4233 8548 9446 9029 5389 5288 5282 3891 7243 5769 9962 2530 1404 5562 8705 7675 7740 335 3133 
9920 7485 9187 4762 3654 6484 2981 183 5587 9210 918 4487 3300 3340 9581 7762 5545 8844 6772 5825 
4470 1486 6216 422 7332 4923 3260 2562 62 2785 4887 0 700 6165 7441 9393 8577 2077 7184 7754 
6862 6990 7287 4851 5080 1283 7459 3075 5461 574 2693 5300 5424 8466 8819 3316 1416 2247 4678 6196 
6162 8314 4266 1452 2851 875 6928 7412 5447 717 9743 2844 9885 1434 271 3254 7432 8732 1933 2039 
2527 4932 3306 4682 5437 6711 1820 5484 8691 9036 6187 6433 5089 272 4485 2302 5825 1906 5403 3677 
4364 5591 2146 6428 4306 2679 6210 9022 5271 2302 8298 200 2880 2828 3418 8069 9130 630 3832 6307 
