20 20 4136
9686 6101 7071 3962 603 5028 3561 8425 8334 267 7946 9509 7899 5636 785 728 3778 4379 3038 2402 
7317 2097 4568 7155 7694 2074 8312 9332 1271 5183 7244 3662 48 4413 7269 4913 4621 4836 2601 4319 
5941 1176 402 5407 5652 5556 7197 6939 889 8850 5612 6450 3833 6068 2773 6118 1835 9790 9984 431 
6250 9466 8685 9590 2678 6451 3451 3419 9234 7258 5490 5263 5464 788 1002 3275 7217 2169 6226 4360 
6829 6391 5339 1604 4545 2445 9754 3571 8116 1809 1257 8796 1201 3498 6870 7336 9336 7591 6226 1702 
3053 7382 8307 0 7242 8391 8573 3395 1977 6514 1669 8671 8382 3997 4570 1369 3449 4189 5277 3815 
1739 4793 4833 5921 523 44 4177 7159 6932 7462 6137 4200 9700 4715 7305 8140 6334 3570 101 6012 
441 5271 9319 8260 7408 4778 3003 4584 4784 4766 3698 2908 285 3434 64 8458 6492 3467 9103 4944 
5226 6896 2697 3887 7588 7949 5025 1294 4349 5434 6667 2277 8444 2721 1120 7714 2427 2338 6763 6551 
3657 9010 9710 4121 7112 3576 8254 2963 8176 7247 2226 5778 0 9899 4167 7016 5222 4614 9988 33 
8039 8086 4653 6288 5246 1233 1374 6574 3112 1697 1111 89 1142 4804 3195 7264 3855 8703 5010 8057 
3052 4342 8887 9820 9323 5109 2666 2309 2670 8011 2703 7974 553 9130 4381 450 6855 5400 4865 7635 
6454 753 2360 6645 5654 3922 7064 7225 8781 8415 952 7091 4102 1150 8979 8108 7582 394 9834 9089 
790 658 7006 8113 1187 2647 6794 3619 9793 4913 9975 7934 7004 267 2422 448 773 7794 8794 4456 
4084 5274 2474 8779 448 1465 628 1314 9912 1466 4789 8474 2189 5387 2722 9091 2310 5039 770 1554 
6939 1741 2434 6160 5210 1583 511 120 7349 68 8799 1181 4018 7823 7417 8881 1146 7126 8104 9903 
2891 6003 6781 5074 1846 2470 7082 315 4945 6657 4391 2816 8549 8939 9888 8983 6657 8286 7013 2719 
886 7113 2681 216 585 4174 4996 7910 2084 7317 2465 5681 1605 9303 2433 9864 8046 5652 4726 282 
3507 7389 1416 2747 2896 9195 6019 8229 7744 4135 3191 5908 7766 5039 7943 1705 8824 8184 4603 5672 
9135 4230 3167 8202 8649 1813 9633 4412 391 1716 6566 9310 8079 7780 0 3542 3461 5418 6477 8331 
