100
20 100000
20 100000
20 100000
20 100000
20 100000
20 100000
20 100000
20 100000
20 100000
20 100000
20 100000
20 100000
20 100000
20 100000
20 100000
20 100000
20 100000
20 100000
20 100000
20 100000
20 100000
20 100000
20 100000
20 100000
20 100000
20 100000
20 100000
20 100000
20 100000
20 100000
20 100000
20 100000
20 100000
20 100000
20 100000
20 100000
20 100000
20 100000
20 100000
20 100000
20 100000
20 100000
20 100000
20 100000
20 100000
20 100000
20 100000
20 100000
20 100000
20 100000
20 100000
20 100000
20 100000
20 100000
20 100000
20 100000
20 100000
20 100000
20 100000
20 100000
20 100000
20 100000
20 100000
20 100000
20 100000
20 100000
20 100000
20 100000
20 100000
20 100000
20 100000
20 100000
20 100000
20 100000
20 100000
20 100000
20 100000
20 100000
20 100000
20 100000
20 100000
20 100000
20 100000
20 100000
20 100000
20 100000
20 100000
20 100000
20 100000
20 100000
20 100000
20 100000
20 100000
20 100000
20 100000
20 100000
20 100000
20 100000
20 100000
20 100000


