-761972.76 -89536.92 -1883583.36 -1558413.40 1176.15
-72347.40 -1082121.36 -101005.64 1188331.88 1187.82
20149.22 861486.26
943535.28 -226902.24 -1750480.20 -457385.24 1147.00
-721172.68 899658.44 1982083.84 1937407.12 1063.76
1103906.79 2424451.57
1554809.16 -478964.20 -1366425.20 -1007218.72 1591.32
1563346.72 -1635910.76 1942274.44 -1938361.80 1665.75
1505794.47 1693967.49
550151.80 -802958.88 -1414492.52 -480900.60 855.43
1737616.24 -196702.56 459399.04 1203898.68 499.58
873220.54 1971575.69
-1630206.08 -1115936.52 1382476.92 -1804874.20 5.38
-1686652.28 -1486422.80 1265088.44 -1699362.20 1176.05
428.46 745.45
1965559.40 -1810412.12 278412.72 58496.72 714.81
724015.72 1900596.36 250283.64 -534901.36 840.20
91355.93 256497.07
1006039.04 -1238105.72 1076718.16 -976181.20 359.42
-674149.20 -824644.72 1015152.12 -1412623.04 1856.73
165458.99 698367.20
158758.72 415431.12 776034.84 1395485.72 1896.75
-908438.88 133707.08 -1102695.96 786053.72 1757.15
685836.77 2023745.05
-1568216.52 1537113.04 -1021275.60 465366.52 1806.66
-1330616.08 -505348.72 -1583010.96 914020.48 819.34
383685.80 985969.52
1892980.08 891248.64 1178968.04 -1440561.48 1864.86
1952427.08 -326833.04 -1203333.76 -1410987.52 756.67
13014.79 21452.26
706904.08 570140.28 1951456.60 -1320883.96 870.90
512691.36 -1301282.08 -818833.24 1539144.64 295.58
628595.19 755573.85
-65077.32 -1063247.04 1088376.08 -821578.40 948.94
131748.28 981399.20 -898439.40 -1480449.72 180.16
117532.01 3635554.41
-1947030.32 106508.72 466341.56 1198630.32 1490.53
58744.56 -438360.64 -1557759.84 -1756628.80 1168.99
1313111.79 1824043.41
-1598132.60 -1515415.32 -1077560.88 -1067794.12 399.64
-870844.60 -1981979.84 1278447.28 -1055336.76 1885.02
663771.03 1306993.42
-1157177.76 -618483.76 -139783.32 1992567.12 1502.16
-134878.92 303743.56 -1014970.28 1386314.44 1130.81
201267.44 690442.59
-1415971.68 -1913067.36 -1037184.96 -634557.20 1488.88
1324082.00 -1656818.88 -234680.84 -81763.60 1201.26
608035.55 1405420.56
-1226093.52 77167.92 1488999.04 -532632.56 1318.33
893087.52 803462.80 -658590.12 1164836.76 102.51
437953.85 837530.08
1130198.64 71824.24 -1381862.28 -1913582.28 1995.71
1026158.12 -1824173.64 375695.60 128161.88 1076.17
1355991.01 1414147.06
109486.00 980439.12 -310778.56 -75802.68 405.44
-332178.00 596089.52 -1053400.16 -1536555.28 1864.72
63537.16 143955.14
-1626627.40 -1353532.24 -722965.40 -821092.08 875.52
-1312929.20 -1499032.60 1457534.28 -690492.48 33.88
43111.33 310724.63
1695749.32 -466992.84 -1923871.08 1267537.96 1434.04
1234707.52 239239.32 147094.28 313852.44 642.74
19426.93 433746.84
-726068.76 -844492.32 713431.16 -146108.08 742.85
-1092815.92 1371711.64 742316.80 247204.76 1374.17
5249.67 1309115.70
111546.60 599343.76 -1489542.24 -592131.32 1188.64
-1391590.28 -1736098.68 1554329.92 -1242825.52 622.01
2655997.34 2663278.75
479211.20 940595.80 -56499.64 12388.56 871.70
638224.72 -1126579.92 -135885.92 -1218641.76 607.81
501067.78 561971.68
1780906.88 958255.24 -706743.44 -1531715.48 1337.15
490641.76 329417.88 -142138.00 -1910926.12 1588.95
35214.76 73303.26
-311032.40 -262168.72 -263135.64 41593.96 1978.39
-1660427.52 -681471.80 -996568.20 -1780896.40 1075.28
1183676.46 2027452.00
-930173.32 -1930335.92 -516356.28 -1501670.92 291.92
817274.96 -665309.00 1273131.08 1921952.12 876.49
8650.94 177474.06
1644955.00 644539.48 -1787266.36 -1815723.28 1021.03
-1910533.32 214635.56 -497002.52 -1915650.44 1058.51
26369.64 36518.57
1551078.72 -1619430.00 -355382.76 1013240.72 1882.21
-478811.96 1620867.92 402345.08 445826.16 992.58
136830.67 428984.31
148033.20 -733612.40 507332.44 -1569673.92 1976.78
-413616.56 -1339364.68 1662587.16 -1373642.16 1725.93
225283.29 319855.68
-1990478.52 -476196.96 -795414.28 922200.88 1934.47
928396.32 -1976954.84 1590767.36 424462.72 726.70
978221.60 2326940.93
-584234.08 980882.76 -1529307.56 935163.44 1273.70
-594019.68 313492.84 -1042560.80 -1373634.12 1292.29
91776.83 596977.67
-1557834.12 -717819.00 1616280.36 1768239.24 1278.30
-1269926.48 1039666.52 729407.16 254946.80 1623.43
4969.74 67927.65
1981833.56 -210920.96 28183.52 -1227894.16 889.51
158697.64 -516276.36 1291266.76 1805512.52 1070.64
12708.45 1389187.16
1520360.00 738246.60 -696127.08 688459.16 318.83
72786.60 -1175274.68 -1182141.28 383472.04 1093.14
342425.46 507401.77
1004615.20 -326823.92 -1664506.40 -516591.36 409.14
-552637.84 1348564.40 793705.76 -320833.68 1942.36
151392.62 172983.23
396411.96 -1511250.72 -968939.68 -326396.40 1617.44
-1076041.08 -495789.12 -1287267.52 -1004419.60 980.60
141394.20 307521.07
-1720948.08 1653466.28 -1363110.72 794098.40 647.50
-1832094.56 1006299.00 336758.60 -138424.08 101.53
377841.03 568026.96
54635.00 -209550.08 1797855.64 -431878.20 1948.14
825544.32 -724481.24 1438859.12 -1362807.12 575.06
24927.23 1046530.08
-1565910.68 -109633.72 666587.72 1013344.92 1610.68
-1476151.96 1681565.12 1439449.96 1125438.52 889.22
94241.66 340630.59
-1728427.28 1526899.84 810.88 387926.72 1819.92
-596082.16 418002.76 1246236.76 1908781.36 1284.14
1232383.45 1287395.66
1892902.72 1802176.80 1709636.24 -855642.84 115.78
1173415.20 -317041.72 372479.32 -1445741.60 536.95
195691.86 933006.56
-1229020.92 -644443.72 1740288.48 364234.92 161.47
-781038.96 -1654009.80 1712062.12 832142.68 1541.56
50971.07 77986.98
333771.40 1204334.04 1555584.00 1738711.40 372.29
-1606308.32 1759319.64 -592698.72 -1394152.24 1686.81
2850400.31 3597716.02
-1516615.76 -1879048.96 -1278815.20 -146535.08 688.35
-976371.92 -1883948.96 50623.76 -101829.52 5.68
576943.14 709293.55
388183.00 -522503.56 1958045.28 450015.28 985.99
-1818657.60 -894954.28 -211852.44 -1641214.68 395.31
1032651.29 2485372.76
493212.80 -441962.32 -1431934.12 1848438.48 172.24
1775808.88 1090503.56 -980731.72 176751.20 564.13
2516.72 6612.59
-898292.24 1676129.88 -1667195.88 795446.36 588.55
362508.16 -1582964.68 -923481.72 -1524736.56 714.74
3397654.79 3968775.43
258508.56 694874.44 721958.52 1777138.92 1852.26
-1067506.52 377317.36 70758.44 -1427602.32 1862.38
31233.45 2671217.48
1936686.44 622674.68 278190.32 -1543529.84 309.18
697458.28 -1800660.04 -1994489.68 -1543278.24 317.04
398933.44 1077247.31
-195555.08 -132891.44 1805813.36 -1233790.68 1602.76
470810.12 -1147538.00 1562512.48 785785.48 1459.80
30931.86 65584.17
-1113941.84 -23710.80 -535993.60 1290703.36 460.36
1085897.76 673061.96 1850523.32 1800137.80 26.70
176572.86 2302208.44
1536501.20 -31632.40 1623260.88 793311.16 1351.10
1927933.20 -841337.16 -79241.12 1409230.32 1775.81
165451.66 741944.32
1624408.16 427670.96 -1197763.92 1632631.60 487.55
1676862.68 79694.08 -1583780.96 -1152887.48 293.41
72503.53 174687.38
-103908.56 1406552.28 -732804.04 1839482.48 1858.76
724083.44 1060378.44 -375125.84 1289530.00 775.24
1317397.95 1347438.14
1508034.36 -1034823.52 -1354202.68 1257767.20 1121.09
1818459.88 683807.48 -1841786.60 353262.80 400.40
11872.55 2020634.10
-1034121.04 313075.68 -672293.36 757884.16 52.50
1107024.72 507301.24 -559784.88 -560826.92 439.65
296865.57 429827.88
1046307.28 -273472.16 -150578.04 -1374824.24 331.87
-478637.40 43103.60 -667186.44 133377.44 1463.60
818605.32 1663068.40
-1123608.60 646205.28 -4584.12 711081.28 746.26
-1538043.12 -1419835.04 -545905.68 -768839.88 1350.81
712499.25 2572848.71
541583.00 -1691293.76 918081.80 801792.20 1482.86
211174.00 893408.56 -748658.88 1673272.36 911.92
938788.55 2336200.21
-1142274.96 396369.84 -926655.24 -801365.20 1652.68
-1835466.24 1804569.88 -705805.64 512831.64 742.68
181197.79 1473211.22
-340093.40 -237224.76 24094.52 -1100297.72 1907.73
-866268.52 1574949.32 1141013.92 -267516.12 216.40
1463566.72 1573856.55
-1592368.16 549006.16 1224682.04 -1950696.32 1953.60
-951709.40 -692726.64 1176339.80 -290790.04 653.60
25909.20 109458.18
-775472.28 1865243.60 354236.76 1901115.24 1388.66
-1687289.44 -73477.16 -1547782.12 -1043876.08 314.46
384068.47 2599220.60
334048.72 -1565706.64 -1914698.68 774711.56 783.65
244554.76 1667896.84 120289.92 -1868418.28 1354.10
1024578.14 1330500.68
-1417325.96 1115510.40 -931341.44 1997612.44 1785.66
-1139171.40 547684.00 6933.08 -326361.44 715.61
941640.83 1084528.96
-80747.56 -1414586.56 372345.88 491041.48 951.55
-595208.24 1431437.72 -1007731.92 1684777.36 976.22
577912.78 579735.50
1605618.24 1044447.16 -589220.92 -441762.88 1512.29
-175001.84 -1300531.36 1060924.00 1160995.44 81.27
780250.81 1515524.09
-873522.80 -1906471.32 1978395.88 -838437.52 377.46
-1109816.32 1854079.32 625343.08 516246.08 614.29
1018725.40 1726995.80
-254375.08 -929962.68 -991995.32 -1617493.36 1267.08
-448209.84 815594.76 1311670.20 1744025.80 797.97
263024.15 753127.98
598670.48 618333.72 1142176.64 1603249.92 1187.84
845615.60 373240.12 -1980506.96 731199.64 807.42
418935.06 501070.62
-707104.72 -145025.48 -317716.24 -298210.12 1883.05
-1256929.84 1260069.08 -700261.20 -43973.96 512.77
1200723.86 2039734.39
827890.80 1536481.96 546658.12 -194146.52 1249.44
1191877.84 -1600221.32 345604.36 693330.56 1162.97
3540.47 9567.02
-416504.44 260334.60 1005081.60 1442805.56 584.54
-496229.48 -1376027.20 -732955.48 544377.48 1126.08
1422285.31 1830176.11
344885.96 59345.56 476655.92 -1078521.92 842.81
1087851.04 -260973.52 -1692997.56 183723.88 1362.56
158467.63 179162.74
-143693.36 -447806.96 2038.16 227688.72 1885.03
613253.16 893548.76 -1586205.24 1724869.84 532.16
33830.01 44113.52
-357901.52 376198.64 824140.88 334638.28 1045.20
-1363525.36 -1517663.88 1939520.84 1353218.28 1314.40
621109.91 852805.14
-1497895.48 -1337498.24 509256.12 -1362511.16 273.97
-487731.20 -1600059.08 -998168.60 -1762662.32 1510.16
6395.25 366997.72
-334793.92 -1279660.20 1399442.92 -991939.60 1027.95
-1557656.76 373855.08 1971721.40 1034920.60 1631.12
75072.35 713628.34
327058.40 91123.12 -1667787.16 1108961.12 259.08
1478908.20 122533.88 468458.64 -445100.68 1362.94
59057.77 417768.19
1533508.24 -327568.68 981644.52 244221.24 340.14
-1736584.24 614526.96 884463.04 -1153762.84 1681.83
274200.39 1789579.83
460007.64 11793.48 -1797946.40 -698659.92 328.00
769164.36 756385.88 -1327097.84 -1159749.88 1011.30
102442.69 357980.21
932123.32 1961879.32 -674799.00 -1705418.16 208.55
-377128.96 -690141.36 1007689.96 -1857454.40 275.11
59403.99 224399.43
-399768.80 -1323883.44 1028603.96 -855888.28 1622.76
732070.80 -1295569.08 757190.60 1250312.60 952.92
369527.07 407192.75
-819267.76 -1016722.36 1471144.36 -992635.12 965.50
-491477.16 -1559368.84 -1262464.68 -1668980.08 1078.91
902779.01 1073334.88
1180291.96 -1771949.24 -1042683.00 1795928.24 1470.19
-1035318.44 -1505420.32 -1492313.12 38267.80 463.40
242157.42 2460946.39
178075.16 -457782.08 -250228.88 -710260.36 1679.45
1836315.44 909361.36 430490.52 -1027338.00 1731.92
1454679.20 3475591.29
-726686.64 1106591.84 528185.28 151876.92 1430.17
-583276.04 1631426.40 1296963.08 -577698.40 497.50
998893.34 1004101.81
-1081604.52 -682525.44 -1064377.56 66736.44 208.62
304651.96 1797246.24 -1077528.92 -316975.24 517.06
253619.81 371081.31
-903683.48 892237.08 -170589.92 448794.80 1878.52
1342959.60 -247460.68 -1491234.24 1177799.28 898.42
7121.05 154007.75
1193476.56 -283356.40 -1540655.68 -1623275.48 1145.40
-255871.12 -1425287.00 1226920.80 649967.04 1688.58
108397.75 243707.56
714878.00 -317066.08 -445651.52 1923519.00 61.58
-181682.36 -16561.92 -774365.64 -701770.08 868.51
597053.06 1249985.52
-105329.64 179482.48 303168.12 1789823.56 1134.22
1085625.52 902798.72 -1057262.44 432411.96 780.81
331509.28 594686.67
402039.40 -22236.00 160425.40 516233.84 1089.40
-1511052.12 -198902.96 1802226.16 -1592995.68 601.51
969099.20 3166413.30
-668034.32 189772.96 469648.96 -1993335.44 1137.03
-1497823.32 1043697.60 -1739106.52 -1831724.60 30.81
561095.62 1602217.83
847546.28 -1947108.32 1018870.56 -721603.52 627.18
-1072802.24 1227455.72 -1394116.84 809179.40 1234.23
2695350.50 4170945.51
-29377.12 -1474287.92 683702.32 -431722.20 1741.54
-1319664.68 1962792.28 -1827636.76 826167.52 432.77
1080335.11 2673362.60
-1995687.84 -144266.12 -521780.76 276081.80 415.32
540200.04 -1901840.24 1386027.40 1545783.96 578.49
192167.72 197622.70
857449.96 -1782483.88 890698.08 -440559.72 67.38
715652.76 -1709810.04 1519828.36 172171.80 1892.18
1694.83 2257.56
-1543496.92 -585803.48 16670.80 905118.24 747.36
28125.56 -38026.28 1370949.44 705022.44 965.59
276826.39 949118.24
