-893616900.29 -1803999780.46 926290239.58 1260378313.28 11427.68
705465615.80 1620336313.63 -1377955370.95 -66374860.98 2370.98
628363333.88 892131942.79
-1741133301.92 1142124714.64 1052679763.83 -1309950592.66 19852.82
1607163446.50 659727931.26 -1422700500.25 202635074.71 3634.84
396275178.00 1169834821.91
1978483685.68 123978602.77 -1126327335.28 1788955836.94 17842.40
1479241179.97 1061818513.92 -1994084482.80 -1863605249.46 16996.70
221551111.48 426725994.67
1210492515.18 1345542991.29 630005746.21 1790344146.06 5188.42
-1213021682.83 1886140160.26 -888760531.78 1847712735.61 6979.20
163079305.82 222028111.37
154921706.26 1989335780.66 -1488327921.92 816189082.78 5918.20
-1601927329.74 255345285.12 1347945342.94 -306431759.52 8161.14
607541191.60 1925617377.12
1622876749.74 942551763.90 1161338309.15 832676144.79 6415.35
853760235.28 1454805453.99 -880768532.27 1015958584.23 1837.18
867207470.47 1006884354.21
-1722892349.27 319697821.09 -621321680.56 1360837020.00 13680.02
-319099858.97 1678366089.83 307872531.21 -137664898.15 15897.62
1164962624.80 1797440664.45
1569334047.63 1870156147.95 1170838580.56 120818677.11 5210.29
51224856.92 533091006.32 894238733.68 1309145212.58 12405.32
100414159.01 159356104.40
-804048100.52 -748566113.33 1829232712.77 -1318109208.30 3924.81
1700886913.66 1797507121.78 7869019.47 -709602904.20 10465.10
16289364.75 237183505.13
-88121241.38 529124740.19 1631565684.16 -1500945503.93 5186.09
113421040.00 1351597330.80 -375141050.81 1610601105.03 11720.91
1194949429.37 1526584151.90
-907163575.30 -1703610030.86 1393500098.45 -1707421286.44 9479.41
-669441992.96 1956950585.74 984452427.69 -1089841067.75 16255.96
81174216.64 991778252.68
-1848248992.24 -906361435.65 -1983847242.88 1284285097.60 19352.92
1141396676.30 182900150.22 1854788478.52 -1596506414.62 10424.70
2103768303.15 2293406619.09
1071086056.74 -1538735492.04 1130774230.55 -1773075937.54 11653.38
-69149289.16 567008928.54 -1539825810.56 1859816534.56 3730.16
685361092.81 3803391482.51
-1309080403.92 1828162997.39 1629796339.36 -1623629924.36 5581.35
792542661.14 830756777.67 -559127910.00 786878192.64 12304.52
25681491.76 28484114.59
-1036867175.23 1212671710.32 -1450113706.06 -1743625896.14 5265.93
860222207.94 -101740876.13 943068476.53 708232988.12 15698.03
219480265.80 1579893642.80
1516840744.15 -916710513.77 -142231051.94 -1695839035.22 6123.92
-208087979.99 -1552623043.68 1436247398.36 1762668506.77 9597.73
267087135.24 397712192.12
-1610072543.62 1769078524.50 -1381163402.38 -905020667.26 16620.54
68289064.45 -739723347.54 -1836942259.59 -93103185.16 6525.88
64599613.87 718372425.38
1679471234.07 -490229290.64 688148904.42 788092808.74 8032.79
-934027328.61 1275301682.85 -748979679.76 -287471410.20 12981.49
1240640867.45 1373688892.10
-1283612619.39 1060324118.13 -1921180159.68 1764307998.27 9717.31
1917737098.82 968330748.38 -1568082107.42 -1778281378.34 4193.81
2269281998.33 3380558561.68
1491212157.61 532385621.33 -892381725.54 -1698597647.87 2214.10
-323886266.66 921220572.48 -551739097.07 137093714.17 2632.80
348809117.48 1701742209.54
-174428045.68 1124890578.70 451114638.40 1276645395.71 7524.48
-1812737636.47 -1279549544.74 1240106288.97 -1191749072.26 14491.88
2330996529.54 4175724401.54
621394303.95 -1725557150.41 380412542.41 -1999434363.82 16227.06
-1586758386.16 -534303028.24 -1637280617.55 -7133933.79 6854.60
128939926.84 654368638.87
704488268.26 -1944711515.56 4433018.01 704591382.71 1514.24
-717197073.49 923374654.58 -722851039.85 569219921.48 1095.95
342268030.90 715067198.04
-492563080.36 1898746562.53 -145085223.95 714491628.92 16519.48
-1070383310.52 -1793582200.78 -1639534294.62 -558421264.78 128.08
1071728394.87 1457202890.96
-1520470987.43 -143830116.28 234045012.36 1259368006.82 10384.47
-81917834.91 -1389428118.42 -332583404.56 1224201577.04 19674.17
14649809.02 18264777.24
1346498559.92 244060999.41 -1868820481.66 -915317934.06 13441.54
-1519759315.37 1740899848.87 1343378259.98 352554162.04 4456.30
2268947209.53 3015246056.25
-1066197432.73 748969696.41 1422325590.85 -1225985994.91 16582.69
-1138994082.27 686830784.67 -698178877.96 1357640887.60 14135.55
25685359.56 106283369.59
518270696.39 -1081997733.66 1853392127.76 -1726515045.60 4721.14
-1721206605.10 77585395.95 -1289336335.28 1953528427.85 16486.39
1500101031.56 3192084598.17
-1297753728.01 1520926791.91 1938522301.73 559388949.71 4643.52
983545620.54 -807350309.64 -528498299.02 -635783357.17 16052.48
656096295.72 1639934623.41
-1322331754.21 1802095669.98 -1186786767.55 256833567.72 18489.71
661207770.69 -1528032936.00 1094541401.41 -1173281833.04 1162.76
2325082338.23 3380823038.70
1182572609.70 -689451309.43 911734276.00 755960158.22 7779.34
150630994.12 1581938581.89 -699439278.45 -254761076.32 19958.20
931963.34 502170320.73
-74745730.62 46126764.79 457001010.87 1449645385.72 14271.14
1893859509.22 1226677615.84 1424296965.35 499759336.68 16286.46
598388185.18 2213215529.48
-1754433567.61 1007625740.48 1691849613.85 -370825718.36 15510.26
60613289.39 204720843.85 1174626840.01 -1064509069.76 9831.97
164581414.17 902160734.91
-1104121621.93 -1119787062.78 1602333186.62 1714818369.35 9284.12
-523163347.77 1854005383.46 -290729350.49 297482163.12 9437.43
243577112.66 523108737.49
-1931034636.48 -1628520520.04 -1966586884.82 1373496690.03 10112.74
740239657.91 -1635273764.00 829716483.56 360142470.07 8558.97
1954218767.97 2729274224.05
924260217.88 1486336273.86 -359987460.97 -1793056870.90 11669.22
450132085.20 -1296275334.54 1409318008.10 209797948.81 14834.44
668485879.86 753343034.24
-1242193004.02 1345321360.59 -320922606.50 -877453081.48 1340.13
-1121173958.55 410272845.57 669372286.98 -874110770.57 3645.10
57053261.74 105714939.86
494983671.48 1920045150.88 299385815.71 503812271.81 15285.73
-126230149.70 -721808640.56 -1221265660.82 -1357868275.64 13513.32
132371110.44 294270439.21
1888777136.56 1475120820.25 -483548333.99 1409266446.16 15134.90
454334549.03 634683454.32 -193475758.20 1291883080.83 18393.68
64748815.68 251678350.21
-426456386.92 -1719589106.20 -1082971079.85 -1089023054.77 11072.59
-743487578.36 -1292708804.30 1879957984.21 1718382842.00 15100.55
317929857.88 908713946.67
1012034971.80 -1426073250.07 880612610.27 -1438921141.35 9511.18
1303039050.77 -206349968.66 666165711.91 539641982.80 9775.50
221691062.50 1800104319.79
1649536629.40 1554663192.52 1434755934.64 -1667705148.46 897.13
572644237.83 1353368178.10 -1932811068.44 -17137853.62 4869.29
587760605.11 1004110268.96
-1011055198.04 25015604.10 -441930189.15 254606942.83 12395.20
423205915.70 1542307975.12 103978140.65 1302488555.02 801.41
254976204.13 958548513.81
-1405716396.50 -1801056883.44 1591238919.86 1147702159.05 14256.56
1321038615.27 -799481456.26 -1510494124.89 1135523366.98 14108.83
1279162879.66 1362278940.87
1596432078.16 98045769.20 70848134.54 1916075385.40 12766.98
-1063118902.97 1274696201.89 1698001644.85 -294688103.59 9132.29
249290120.43 777979120.92
-1872298962.10 -1874565410.40 1392251089.80 911504219.40 10706.11
-302679068.78 -383607723.58 1501714659.15 1160383878.04 8468.47
107494905.59 146108719.69
562300042.67 1730227297.84 -574718194.05 1058016338.08 12912.54
-831534288.14 -1195086759.98 -1604672337.76 -1691321697.42 7905.10
1581781061.96 2468681676.66
1106701015.19 1557263897.06 962709447.52 81558840.98 17710.49
-563580603.94 -777687929.64 1628307222.64 -1233071034.36 12473.85
7485508.81 382298172.95
138272513.61 1509996281.30 -3610447.52 1390142317.73 10323.92
-1537789495.89 904161700.33 1880532841.26 1774748552.75 19263.99
48898865.54 151526190.62
-147934478.55 400657712.46 1178086393.21 -389562104.36 3836.32
-402092650.16 1773292948.48 -903175573.01 1708274467.05 17656.35
491793279.73 1143702512.88
821501461.33 907634334.33 -236718581.94 28939673.75 16359.23
-1021643434.84 -1349083645.04 -767485837.29 -435613300.53 9575.57
161723504.82 526845906.92
769630198.96 -465084526.59 -1219483193.58 -509040543.34 1340.46
1839329445.19 1785876329.89 -1196632460.04 -646325169.11 17081.69
12142297.15 189354649.60
1799004928.64 935053299.57 378978985.04 1584323306.52 1231.96
-1777406710.81 -1358722998.92 745175042.83 -1757973858.22 15004.89
356889283.92 4246776575.61
-713958757.00 -1549875903.24 620585780.64 -1538725228.84 15373.73
1942079702.78 -1397898041.53 -1992869585.91 -211323806.68 7860.54
351144982.78 529496030.58
218718432.56 -1663490027.56 1290102356.38 1052621622.82 16139.72
1993284563.54 544563031.12 945009969.64 1913312076.59 7083.55
37888170.73 504349918.26
-1160721789.36 95966349.32 -249288791.93 1701486523.11 17252.75
1727969612.68 -346512754.84 489946637.56 -257414043.14 17981.68
58444394.11 3345440725.37
489640262.18 -1590440236.88 93722296.14 -429250707.74 6855.45
-1157548991.59 249486203.63 1879729397.48 -323241663.64 3627.29
77484470.60 99569598.11
-1329275029.86 -1727144955.96 843787967.29 -1694961121.92 7372.60
-941166760.54 -1243802411.11 -602388047.13 170942981.92 13563.44
803959391.88 1001397403.18
-37814186.03 -1635961797.97 7712714.44 260699474.43 15402.38
-1991138788.81 1125919792.18 -1607187813.74 -1998495416.16 11704.34
5522938.33 1274335626.43
846703931.97 1978745366.43 226683285.34 117832329.86 8071.90
-354034311.17 22562473.61 -1085383325.64 1893456056.27 16402.30
124534084.41 869721069.31
1773581747.76 1146058597.48 -1827987219.38 704268560.45 5841.50
-223821225.62 -1418134647.53 -1498222092.87 410169313.80 1947.88
520565355.23 1807547048.96
-1705370493.99 -1636599574.06 979286486.66 -1604940129.20 13669.57
-727665688.81 408918493.68 8419993.79 -1477154853.72 16153.35
88060947.02 191091491.35
-1340674967.34 455925052.50 -103325646.51 -82841753.11 14415.56
-120217958.56 -1510805660.02 -596810019.95 1987712806.98 7357.92
138712848.73 1204132506.79
1292480468.58 1357940140.40 -562563431.34 1851536194.93 8171.97
1042878950.18 -992143226.74 1233793031.04 -1393426739.97 7433.21
216590439.29 2960186899.40
1691445108.94 1466491157.14 -1473744026.04 -1969377449.86 6248.19
1224164878.08 1247209160.60 -191778194.54 -1203766665.29 2569.26
28244949.51 212035445.38
-1362448447.60 1805962847.31 -1581219616.61 1224289528.54 7308.75
24615621.18 -472410641.36 -7721724.71 1007938994.32 19398.74
1365494626.37 2202299176.65
-403442258.23 -1160176524.50 -1313379365.72 1709231372.48 6494.49
-1436094881.28 -1643332073.62 1306917305.20 1530621270.57 2203.72
169355933.00 2149252411.54
-1866816220.80 1452351067.42 -568124552.92 1024770313.66 3555.24
-1059401354.69 -922094111.79 -1968686362.49 -1306147221.03 18433.72
923352813.66 3069028237.83
167435576.58 -149430878.21 1868388202.78 1530102291.67 12900.19
647548412.66 -369863336.15 -1238857535.14 -601507327.73 16082.99
140609101.83 270037786.25
-349615420.15 1873562766.67 1946549547.98 1824795127.19 16484.00
-1037396124.94 51746798.94 -1412028333.18 -1913891323.98 18815.13
1364930040.08 2509173667.11
441062895.94 -182290478.43 -936945156.79 1362253313.58 10496.44
-1491048775.88 -1222349902.82 -208638825.03 1720252186.46 14576.99
36941809.73 234101429.30
1055419122.55 -1189993758.92 -1142128082.82 664884544.08 2718.35
664859914.18 1337641881.56 1281700744.74 247071946.68 2888.97
990850601.21 1951230364.74
-803833788.70 -740455618.92 -1231366594.08 1100794738.57 8738.39
1647077611.77 -218964723.33 -191465095.88 951524000.68 1236.53
2816232033.34 3663387365.50
-1551713769.31 1093590130.69 1809604983.61 -541573396.97 17019.74
982195923.49 -1103934986.92 -905604895.24 -296815390.75 4539.46
573101568.09 1027416409.98
190851922.14 393619596.06 -1158717304.68 -976441534.72 3278.12
-1789788323.54 1665016914.63 1762158820.07 1073793153.54 10422.78
961808880.42 1594027201.42
-1179238935.28 937391344.00 -889572241.90 1236345341.77 14336.15
-1188690404.58 431223534.86 1580935475.21 -1678860042.01 4667.14
178351260.00 326276214.14
-1616510348.40 -210285216.44 1998952078.95 244348944.36 1827.93
599435598.25 -238391083.70 -1650980511.21 -102524037.61 17999.85
9090429.48 13905575.71
260754014.13 1172414323.84 -112674051.30 -1118050075.96 15882.98
1653614964.15 -608907068.12 -193446026.62 -721819410.45 9130.14
127155532.33 936955378.49
-585565882.60 76691235.32 -750972463.84 -1740686949.12 14269.46
825401734.91 461298205.35 -333015179.14 1258828283.16 12741.75
247901658.26 872548511.36
906678908.96 623218483.86 -1919323228.52 -697168032.34 18111.25
-517932930.90 1553550232.82 292119889.66 -1325489694.53 11165.51
522184419.04 1164671671.68
-1838113394.42 -40968179.73 616075656.64 806692295.22 5467.20
1401645302.44 955457485.39 -1360728381.44 -1244713787.42 19280.57
183254012.76 719258740.24
1942392021.12 -502743502.85 -568127606.61 700880041.80 3618.18
1506524147.85 -1497061405.00 69724390.50 -573473380.43 11987.70
37031901.10 427275052.25
1717326091.94 -773593482.85 566748441.15 -702529233.18 10408.09
515608124.63 -380619185.17 357230100.74 -194820582.20 18592.26
120293587.49 415253328.35
-1720790964.35 1091186345.48 659555114.94 -1424391091.36 13473.74
1963507042.75 403138810.35 -1614320166.70 251374834.58 8699.84
1682244637.55 1725380626.62
914351775.36 -1402650605.72 -1127073546.30 715336556.46 6590.81
645304319.64 680431608.11 143559580.67 -1588113444.43 6308.41
469248661.32 536643302.48
-1102783708.56 -1230284000.10 -20395361.76 -757449683.96 10399.91
1121348541.06 595156030.72 -1109989536.81 355055101.94 16155.52
746566460.60 919301320.11
935964637.95 938546125.17 -548286365.58 -808682129.29 12403.80
-1730194564.14 1586943909.84 -601115319.31 587100841.49 208.68
3573886168.98 4020170360.75
18193753.86 -492357256.06 1636335816.76 254475107.21 6892.82
758946180.31 648632602.49 1296746340.42 -1165130895.68 10541.77
580770500.63 669927735.77
307054982.12 -613047309.92 -1299185265.28 -1644003594.61 16958.84
1228635325.74 -175344761.96 1328195391.51 -1183136492.28 1775.17
40691185.21 1760658640.42
1352680605.12 -904400948.88 891916564.12 -868999663.98 17014.34
-1722259689.34 -410207274.00 -1987218782.67 457174919.83 11024.38
188584032.49 299522582.53
-1091815800.64 -1872079540.78 -463138449.10 -1930474530.17 1839.43
-230665696.74 1237113557.12 1955689805.28 -19967824.10 16009.86
2274696235.93 3389710726.28
970483778.44 134345038.78 1222282883.02 1672680168.99 472.11
203494014.28 -1098340163.06 220353776.91 1100041474.19 8303.86
151289968.33 629721027.22
-558200511.89 -1746446804.60 -1075174104.87 -1793886627.28 10584.96
1591553235.70 1320132007.00 -673566401.73 -1051779560.32 8873.49
4785776142.53 7010856160.13
-1995710057.51 -1149109790.04 270949602.92 1897534093.68 12431.66
-1999850269.57 -29686947.71 242144728.49 1432461869.67 16724.51
44259411.85 70852289.31
-352851018.36 -1948279791.58 30269753.06 -1364778646.84 6224.23
-766108013.87 -361059151.57 -1108148221.88 -826721646.86 4524.74
752049601.22 1031694333.78
-1281495854.38 -1113831913.92 742508087.06 824569247.78 2904.62
-631319174.28 699775907.61 -227957373.95 279942580.31 16589.34
197793831.95 251187055.36
1376871805.98 1698647602.92 -757531839.28 -1366397955.38 2062.91
-1596467474.01 646415558.41 -1035940308.60 -714017123.40 8230.51
638955829.92 977558004.33
1326787690.25 -1519501946.52 -1508164007.26 -698313905.12 4696.69
639063262.53 -1022994657.12 -621558730.36 1285287512.89 870.00
82908115.43 782899219.92
-931119906.86 -1982636747.05 1542169079.05 47649088.52 6180.71
-492933796.32 1498139967.00 41469252.02 1572093107.62 17454.97
1706940844.31 3145717861.93
-953238572.11 1963137510.34 633107054.56 489770668.96 19738.13
-1253269076.80 1934317325.58 779508391.64 1151369154.16 13272.43
369175051.62 471366280.47
