-965085445.22 390203698.89 -1914367355.29 554576596.69 9030.75
-1413179759.05 -1689736525.50 381315974.20 550395494.03 680.60
780015372.84 3457963915.61
-1151989919.32 764295999.41 -777097316.54 -903155573.37 11052.20
-597598034.72 -1904051588.83 -517874757.86 1153971375.81 4226.45
42517977.51 151723934.71
-1217085066.90 837637600.77 -1702908878.94 -123691739.28 718.67
1532498707.30 -1859347342.94 -599091121.89 -1129364372.27 18529.96
83732767.72 1232763290.97
-1039262204.10 1308067531.73 1275651166.56 689191843.02 15013.06
-1865212959.90 -392917315.72 -880057577.21 398763436.70 16449.09
489244128.80 1125854526.58
-325792643.67 722074860.31 -611668254.68 -138174772.89 15558.68
1527883634.11 1781101195.38 -1264753342.74 -628833205.63 9843.61
956006945.72 3865319799.26
1927074790.47 -448326048.04 440158258.69 1352267602.20 2553.56
-516918288.71 -574844995.90 142199759.90 -23722265.50 18042.38
895614015.30 1625510962.14
1001188680.67 929316689.28 -792751043.35 108777436.63 7512.04
-810926122.09 565897923.04 909300577.21 1527269029.80 17292.07
121301516.93 371098872.49
-1392503877.74 1617508793.40 967040146.76 -1505906739.64 7911.60
470132381.86 289314792.40 539402011.85 -1165045200.28 10501.46
12756770.07 116253969.94
1446953708.25 -194311808.20 1441556808.09 327783634.39 3967.38
234270468.29 -1615161746.47 -794710946.62 -871670528.66 14806.82
3601114655.03 3729616499.52
1439939447.92 166494878.47 1854273154.82 -1847458378.44 7721.32
-553624941.18 65553262.12 351221560.22 -375476363.96 15773.25
1147107934.83 1760870179.40
-1305828088.14 1426456910.55 1693250446.04 -1492966722.42 19208.12
-159819022.16 62187493.42 -1748204070.82 1970700116.08 172.72
56375027.69 172319497.82
1237888115.81 1266505719.76 -828002966.27 -1860579328.53 17617.51
924676025.94 -518715407.79 -1571106103.52 -66425601.52 1749.84
560000097.91 711073090.40
536140022.50 1806040274.30 -572673753.11 -256722216.63 3018.66
-693677838.25 -1652606603.67 -997608335.41 232936211.08 17161.12
15546246.15 27904423.43
1420602521.92 -1660777460.01 954808515.77 -1810017250.98 15877.02
1790293432.98 -1523424767.12 597195836.91 -931335076.86 1191.66
349552969.34 406025301.13
408592972.84 39310866.65 1118712542.48 -616292060.85 12040.46
-1227827337.14 -741559923.21 -1511277883.02 1362690727.15 5817.76
1072130650.22 1989569332.57
-1608485966.04 -1811767218.75 420926425.47 122937639.85 19098.49
1846187252.31 1194199723.43 1527964698.80 -572707572.04 11586.58
820427185.72 830802588.47
-1025515810.16 -24551646.92 1816266083.64 1970869729.79 4963.89
1817296213.66 999789225.98 -523267695.90 -479874676.20 7888.83
505793852.22 671596427.68
-1058981773.66 1827365223.90 900397512.31 -1054238372.37 18558.87
-1299416557.51 683028922.30 378606027.83 -232092776.43 18813.91
129401659.92 147320765.16
607301450.63 -1208483796.12 1336399848.50 1695850048.20 17057.44
-1850018807.56 -1487345274.48 -837328526.71 -1186724937.75 7593.01
765115003.07 2581879465.21
-1634598189.46 540403971.59 -98620995.44 -1379205894.03 13471.18
1788812499.83 -1329923738.25 -1107486291.14 37938303.57 16741.03
175244239.45 522922222.43
-680582655.06 -890024493.37 1767195166.88 923504271.15 2346.76
927915941.52 -1414512974.47 -475902002.69 1297493950.83 11049.68
147904917.82 159318381.65
-1161678692.95 1339782552.75 469123129.50 1943945428.08 8408.11
-1133044956.73 -1097165629.12 -1109515163.48 1525285154.30 15688.59
2673831.47 1835313565.80
539534348.56 -9845967.04 -505933980.19 1835382800.56 13223.31
302536487.49 -705684863.38 238492901.37 220961870.12 2865.09
172073771.05 1083092620.20
-1640330615.37 -283214356.03 1751755865.39 -1804926968.26 12160.01
-238669956.73 -431141259.68 1630909174.12 -1865698491.42 5332.16
3716856.33 309408859.15
1167843194.10 1744837724.01 -570579780.03 487321547.00 10855.15
207640257.63 -408747237.18 -110027077.09 710322889.41 16195.07
236001601.35 617346109.65
-1106643657.64 -1197879183.14 1514641636.51 -1533859387.58 12499.35
-160585270.39 -354555774.20 490923282.05 785662664.50 2801.55
114911904.20 417809430.04
1068233768.44 -342103856.56 -1828472136.50 -192669092.94 11958.61
1631384001.74 -1062616019.74 -1384447725.76 -869883884.19 3245.39
574013001.77 1233493853.49
987990371.72 -1986714012.92 -1079817707.73 -1224761665.54 7190.98
-1098170202.79 -37548189.17 665875703.55 -1935508717.72 426.64
630792706.82 1266633162.01
-203239957.98 -321943954.03 309452777.30 -1161368414.04 18710.43
-1713625834.22 1352110731.46 -1203025243.86 -421023285.92 7004.34
1688051720.98 2011423531.67
-153815890.52 -1002868795.14 -54868014.89 -1723781207.58 11230.96
-418018471.19 1024219262.28 411416791.54 -185738581.42 6033.94
796756426.95 2767478162.15
1774254561.44 831308618.59 -1007284246.38 961643619.73 15813.82
846055938.60 873174794.85 59135100.63 -915207018.90 9234.24
509647560.28 675429884.04
931099681.63 121541739.76 812228789.11 1870721964.45 2096.75
213829343.44 -274285783.26 882656835.74 978958679.55 1368.91
248014319.59 1134363295.74
1996365552.65 -1643146652.55 1551829920.24 813132136.54 18370.69
1583489324.73 657604921.69 210288559.65 1772720371.08 7009.23
858194228.48 980324840.56
1099634174.38 385193589.92 1209483002.03 1577487626.45 15405.06
1909131148.84 -1366206962.41 -730873483.22 1436771795.66 11029.27
1551814107.00 2797044084.24
304408235.07 -1597757265.35 1652570559.96 -1794219501.32 8307.68
1476331257.06 1353280758.08 -812317151.71 1397418377.98 15192.39
527023.91 3737114573.42
761309524.43 -1395982431.36 807161076.72 -1193705271.25 16786.68
315276826.28 -614748294.84 -1104803638.28 -48116957.81 2003.35
101728865.34 1197394149.83
-365137344.40 -1047899379.58 -1368725530.30 687777223.51 12856.00
-1951763777.43 92748905.32 1091710898.42 -1962965236.62 18799.52
339493126.74 538490557.19
930096848.22 1252479229.03 -1808162349.95 -1034431022.73 13989.69
455853087.90 -108980058.97 -247050823.84 -1018859912.90 10566.48
890066717.94 1560391373.37
937762937.11 1487659204.54 -666190870.99 960391901.59 7539.13
250042388.63 1608123359.48 -1311817515.60 -1659795538.21 339.96
117784761.54 134130338.99
1544476338.25 -1415629909.04 -1118616438.92 -1594665281.15 9798.82
1608187701.97 -56067360.50 -979508942.89 45231522.09 12064.81
727286060.14 811595652.62
-1167304678.91 -1281057095.94 -362189572.76 380479061.45 14352.22
366542602.82 1615715333.34 1552106982.03 39188019.32 17017.60
386060.44 165622932.27
-542117872.96 -310402979.37 -664218955.34 -293280853.44 614.99
1125486130.85 -895177155.82 72846366.42 24774042.38 13197.22
375474537.91 1349125554.60
-270186589.08 -1455076094.53 -774021814.18 1693052122.15 4579.31
-341814928.94 661384787.42 522964508.38 206406036.18 13573.53
215434734.54 458505738.03
-1318303728.81 -1991410187.26 -1521294229.00 1763105932.45 9740.44
-480196834.80 -1766772470.74 -1310736284.70 -70601355.05 8115.16
88767777.16 392232824.34
207697895.58 34084021.81 -1397976601.73 -1868116415.26 17912.82
-576772584.12 903080394.89 -1408177029.91 46019458.26 2286.66
194768041.38 1677012979.14
1378739314.91 -659403600.00 -598369856.84 107045395.12 12110.50
623453715.85 -1670719937.40 -1796195596.64 1095295879.88 14116.91
121471952.86 587828187.06
-713049970.57 -150292377.84 -296015579.16 278888728.15 17491.54
1854946022.96 1679546175.82 446258449.44 -144854692.70 17247.93
399622858.58 1385014486.07
-521594338.17 -1439284225.26 -1686617390.00 -1345368927.88 10921.63
221528142.39 1991646745.92 -17499023.16 -1788729230.96 14737.55
3754804426.87 4629692691.77
-726811397.89 1602584614.28 -1590412290.64 41907883.74 3535.15
-482610820.20 -530283002.27 -1903487507.72 -531237359.16 8499.92
307917585.17 892784511.34
-1356866112.58 -1186359496.44 -92525179.16 -1645494910.16 2104.66
1342914071.46 -537955907.04 -101158109.17 172415139.84 12889.50
149896657.74 1668034159.16
1186025428.12 -737831319.68 -402478219.89 -462881837.34 16884.12
155585543.22 104666866.11 -1114450915.08 1130977992.47 3097.02
559554456.60 805607438.71
-714250681.77 1936861344.05 -993557666.71 -971722264.32 4693.39
-1908856329.70 1255736069.09 -173139724.22 -1716982051.50 11916.53
149257772.87 155341682.84
1533585552.61 -834592002.74 -1691073135.84 -1010250050.84 10050.55
-1380747311.04 -278538237.12 -1990424270.66 -58516915.04 18880.23
669382478.11 1226958937.84
754246261.85 -2018497.80 -1627164380.51 641298337.08 6995.04
-1849075211.19 -1380350074.36 61028048.20 1558195908.39 15293.49
625781758.15 695375569.01
-743333171.98 387999761.38 -942956015.91 -998476524.16 8844.99
-225952515.19 -576935603.58 1241370986.97 887989621.21 15727.33
211129811.80 245516616.74
-947497953.22 769519187.81 1101190948.14 1773434209.58 1823.55
-21755936.37 137346479.31 1947546162.44 1912668988.22 18356.84
215859444.07 335010222.75
812470551.32 706218850.00 -172766441.48 -358892410.56 4582.15
1519822776.16 346111226.13 -1134104696.04 1202736576.40 18367.03
85894546.88 101112481.09
-366056470.34 -338669923.60 1518669064.02 1155398748.99 8614.92
-1190801443.89 1147232890.71 1281513568.65 -1473730827.83 11156.01
86510903.71 725769510.39
430068423.40 1602826295.84 -339227718.02 751762784.98 11704.63
999694089.40 -1430804657.13 1823005631.54 -360993289.78 1499.46
1160216809.60 3653687393.36
1171057790.68 -382400202.82 -708210203.03 83938386.15 13508.70
-1680469323.41 977888911.77 1849760072.40 -1152427288.76 361.90
701184384.60 1136147235.16
-1395069933.74 1709721642.09 1823136150.87 1359599420.17 10534.26
1124892042.76 -625321494.86 -589321111.55 195481065.96 4635.74
2305446709.35 2856865455.83
-782349341.72 -1482796517.52 -717127412.90 -912226721.62 14785.78
-1248321810.56 306395062.85 1029148651.77 -1421625055.63 13943.46
34880301.96 214962607.95
1926111141.04 -749583603.48 1284963068.96 -512184967.00 15096.28
-798278737.58 1520525210.56 -177165607.31 -871006740.32 4487.86
153740130.05 674602522.48
-1369809431.66 -1800998578.87 846511269.14 1775053359.15 9894.06
475769830.28 -1357963251.48 1777365169.73 387792095.85 7860.92
1460174579.02 2041200513.05
1389932192.37 -390503476.88 -139485660.84 988633027.21 2882.44
-1128496539.08 505161480.20 1207519104.62 1352191455.21 5586.31
34729332.30 56972864.26
-5121688.10 1126263054.36 910114642.47 1530917388.80 14733.16
1458048120.25 1798554785.76 -1091177258.79 -409974488.94 11869.81
128490894.21 166828902.33
926245094.79 67731560.50 -635254496.17 -20691879.52 13221.77
-1764460477.46 1820877827.07 761370920.98 -1098651753.18 17465.29
643851148.58 684043160.63
-1507347744.50 822757674.03 -879698445.55 -1284384706.58 10210.88
1109599922.87 -1865928012.20 -1034563222.25 260668039.86 14267.23
951087855.19 1154177691.32
1049893022.24 -758377184.73 982967408.44 -1986054665.50 19851.19
-1548818369.76 -226769490.44 -1526003704.23 1495190543.07 1386.48
4143674052.83 5097407890.76
1953814084.52 -1565656117.90 893620984.84 -1709211355.98 8557.98
-1983958626.87 930590808.66 -1953632377.00 1904629856.45 9028.49
1141738359.56 4927025568.49
-660024640.07 1719971338.43 -1931643895.60 -1215543363.21 3759.42
517217531.94 -978523188.19 -735163956.86 1446372121.36 6916.23
235496441.34 870709914.54
136632972.97 -1111586442.90 269120528.19 -1219088810.46 12166.83
-1549033499.97 1234212434.59 -1682256796.15 944586361.64 19946.40
2952351548.86 5151008795.74
869003405.61 64362472.44 1929507043.07 577918689.37 12523.01
-419589228.35 1312319270.50 -160728119.12 -1340328521.47 18419.36
1263601123.61 1610453373.27
1563960846.15 -1346188445.40 -826916964.74 -1735386443.99 1001.71
540703713.28 -1161480462.12 680929436.58 891201877.12 16412.75
260065937.48 646183618.30
-700361686.39 501021500.52 -1886935574.47 -79554351.91 15965.84
-581529875.84 1442529708.18 -535560422.34 746090117.94 12774.77
283213147.61 1311616825.63
204041922.82 -1169688022.22 1912037959.04 326284184.00 14776.33
-982447116.16 505526821.72 1131470418.12 -761920670.78 942.37
477115790.43 2671399151.85
-1796085432.50 1915752910.13 -146809524.77 421065836.57 7361.16
148795591.74 -1008556200.90 -97901338.77 -1552467976.80 16535.73
238911876.82 899635316.52
204293441.47 1316531115.45 -623882255.41 1727798540.52 19941.86
-805502796.35 56872.82 -229072308.74 830314315.33 16932.12
1181083605.38 2051495346.43
-16575650.24 -743733625.34 -923943137.76 -1595738078.85 7464.26
1714493276.31 -1402910285.12 741086689.97 -1597264366.76 12076.55
1345936212.78 2092944944.25
-437724130.92 616969771.13 205376257.72 -1292015723.85 11499.60
-1707739395.63 -1315069775.07 -1145184985.60 -835547508.33 12467.00
433200551.32 2258189002.67
-1205377433.25 -1567129764.58 492554845.69 -1368968759.20 10630.16
-531188914.27 -249635621.04 1791029798.27 -416410918.68 16079.58
217201680.87 1156754818.71
1736655186.19 -1559296291.14 1770842348.40 -1526497711.54 13806.46
-693109624.49 1152833222.48 1510611156.88 -515307207.27 16300.92
1468724202.18 3586216746.93
-1167437328.36 -321910132.39 1310455354.17 1659073693.22 15920.25
-1873709541.12 -806323242.75 -1258812469.16 1953930044.98 3797.31
104553724.63 378860842.60
-1938490517.78 1695364743.52 -1308497528.62 401264814.58 9299.84
1747608317.32 1536271286.70 1738693920.63 769036934.81 1406.36
985475552.16 2226507053.41
-161389086.44 -431615517.67 -1009656621.45 -946733520.82 8995.23
11919482.36 183063428.25 1789656092.38 -1175498584.00 15811.12
114573789.94 655737077.08
-1452967928.77 -1979842459.44 731192742.33 133904755.94 6375.24
1948057472.53 -1705181866.33 -1692789824.88 -1281637654.77 8011.73
694351110.17 964031780.44
-1747224249.26 1933308138.32 698311320.87 -1439896360.34 18106.84
-769401762.99 1798373957.31 1754464346.53 -1519563150.46 3625.05
750870817.28 1319128694.31
433532601.47 965287094.02 1872222682.80 822399836.54 9243.65
-1739300064.41 -1300876182.64 1379070224.34 -30526088.75 13428.14
2437793538.34 2861529058.78
631471416.63 -1241296012.43 -1769839963.27 -1934198894.55 12051.05
-651438335.13 1152597853.67 -1578162798.48 489214899.66 7162.50
242793370.53 3770211468.74
-39174129.83 740484587.90 1029319161.89 844803742.48 17987.84
1078533261.39 -1855261271.94 -277576400.33 1032881325.08 16913.87
1667799026.64 2466104031.44
297851026.50 -503421320.79 -396213956.99 -209038328.03 19351.38
-1281773860.83 1896084956.25 779805860.87 1967092699.17 5160.23
1486066198.27 2096590689.35
-629810869.54 -1988091176.09 1584092551.22 -511762146.26 18097.88
-1357334447.03 975395265.14 1897981926.09 -829432019.12 14339.28
747021128.40 1780432738.97
1636752357.76 1687355168.14 956362833.44 -196778530.54 18387.86
-363858418.44 -1126169445.84 -719184768.97 -1894627331.86 3239.12
850901593.71 987142319.89
-683004816.04 -1838438666.40 1119206628.61 -571862802.35 7537.14
-1681802527.40 -675097078.51 -1787169815.89 988402504.52 18960.32
2308418073.06 2714995988.93
1713717835.30 -1243640536.25 -161391253.76 -69025581.60 12660.10
1325458667.77 -722766162.11 -1350846013.97 1860516533.71 14578.59
456727245.11 1118764695.68
354987065.22 1032890649.00 -421092300.22 740927448.60 16327.00
-451411381.74 761776809.21 -1852461703.92 -182299873.27 4701.72
19969385.65 84105878.88
-452784841.02 -13260010.08 -1681112331.12 1554460159.32 5583.61
578999867.59 -1508877722.30 -809738713.82 1440507803.08 18520.55
707487765.60 854183849.40
1029313812.04 -1971263372.79 -869996803.14 -342582363.88 11692.29
-637263514.74 -581836254.85 -1133994342.10 -519804432.37 13743.93
99742931.00 233196923.55
587659896.13 785386153.97 1632438162.23 345131901.30 2874.99
-1903311699.85 -714281500.22 80473433.82 -819587304.64 8272.95
1131350847.51 1765613002.45
758717259.00 1363527431.64 1603635246.79 242997017.62 18689.57
-1264155768.96 1314876862.16 687074937.95 304256524.81 4783.35
256447141.03 1473095231.73
