-830455.60 -181317.64 552836.04 117966.28 1837.58
-969901.36 -921682.56 -8790.68 1119861.36 1466.05
777760.79 830765.50
-655073.84 1346497.00 -570454.00 -1492680.44 1918.14
1999060.52 736237.48 -147694.76 -671000.36 1509.27
524587.29 2303589.38
1478443.08 -1705030.16 660734.12 341055.20 446.49
520406.76 1114889.40 -591861.72 599679.80 1740.06
46522.00 116125.67
-779805.12 -1123112.48 -808702.84 -472324.64 1334.36
-1781698.80 -1967141.20 -1941148.64 -1849897.68 663.04
405235.16 1467838.63
-1922523.04 -1699318.84 301123.36 1904223.80 142.61
-1516626.88 1764329.40 -147065.48 -175727.28 1101.58
39319.19 184776.35
-700424.72 771552.48 -1536037.72 1387638.16 1436.71
469711.80 -1790576.88 1523305.44 1636423.80 366.10
2613080.41 2862130.20
1322645.72 1818088.96 -1551299.04 -174615.64 1249.89
-1406233.04 -1064225.68 676938.88 1026516.56 986.31
665862.40 673309.33
-365284.96 1444238.36 -991230.76 1042089.28 859.55
-1487139.80 150049.84 -1432617.40 298632.48 349.90
452863.40 535667.85
-384808.08 -285488.36 729026.24 -664868.60 1460.92
1463796.20 -1379613.88 464590.28 703077.84 1326.94
22925.78 627470.21
380073.96 865983.20 -1655606.56 -801793.16 49.72
678468.36 1183036.16 1620760.88 -1680265.28 756.14
276773.37 724584.20
-1639484.56 1733204.76 -1520600.00 1899090.56 308.21
854968.04 -594825.72 1528898.64 -1025366.68 1859.07
735788.29 3890311.49
-204388.04 -574001.44 601286.40 -439385.76 903.69
-983161.72 981580.48 -1075571.56 209405.72 195.96
830279.98 1988539.18
-1821276.52 -1289535.32 1698603.92 -1440211.60 799.09
1872909.92 1226670.28 581504.24 539541.68 1972.94
2317552.01 3956780.01
453406.76 -1776787.68 1875342.12 -1350200.96 815.05
-1541925.12 -1081240.48 97454.64 -1741689.92 1795.34
2100839.41 2251373.39
-1851532.12 782245.88 609739.72 800156.16 1989.01
32181.20 -1276716.56 -1720211.84 680463.68 867.68
491967.25 3083562.68
-1600812.68 -809417.48 1290087.36 1251191.00 1779.11
1761825.48 927099.64 -1023099.44 -1456588.76 206.85
848903.89 898403.07
776345.32 -1663477.92 309317.12 1898506.72 1465.04
307977.36 1349128.52 1036116.40 1775563.44 1598.31
52896.18 65544.27
1151089.60 984024.08 1096091.28 -723956.16 1297.51
986018.36 1906502.56 -165077.64 -11149.04 276.48
925700.18 1136984.46
-1801727.68 1264988.00 -1868593.80 -215826.16 543.91
-652009.48 -1676234.48 -776853.08 995302.04 1665.14
111528.22 1280350.59
-1042088.08 -1546231.44 1733155.80 -1838503.28 629.04
1178413.48 577262.96 -414611.24 -279073.56 1008.62
272206.74 1699455.40
-770121.48 136389.12 798684.96 497075.52 650.68
-1381785.80 1042746.72 -520209.68 716916.88 533.25
71207.14 336404.33
-1189021.92 -412449.68 -818639.44 -1314938.72 1266.92
1943373.72 832424.36 734931.44 -1133151.12 238.54
5253684.19 6284434.02
-416389.64 1027257.32 -1573561.84 1035488.84 102.47
-528312.92 878996.52 622419.12 -1474201.04 1684.48
25255.78 275575.10
-1357109.36 576728.76 -176744.44 -639249.08 998.33
-1807082.48 704557.88 -1357489.08 971844.12 581.77
711669.28 909375.62
-982843.00 -1947227.36 -1262960.76 622169.64 1425.96
-752097.04 -1454346.80 1740345.20 -673300.72 782.14
245406.94 515966.06
486442.84 17662.76 -1356074.72 -1543813.32 474.71
1505628.60 662548.28 575053.36 -100124.00 20.23
1442086.70 1884898.25
1240727.40 209295.44 -1893588.36 -1294270.32 1623.22
-1471555.56 -853537.76 -433474.00 -1404569.40 1606.30
24871.68 50064.49
-566466.84 -1827412.08 -457807.60 -1060284.52 1266.33
-819018.56 1420838.12 -88553.68 -909409.16 1524.56
33487.75 46623.04
327597.40 -1367378.52 831459.32 316924.76 1166.50
-856396.68 1333377.88 1418128.84 -1715166.44 649.37
612176.53 999988.04
-60184.32 -185230.60 1131997.68 994232.56 973.34
1297599.36 1497023.80 -797892.32 711676.00 586.88
244886.33 402943.70
-1283202.40 604602.24 74563.36 -24068.48 1001.77
-766740.08 -682884.76 -1634071.28 183685.96 1783.07
426448.23 1271189.19
-1124906.48 -1449808.16 204584.92 866267.20 1166.21
-32422.32 919135.04 -1723740.20 -324034.36 740.20
191814.94 821399.76
1215801.64 812710.96 76753.16 1798310.88 179.70
-1403382.60 1065903.80 -764314.40 -76676.84 641.04
2283281.95 2471300.80
-1309904.68 -138600.84 1528570.04 1926861.92 1650.78
394741.64 1726350.36 -607022.76 -1113410.96 1724.49
199647.86 272291.73
-1734665.12 -647269.32 -1636986.64 848674.56 1381.97
-1396589.24 -429703.92 1008205.84 -917709.28 344.04
467390.59 670119.52
370146.76 -679334.08 261799.12 26549.80 312.15
977988.52 733157.12 400098.68 96541.68 377.81
159059.96 218741.22
1192387.00 -63317.60 1649560.52 -948105.68 551.73
397902.96 -307746.64 738415.48 -1657365.00 1981.61
656744.10 753560.13
-70667.40 590063.76 -1097601.48 -396060.56 848.44
1418561.76 -74519.32 -1158498.88 1467592.08 897.19
1359673.03 1364071.70
-1040045.80 -956126.96 -803800.88 447424.72 1367.04
155829.68 -477255.80 701165.00 -303479.20 1189.89
1626163.83 1845503.31
-1967149.36 1637254.04 1500635.36 -514215.92 1672.44
1979617.12 477790.44 64374.36 -1674732.96 786.26
283500.63 1047051.63
-268811.32 -61998.92 -1082472.24 1191991.56 1825.16
-61272.52 -655408.64 -1399531.48 451540.64 1675.32
289089.77 324718.31
1545432.56 -1167723.56 -339705.04 -1550179.36 163.83
-610432.56 -97163.20 1318630.68 -1589447.00 1863.48
2140.77 17192.54
1525040.56 -1136711.48 1184319.28 821779.08 1340.27
3827.08 -175328.80 525796.64 1339299.96 1373.90
233433.81 1144691.32
1539275.24 -942555.48 -203064.08 -1920901.96 1046.97
194438.24 -890091.08 924991.92 -954638.08 514.80
524050.52 621549.32
-132045.80 1154376.72 -1519540.00 255118.16 799.08
-1093915.40 238881.64 -1687703.12 719413.12 924.42
174648.89 269046.89
-701961.00 1917895.48 292870.24 -85664.44 1597.12
1724646.76 1657847.48 -580516.36 280957.48 588.54
409776.29 1465115.36
1404425.96 -1604762.00 1017439.52 -4828.40 614.12
1610698.68 460412.08 -1509466.96 786121.08 247.70
62665.71 161205.48
526087.12 1736413.96 -1641954.96 -334216.56 116.91
390477.16 -233092.52 -335358.48 1858180.24 1458.90
8702.90 24693.77
1448046.48 -1578135.96 176874.68 -802632.80 1725.27
-1461738.68 1081435.56 -555913.48 -523121.24 1650.91
152622.92 499177.20
-546861.84 722829.68 -1471863.16 -684745.84 509.58
1493945.96 -528883.36 1907769.16 1408822.52 702.16
1114893.14 4527116.50
1794677.12 1628226.68 -422057.20 1862908.16 281.81
1885136.64 1606619.28 1621416.80 -1226926.64 1359.02
79558.98 85464.48
-1908788.92 -825918.56 -470634.64 1127985.36 1915.93
-265239.28 724239.16 934607.32 -181530.12 1617.43
53238.98 1039792.65
1976773.28 -1027102.04 -1870914.28 953911.52 114.40
-1430731.76 564330.88 485600.96 1665492.40 1558.45
77170.16 93044.47
-1859409.12 426578.20 -570458.52 -49263.28 663.05
-886335.64 1709668.56 275951.52 -121789.44 1190.22
325059.30 410826.18
-1487535.52 88946.08 1083646.48 1445112.64 368.36
-1662546.44 668171.92 -128067.64 -1450857.84 1508.78
77721.09 103884.40
1293168.40 -1678994.68 1843373.96 1223652.84 1362.72
-7995.88 1694756.16 -735400.88 -156457.56 1286.93
83211.05 2584464.55
-228320.68 538258.32 -503188.76 1478844.88 928.83
-1918209.52 1764095.96 948146.08 1039045.72 1069.44
20407.12 30506.31
1144959.96 -148587.28 1094002.88 -813119.12 1074.93
446708.56 -1818141.24 -1812292.12 -1609333.84 186.86
209681.39 1488500.93
1227847.16 -188392.24 1932888.76 -368840.56 1202.12
-172052.60 -1808060.60 1268744.40 -1730350.00 747.43
287030.92 3836192.83
-299245.08 -1271946.20 216998.48 1831620.76 726.75
1225270.12 1324128.60 301280.28 616551.60 535.15
138117.50 928908.61
712221.48 1447723.96 871925.40 704029.96 1964.49
1807839.20 790731.04 1173747.84 -41673.16 1331.22
41226.43 58330.89
-1978106.88 -1776150.56 -938918.32 -784738.68 221.31
-1094032.16 -1326055.16 1179898.04 456038.68 1597.04
378181.09 615402.37
1274761.56 -774507.32 1665998.24 1290813.32 45.59
-1240965.56 1007276.92 -1339937.48 -1395873.84 1317.90
1639986.82 5054078.54
742708.88 342475.16 -1399361.32 605874.16 586.45
97931.20 -1353590.80 -427638.84 1426336.68 1108.57
14129.24 26790.01
537799.20 1280405.00 -111050.48 1479596.40 1846.87
1829410.88 -1854759.32 621385.72 549965.92 1691.54
609406.05 3422702.04
1026824.28 -1886163.80 846929.92 1350960.00 880.91
1353660.08 1365810.00 1712891.64 -757188.40 1530.42
57286.35 176843.87
-351600.40 -1793411.04 -845194.28 -738877.72 1935.70
-63935.20 -1770042.40 -1031412.84 -866319.92 1247.46
301199.55 349544.37
-1436716.56 558224.96 -762334.28 1273578.04 1922.88
620723.64 1929120.28 -477491.64 -1627336.92 1.29
123549.37 576749.19
646446.00 1263426.84 464890.64 1584426.40 1082.11
-326101.44 1461444.64 1674859.76 1747586.92 324.07
576279.46 1007018.95
-964708.92 789663.20 -588347.84 -1317101.84 240.74
98710.40 -433779.36 -628123.80 -1363706.00 390.75
1211.66 10707.67
-793482.80 1232505.24 -637194.76 -592769.64 321.96
-1334645.04 1064796.48 -1009798.44 1098055.44 754.56
53758.82 274872.45
-86271.88 -728464.16 -1348684.88 -466887.00 126.65
-600549.32 -1419536.32 674811.44 170157.12 929.35
28953.61 204300.42
1151710.44 1972589.52 797930.88 865339.52 1530.18
419988.52 -392057.00 1644101.12 -899014.64 547.08
1367374.96 1467079.03
-1223780.16 1823211.12 747514.40 472520.64 1264.56
899372.60 -1226360.84 -1437726.56 377805.32 258.53
384343.52 1103406.05
-1639081.84 126903.32 -1418939.20 1463532.12 1478.09
-306625.04 -1002216.36 -1353082.48 -1650764.72 1308.81
2083260.66 2416776.32
354907.92 1825347.60 -548757.12 -941993.08 1312.36
1445470.72 -1710183.56 -1526751.64 -709888.12 1385.59
297847.51 886685.67
1925118.52 -470256.40 -718808.88 -1903402.80 408.50
1541436.72 1643031.68 -1140727.28 -85997.80 1455.96
220314.12 275590.18
1696673.32 -719226.60 -767456.24 1855765.68 374.52
13556.12 873599.96 1766617.44 720250.16 1936.96
10802.51 105608.85
-706819.64 1211789.92 -1655408.40 -757154.88 89.07
-676868.80 1704605.16 -1320329.56 -1399544.24 1107.44
5940.13 57438.70
-1836797.28 -989381.96 635487.72 -503064.56 107.77
-1738066.52 -1067680.72 -717314.68 -1930994.24 1062.59
63651.82 183040.44
498141.36 559016.72 388970.00 26297.64 814.45
63292.32 -42180.44 -1427263.52 1155666.24 871.42
80274.57 861688.93
1849400.04 -1223995.28 -1716517.60 889459.80 1771.16
-856743.88 -263906.88 288987.32 730080.68 1057.13
869746.44 995384.25
990565.00 1311448.88 1219267.40 424616.12 1138.87
-695662.68 1144743.64 1906507.96 -776412.72 118.52
198887.31 2226812.51
-1676046.40 -1781385.36 -1763128.92 -1630864.72 1863.91
1753611.76 1523792.76 -453588.36 299332.52 899.47
1829751.70 6228808.13
-1834529.56 1978951.92 978705.88 322116.68 1199.63
1409606.32 1031146.60 117898.76 604621.68 1335.80
104763.06 758299.13
1049058.20 1276477.24 1700212.16 1707541.92 65.27
-455617.28 1615559.32 556969.20 -1719257.04 1344.96
505972.69 2644528.58
-947427.48 -1307060.96 259994.76 1719009.24 1497.82
-321499.16 1463445.40 -32977.24 306015.12 1983.25
13117.49 65820.18
-520174.84 84693.28 -376351.36 -730355.16 1392.92
-626049.60 512213.48 -1371395.08 689098.24 36.43
45547.96 605522.26
1883052.96 -1638649.44 -1899845.44 -1268536.00 849.08
1498842.32 576632.96 -1408480.40 1702079.00 1167.88
1992871.56 2085390.51
-1025819.44 -709429.16 418051.84 -1684177.12 1213.84
1816277.68 -1994848.56 -77030.08 -1189783.16 402.41
636849.56 639369.75
1889629.48 26253.04 -545501.84 -195217.40 1912.59
246284.44 -1005657.84 -378306.80 641464.40 122.31
314717.60 444510.90
1092272.52 -52204.96 352461.40 1764717.92 335.43
21790.68 -1668675.52 1767936.16 -396367.48 1386.78
1645844.79 2032462.52
466778.52 671772.52 984903.64 -184570.28 399.07
1702724.80 1643333.04 1273368.24 -1400479.20 358.65
960292.84 1023378.38
760626.08 -1220073.84 1562016.12 692639.68 539.55
-1886491.72 1431494.48 1611268.12 1615113.84 455.81
608839.91 1655980.62
-1476908.92 577761.16 229211.88 1233877.00 489.63
-1951492.96 -695464.92 1510734.08 -1214429.96 674.00
1561933.94 1730331.01
276142.04 -1609050.60 1210798.24 -706209.00 1160.99
-1949454.64 1803251.52 274945.88 123779.84 1116.35
718646.18 1314298.98
-1708172.40 -1623255.68 1999977.40 -730902.84 1420.60
1886080.36 320326.84 256894.64 -1743265.68 1199.40
142011.06 211334.40
-1542855.52 208460.92 -411378.20 889509.44 188.35
980468.56 809596.16 -31661.00 1555268.52 555.07
16733.90 83685.24
1733600.84 1061851.56 195023.20 735999.60 1635.07
628264.60 148199.76 343608.00 9481.72 1030.83
576907.24 853416.81
859173.56 -1300539.64 227481.92 -1675603.48 221.18
1253780.88 -166080.60 -1514350.92 1087051.56 1584.78
1573076.83 2150391.96
