996
153 744
207 498
630 873
22 145
157 648
88 288
452 599
591 209
397 231
698 327
464 38
507 597
169 323
165 368
422 196
669 154
749 817
328 190
426 908
293 478
323 466
690 61
738 737
382 462
466 156
416 771
428 169
104 643
804 451
712 738
523 78
929 530
304 388
548 308
505 663
702 137
21 800
591 377
219 653
580 741
309 800
162 477
533 448
225 512
77 586
707 182
668 249
826 206
426 312
480 759
854 357
885 192
252 350
221 877
564 887
478 920
694 489
208 246
208 309
687 494
919 903
613 129
54 612
739 663
876 126
518 265
746 797
646 492
146 377
517 779
74 518
56 193
659 380
805 93
63 153
333 346
385 87
871 411
82 532
289 29
46 893
347 882
782 336
398 450
526 503
980 617
848 790
567 216
796 914
10 281
231 726
588 526
400 875
941 827
185 155
298 566
521 200
191 625
287 176
867 569
533 679
899 19
648 95
774 424
251 173
542 476
441 884
552 808
183 633
272 150
548 396
390 887
479 24
449 614
588 52
729 134
810 398
741 879
810 696
476 650
468 257
326 134
933 860
893 732
356 119
953 557
678 276
542 875
345 366
26 684
504 612
737 323
105 239
269 203
305 262
106 912
917 872
913 760
69 74
838 712
75 598
976 482
627 410
216 557
32 892
523 53
425 103
43 634
600 293
396 727
878 28
287 841
777 710
371 826
563 24
46 632
531 333
383 545
633 549
181 250
265 426
866 298
628 298
782 300
493 205
165 86
10 921
603 611
74 121
630 851
706 839
171 647
372 455
153 589
620 339
971 234
20 698
51 59
556 452
667 202
515 383
423 892
211 790
890 312
38 373
443 403
424 188
757 873
580 368
120 341
55 877
229 76
205 699
491 405
847 626
267 895
552 440
281 233
963 632
756 658
256 257
964 124
868 297
929 901
584 154
970 799
349 512
605 751
671 857
166 393
937 645
351 249
162 327
277 401
129 77
273 401
95 498
171 682
54 596
479 14
722 900
823 540
488 438
842 108
0 100
593 276
241 837
796 854
564 883
631 28
281 69
54 37
935 559
423 727
55 497
217 749
977 544
977 835
941 170
160 502
546 605
23 825
740 55
523 606
692 121
204 647
875 40
593 167
585 425
481 750
642 214
782 645
886 331
771 425
588 449
320 371
594 562
943 465
70 106
599 632
139 307
351 126
345 742
573 917
207 176
499 485
811 316
114 176
736 737
63 477
684 623
697 87
540 85
277 524
229 761
639 286
842 354
976 257
734 399
681 714
944 178
43 271
686 691
445 547
526 847
614 491
26 33
534 710
889 746
814 617
25 454
556 93
422 222
616 486
737 351
529 604
769 549
595 420
260 793
490 246
763 229
357 400
762 343
89 801
715 524
469 390
91 168
436 570
657 720
860 796
827 395
832 785
44 72
188 575
493 5
299 887
189 899
751 272
104 877
567 715
692 596
168 233
918 423
318 385
75 424
273 167
946 756
416 767
264 892
375 701
25 50
589 790
669 587
772 525
696 213
563 31
366 123
584 88
22 416
398 800
826 730
187 489
270 769
489 180
194 115
197 273
604 454
580 659
511 209
178 165
147 718
117 379
291 100
907 1
57 679
646 722
251 770
830 887
104 270
161 638
8 366
679 526
399 423
473 551
852 466
409 594
798 365
803 894
809 686
311 488
474 443
399 865
589 46
266 179
558 32
883 569
782 521
27 446
805 515
163 205
597 834
711 616
550 903
677 776
1 67
475 614
127 219
632 337
203 47
54 780
775 165
395 869
812 778
271 648
103 530
706 603
716 715
352 706
353 749
450 104
940 756
755 530
106 878
966 877
616 785
805 607
224 200
749 72
390 101
669 324
686 490
20 347
646 671
720 833
34 622
958 108
167 109
761 363
725 585
960 5
187 252
755 93
691 53
235 353
670 139
1 627
576 311
701 678
752 415
835 584
299 336
233 743
381 282
731 521
670 309
877 399
224 29
308 873
441 539
202 737
708 382
498 349
115 323
126 112
389 310
840 206
244 783
22 53
880 288
951 730
408 856
499 353
206 209
975 347
556 178
748 563
10 175
359 568
395 646
618 438
838 180
232 292
265 409
496 585
732 804
889 434
217 469
10 718
881 549
49 228
705 675
753 505
397 202
113 492
107 819
942 869
73 519
11 428
742 242
660 688
412 795
64 532
705 262
284 160
191 533
846 491
505 842
735 220
762 615
939 387
753 478
950 764
799 793
481 327
273 374
612 172
403 600
136 218
483 278
799 164
292 610
677 766
928 567
695 719
24 377
170 602
710 317
825 73
945 142
294 165
359 798
788 742
657 131
975 743
109 830
549 761
836 909
367 526
136 731
847 78
560 86
18 750
430 299
962 881
132 680
393 90
221 471
135 277
450 902
52 144
668 622
27 476
116 132
771 786
733 343
398 917
296 376
223 669
341 62
297 623
230 408
680 132
101 358
951 334
192 642
771 278
768 845
684 247
315 482
111 259
974 396
604 125
454 48
867 876
178 506
392 652
113 572
967 260
550 814
749 590
469 35
447 468
385 576
644 327
754 639
923 705
930 345
828 338
717 529
637 895
479 100
449 315
285 734
191 306
918 548
46 775
934 732
460 486
273 692
790 503
465 599
74 587
782 386
725 704
557 578
0 704
546 147
797 863
63 661
458 42
534 662
569 54
858 802
331 770
673 116
643 240
778 149
165 708
339 748
878 761
90 467
322 319
886 842
71 614
191 224
373 906
33 123
784 171
472 576
203 492
690 425
328 360
936 422
801 35
162 922
906 142
192 537
23 552
658 828
774 147
314 253
947 292
897 27
308 80
200 832
144 654
6 9
533 354
747 40
510 426
273 718
708 698
533 635
888 647
31 892
492 63
869 333
390 665
138 257
933 684
325 292
416 464
94 194
809 510
440 337
753 702
480 350
470 286
514 663
53 449
836 282
464 768
674 480
11 414
679 178
700 11
411 371
857 376
209 448
510 592
782 606
42 856
114 644
142 663
855 427
184 178
701 773
102 164
852 692
496 404
360 377
313 447
337 804
980 123
860 624
458 131
107 846
856 777
56 145
258 685
672 443
861 16
808 439
333 280
49 905
310 773
591 46
90 388
798 732
468 487
49 43
82 283
595 53
970 633
568 633
657 454
836 913
789 785
449 588
193 290
422 819
191 446
303 460
920 639
862 855
124 556
131 491
244 102
210 297
389 700
42 600
712 824
545 122
223 652
712 831
397 283
341 270
148 235
867 179
535 675
779 657
683 300
942 540
869 420
394 117
404 659
602 388
3 127
923 822
667 28
920 651
288 559
499 531
815 278
279 334
137 252
210 746
414 425
135 478
429 844
630 475
388 164
417 922
632 276
930 233
866 635
464 45
677 708
529 706
961 216
63 402
900 652
92 872
834 30
86 346
793 187
873 594
525 787
77 228
592 841
636 380
777 540
589 613
156 711
773 612
446 413
599 841
31 207
935 177
943 41
850 924
943 289
254 195
916 560
268 159
926 719
610 282
656 754
766 174
947 431
210 814
362 517
674 437
167 516
746 647
807 370
473 381
538 131
29 360
637 848
639 497
85 747
289 189
144 319
809 369
27 570
471 414
283 760
266 636
953 591
701 407
743 664
311 261
596 549
591 116
906 555
735 726
139 342
32 468
877 126
922 264
414 130
115 645
553 334
27 119
287 261
246 455
899 106
538 793
474 534
858 531
373 1
274 461
559 598
509 598
198 333
512 577
856 113
123 200
955 71
452 623
150 396
724 54
321 275
714 104
839 452
228 823
916 598
683 663
160 518
425 649
238 864
242 919
809 244
608 554
613 314
23 511
245 174
868 69
313 296
762 61
158 682
689 678
538 119
950 118
550 563
683 14
80 464
979 788
591 229
440 729
56 578
925 454
957 215
904 498
721 635
581 220
741 633
430 610
550 218
339 588
876 636
213 708
847 142
845 794
637 721
494 332
230 641
80 385
935 718
234 680
493 746
421 217
114 667
784 31
203 759
486 673
490 154
514 456
393 406
495 166
693 439
532 701
35 633
276 621
365 49
572 99
26 755
915 207
161 306
582 764
919 860
271 565
329 290
599 86
19 103
100 778
743 171
971 555
721 468
350 826
211 409
556 431
758 397
823 279
670 316
440 664
26 734
277 104
86 159
9 728
612 405
131 708
662 274
893 30
263 58
652 768
721 650
750 204
342 520
653 781
428 856
167 161
721 143
145 509
515 7
612 329
894 620
176 917
361 101
726 13
646 339
697 257
947 239
823 143
688 183
968 808
546 146
405 206
923 86
341 845
60 66
598 91
490 293
430 354
514 433
778 850
460 67
576 407
870 738
755 818
760 212
483 176
44 886
624 55
525 596
301 162
34 354
693 484
769 70
614 115
553 841
212 140
380 634
591 118
479 900
360 788
643 457
688 85
7 642
872 697
901 352
773 676
292 426
583 4
395 531
977 439
356 578
275 775
280 445
58 102
752 389
771 524
365 157
79 49
803 663
