980
499 594
444 209
856 922
146 766
362 600
770 408
766 313
530 638
119 570
727 848
903 545
599 484
481 421
298 667
863 456
419 181
340 24
243 661
282 874
101 795
934 400
502 491
289 410
835 492
666 256
660 689
38 62
703 746
341 721
420 665
654 157
143 429
934 838
813 120
118 926
155 772
34 423
392 926
827 621
97 210
804 251
381 669
715 825
62 585
719 362
945 842
657 336
282 389
683 509
416 713
631 534
586 878
227 323
867 326
436 35
283 267
428 108
876 76
306 415
769 7
529 207
796 824
316 678
533 588
484 160
311 156
446 326
259 120
658 184
340 327
133 135
754 65
209 474
8 44
762 496
734 336
45 628
493 681
633 605
956 47
177 595
623 895
947 488
706 43
867 539
84 338
828 131
579 701
184 916
639 694
118 357
58 104
502 152
72 549
788 613
963 39
533 235
126 726
62 625
17 350
971 267
214 606
755 368
773 96
494 516
72 853
537 170
160 766
530 349
199 765
281 60
180 574
941 558
401 826
422 258
797 357
639 32
422 434
580 623
429 358
544 921
206 54
156 625
553 634
320 356
764 55
782 782
230 319
560 532
713 67
967 635
617 118
265 314
847 881
572 621
327 414
788 92
149 829
851 583
560 232
850 179
744 352
645 357
202 163
360 431
351 507
794 74
213 465
908 97
209 209
161 568
100 236
850 716
302 210
418 670
454 263
714 552
945 522
582 269
233 117
496 455
694 825
284 727
548 802
863 327
198 581
274 31
3 374
16 340
68 480
48 531
792 287
821 527
909 775
736 651
917 420
0 577
795 47
205 476
411 790
1 378
157 242
826 160
562 862
742 392
137 235
665 253
451 909
254 429
53 110
906 603
711 105
769 788
562 236
877 458
373 310
601 758
548 0
10 1
216 428
616 536
504 276
103 521
362 192
630 523
0 386
238 911
291 80
874 36
562 461
421 724
494 501
187 686
281 588
18 733
651 30
465 758
491 242
428 874
518 206
166 830
806 123
588 486
654 58
339 65
318 153
888 447
245 731
484 128
920 470
354 493
80 439
167 175
790 829
896 538
864 287
439 653
278 642
946 906
61 349
252 83
103 834
207 313
183 260
913 412
268 77
372 61
570 471
694 756
862 541
757 743
430 380
512 701
576 718
761 747
399 813
278 662
937 725
472 251
654 245
371 275
518 783
376 21
240 651
932 897
234 328
339 359
582 72
184 277
650 467
303 708
62 2
368 465
224 246
123 393
816 526
573 728
221 850
752 128
373 132
716 639
51 728
566 502
516 156
905 783
844 356
50 476
166 726
460 382
313 444
313 908
927 210
847 733
851 116
266 454
917 318
918 435
888 88
370 315
915 278
515 634
64 409
663 225
463 530
332 740
304 551
640 217
152 556
807 890
394 157
824 469
417 724
825 715
281 279
272 660
68 880
656 522
396 859
599 370
494 382
851 779
504 887
484 619
35 362
899 248
371 510
776 276
679 14
379 697
289 175
639 880
765 782
115 102
142 521
288 870
271 480
915 868
165 605
503 917
335 842
57 551
944 443
717 24
897 472
928 307
952 472
263 392
70 248
151 889
256 124
441 545
602 366
650 855
634 909
34 578
625 695
478 398
179 809
281 808
298 282
79 546
149 311
776 177
379 256
663 73
497 673
372 822
958 525
882 144
468 651
208 114
348 480
221 817
679 397
775 341
509 4
263 249
525 774
339 240
804 218
792 707
543 235
504 555
218 54
837 66
605 457
815 360
905 57
264 315
639 322
10 28
51 411
543 750
946 170
75 408
519 811
291 66
584 578
811 861
185 871
532 748
855 922
784 362
755 167
206 306
24 99
956 583
624 72
700 276
0 679
801 241
824 761
91 146
398 870
227 762
735 216
127 751
761 95
553 700
398 606
225 48
193 384
287 679
962 659
572 195
964 755
760 476
22 363
195 59
576 899
570 625
889 44
290 236
1 507
580 186
666 164
815 240
709 334
469 188
874 32
828 623
62 63
780 454
137 613
406 84
548 914
782 919
792 582
826 635
146 474
90 172
898 357
106 483
305 835
128 213
258 222
385 592
62 893
609 347
839 785
726 778
745 531
684 540
851 522
672 397
916 643
123 554
640 641
352 331
599 379
103 155
518 433
114 879
841 125
450 377
795 282
272 916
540 9
837 3
242 109
439 605
610 37
68 415
131 338
5 42
179 399
867 415
418 6
502 656
553 158
557 878
968 719
758 437
86 794
365 109
491 596
418 262
83 620
745 309
811 166
240 519
898 684
160 90
802 336
220 185
556 232
257 166
108 374
595 284
175 528
203 851
844 789
65 525
815 287
690 614
39 53
861 540
878 395
708 657
860 730
971 564
518 120
521 277
623 490
981 525
252 660
349 418
449 71
692 20
789 471
407 372
605 865
616 159
246 380
701 209
604 627
843 735
973 706
585 795
499 575
155 93
25 591
630 606
490 336
549 211
47 141
392 169
913 211
646 662
193 500
187 381
208 330
927 900
477 446
152 333
409 414
844 798
495 373
116 33
538 214
912 167
81 820
84 690
397 524
944 641
824 441
537 735
725 357
18 850
477 837
499 565
437 502
441 634
980 446
380 863
527 193
659 900
62 321
401 246
3 862
99 824
119 924
974 728
839 222
311 907
679 186
353 63
428 420
365 393
254 313
78 35
494 520
692 759
870 108
466 859
138 831
904 56
232 523
60 891
154 629
174 65
445 744
18 130
279 487
764 366
470 154
72 421
449 52
100 924
747 494
32 616
852 23
311 884
658 815
441 242
903 405
611 783
835 289
761 314
788 331
562 627
929 82
529 110
461 201
196 688
431 13
54 365
649 241
501 766
309 325
410 451
673 352
201 863
894 674
970 217
337 541
938 578
541 769
242 699
691 342
109 588
630 18
461 730
21 817
735 79
553 362
422 36
941 122
823 543
637 653
197 887
205 257
484 578
358 64
706 274
763 921
507 34
981 683
181 545
560 188
318 639
290 563
484 745
926 418
805 785
109 780
666 202
957 688
811 1
651 678
480 144
511 229
355 491
676 391
894 662
470 863
21 594
32 809
70 138
841 320
89 203
643 159
782 875
960 669
291 80
929 280
91 738
713 445
329 417
97 242
786 408
887 433
535 287
451 687
74 688
276 403
890 493
808 31
302 834
355 550
122 340
605 179
649 886
85 652
715 690
452 30
821 553
228 894
19 210
231 412
865 844
169 414
71 203
831 513
331 610
676 703
208 796
380 480
502 395
45 339
322 4
825 172
10 686
814 81
219 286
80 371
427 87
249 286
242 657
540 908
357 404
59 151
468 848
199 891
786 845
720 260
38 42
46 553
17 889
609 206
123 158
5 280
308 327
94 439
359 885
14 253
622 274
285 579
128 717
684 480
618 900
978 276
627 735
951 17
199 558
647 376
302 369
502 434
788 410
286 61
947 811
157 77
449 681
423 22
595 577
976 76
81 313
207 254
430 796
388 584
382 51
975 660
701 894
844 280
880 498
872 601
273 673
207 909
923 722
72 483
442 871
64 908
486 703
349 329
847 862
633 605
605 866
688 870
951 247
465 926
555 118
765 245
273 556
638 670
814 371
297 288
748 115
802 356
831 476
929 48
239 801
319 539
894 252
163 786
754 375
119 835
841 561
530 831
495 655
934 24
528 294
808 78
207 475
374 710
116 728
500 384
425 103
772 645
99 654
716 157
116 489
464 313
974 638
74 491
573 52
734 816
575 911
482 418
66 684
316 676
474 894
807 155
758 799
29 331
964 646
74 4
312 746
260 536
267 72
776 565
701 129
778 758
955 243
956 40
321 784
620 553
210 555
86 689
849 33
818 15
440 259
773 475
489 764
194 622
37 346
496 670
287 74
630 578
447 505
827 353
153 460
212 531
271 172
377 373
936 567
731 766
453 434
447 559
444 630
738 793
815 31
402 331
292 494
956 478
503 146
524 405
450 580
872 551
312 206
161 722
285 744
107 205
723 636
583 504
739 155
489 427
329 123
155 316
15 548
29 66
843 640
342 205
786 63
23 470
958 627
363 105
702 664
226 308
668 17
912 774
290 873
850 609
20 27
803 659
374 617
558 52
874 539
650 925
350 687
843 863
106 2
509 353
949 642
42 668
331 197
683 741
276 132
883 174
155 261
262 770
75 670
175 729
915 278
667 721
675 639
773 624
315 773
496 319
216 89
945 355
155 824
432 56
291 717
946 925
314 542
432 81
475 886
72 219
608 87
521 193
626 819
455 370
530 137
583 876
691 866
614 324
514 61
549 706
742 562
281 186
886 71
721 133
298 388
291 175
219 694
476 422
406 313
735 732
837 912
33 90
245 900
172 853
600 410
120 771
714 538
27 529
6 166
309 383
550 283
793 787
261 114
474 822
198 600
132 249
213 89
292 526
224 799
954 220
57 472
728 548
