990
363 887
377 752
445 395
582 922
873 32
675 879
771 803
865 706
479 172
757 853
530 674
926 328
896 457
737 601
951 558
201 1
398 600
362 625
153 472
978 226
870 435
737 726
912 522
377 455
304 889
263 636
791 408
173 264
9 889
895 744
429 312
315 204
734 555
522 550
943 899
951 357
498 539
22 421
28 313
660 380
803 844
873 205
80 499
498 739
916 760
746 375
336 144
569 562
83 846
420 636
885 38
431 522
709 314
366 408
318 255
394 802
440 492
454 742
341 545
900 20
570 606
71 429
450 477
339 214
552 248
913 584
873 104
516 451
417 566
113 851
639 580
180 548
922 603
255 469
833 31
723 357
130 651
588 433
352 778
278 617
750 608
724 347
370 173
729 243
579 896
703 711
524 919
915 144
730 175
620 446
40 806
718 157
691 82
81 503
193 595
133 438
81 101
374 220
721 101
728 769
178 576
466 192
789 854
832 888
31 800
915 824
84 349
320 8
139 717
785 851
394 555
859 635
274 313
561 130
356 817
207 808
379 100
801 685
201 622
504 465
715 736
838 62
387 304
184 883
379 483
551 706
905 622
462 519
364 458
149 151
585 779
614 255
193 342
851 98
957 734
242 326
87 12
836 188
793 508
437 817
519 672
714 617
814 453
213 900
514 199
777 118
175 544
447 340
464 725
379 206
23 364
275 276
589 497
639 784
499 573
860 734
100 518
667 301
341 762
840 489
736 458
387 534
257 414
627 341
488 566
381 843
458 495
430 875
706 513
851 360
646 816
403 411
520 706
810 219
935 419
477 322
814 730
808 294
630 745
374 446
703 778
226 427
407 654
812 485
657 870
732 667
662 782
462 245
152 406
147 673
934 277
324 295
926 474
441 16
74 681
555 172
798 94
838 615
750 560
673 829
629 556
186 753
742 282
168 0
134 206
524 82
673 236
114 412
85 548
682 439
393 285
911 729
715 47
439 829
646 181
286 111
738 838
180 120
104 905
567 837
486 67
236 661
835 580
747 520
926 502
816 573
296 495
373 769
229 855
324 665
168 408
81 500
760 854
84 802
504 918
715 580
164 123
12 389
590 570
475 38
741 897
747 904
622 346
510 653
528 356
237 818
912 301
317 44
741 409
488 639
803 346
921 23
148 657
856 926
315 603
621 474
31 824
914 380
696 898
708 198
745 409
914 184
397 566
749 448
80 301
940 899
302 835
374 100
104 813
103 841
250 795
348 621
256 83
36 631
677 342
7 807
330 15
299 672
904 904
534 411
791 852
964 436
682 719
939 245
693 837
448 382
234 786
468 682
603 61
224 592
324 377
444 680
188 472
307 112
523 556
335 164
287 226
650 753
233 429
692 544
338 167
442 9
359 467
855 836
456 162
687 853
912 55
803 241
716 712
904 362
449 831
133 382
437 668
457 241
578 748
553 40
602 605
936 727
449 249
240 649
111 108
296 69
6 30
622 86
392 725
887 664
689 826
523 207
645 676
133 663
451 284
194 718
16 545
777 922
871 114
227 853
261 92
693 875
457 51
630 166
588 346
9 305
588 105
177 145
777 700
744 656
417 160
875 330
427 84
540 91
948 462
703 34
50 589
163 527
446 375
810 575
866 487
282 147
3 730
518 595
200 25
370 342
202 426
345 349
200 21
483 635
35 398
229 638
462 91
965 58
97 11
159 655
30 878
905 571
872 618
878 52
893 185
815 446
813 676
672 821
852 390
351 755
693 345
412 866
0 768
243 412
615 808
634 211
629 408
717 770
712 277
810 435
939 697
419 22
515 263
409 548
419 678
219 236
910 824
937 491
940 619
417 251
322 151
541 455
1 289
297 139
80 178
73 898
825 921
366 257
70 468
690 625
633 67
299 400
826 550
30 182
491 788
795 507
711 601
284 6
781 420
769 22
839 690
112 376
257 542
43 123
632 763
125 61
784 323
958 874
904 138
494 261
694 731
726 412
129 204
47 439
645 415
619 577
514 66
129 205
298 42
105 67
306 353
373 832
86 783
795 759
365 477
334 333
786 181
219 303
590 750
302 74
80 44
137 312
887 722
4 923
817 134
533 4
99 16
802 240
595 589
49 562
71 861
109 430
435 388
741 34
596 225
488 27
582 407
853 381
231 283
574 485
837 721
701 323
947 436
567 9
617 684
926 115
382 251
749 215
665 90
473 690
692 829
56 672
535 41
223 327
449 862
593 412
816 210
935 131
126 736
331 162
167 259
690 536
118 420
834 610
397 293
777 376
520 897
607 75
95 783
743 625
587 509
366 671
700 396
167 70
698 30
966 530
349 340
628 478
613 644
462 404
867 772
758 27
923 556
787 185
402 342
928 777
635 749
781 916
551 324
158 343
832 897
914 867
453 474
305 804
970 151
952 341
533 288
803 153
756 193
753 477
845 390
476 341
832 525
551 302
232 281
120 850
513 537
292 187
639 87
400 789
304 530
774 107
71 198
433 247
873 880
780 578
208 714
962 815
315 386
972 568
147 785
518 19
116 609
409 612
769 811
527 709
849 613
42 2
959 333
787 666
781 680
93 394
539 277
762 286
728 651
683 71
350 616
541 93
710 853
55 79
152 590
395 154
871 828
864 260
780 127
737 169
752 632
397 368
354 558
297 166
860 799
600 680
911 637
406 30
670 222
316 865
27 7
421 695
298 109
725 459
892 541
969 693
114 44
237 4
882 326
722 24
8 426
774 562
376 668
37 776
251 409
582 323
718 293
621 900
491 200
72 321
360 723
660 111
676 109
310 380
787 158
301 617
699 589
706 272
768 315
275 613
641 655
432 285
899 876
831 701
594 421
189 435
929 740
864 537
592 926
841 858
154 890
370 355
815 216
93 722
245 540
565 403
833 855
368 113
104 37
432 212
143 343
126 857
20 602
11 60
811 652
590 793
483 643
783 235
230 926
845 649
664 514
761 433
847 494
459 396
237 902
620 76
837 869
805 623
190 751
254 59
908 402
209 159
105 615
62 736
934 589
760 214
527 683
54 490
611 775
189 576
675 647
864 728
610 81
601 864
824 361
929 586
153 509
234 10
398 29
478 352
766 351
457 243
165 743
105 193
385 893
223 164
773 526
830 176
729 624
749 252
332 835
272 495
367 187
681 596
153 196
846 486
267 144
271 705
564 261
737 436
883 760
812 558
345 429
343 88
923 69
394 441
675 231
725 861
717 59
880 173
322 341
44 1
315 766
645 909
359 606
243 446
25 469
559 816
147 777
923 185
525 156
578 245
177 797
114 721
298 816
950 887
799 919
59 783
877 888
253 876
512 760
159 102
657 910
827 476
323 633
209 862
518 606
486 868
405 879
58 541
631 198
971 723
263 642
409 31
402 443
862 76
105 21
349 404
828 691
39 754
612 462
928 681
414 415
236 697
267 752
826 839
744 423
754 520
339 198
48 406
450 39
217 276
819 233
887 332
821 211
605 308
555 514
780 800
763 32
535 734
867 341
619 533
602 637
761 867
686 733
128 390
314 807
793 551
389 98
599 505
78 383
228 709
901 849
258 222
330 880
787 760
259 534
33 870
829 66
926 69
529 782
70 681
360 678
130 711
536 790
57 214
973 183
146 653
393 544
638 72
736 285
791 213
416 371
145 237
113 599
78 465
403 825
808 348
792 377
503 202
73 656
735 571
821 721
778 358
137 475
496 851
529 735
733 16
483 888
80 883
328 120
872 464
149 413
347 233
900 707
921 35
547 176
157 882
44 362
664 873
877 771
550 583
466 709
165 463
674 724
625 74
502 378
420 845
319 476
771 693
154 122
969 136
531 261
60 112
343 305
32 473
588 41
845 300
367 695
692 5
265 588
336 159
151 231
614 336
547 781
37 16
825 412
949 283
40 900
737 255
688 815
600 769
606 94
578 431
382 394
389 98
728 39
472 561
527 73
834 549
473 273
594 226
604 210
771 760
639 840
57 612
430 300
955 100
159 126
554 242
225 607
468 429
210 282
865 281
555 44
12 417
674 662
809 293
626 780
651 480
277 426
197 652
498 533
55 320
175 96
960 53
648 234
281 29
137 17
87 632
364 164
136 529
509 9
252 263
446 710
334 351
860 37
759 125
35 622
731 509
905 49
558 408
170 508
483 734
263 660
233 690
34 727
670 289
916 658
689 674
848 300
452 209
338 304
306 93
201 505
855 220
10 38
485 230
687 618
903 28
184 75
919 209
20 77
808 297
358 624
741 367
416 477
42 649
304 18
56 485
872 301
420 434
219 294
802 869
341 46
317 762
306 757
714 256
415 121
395 814
130 633
538 259
30 686
338 89
648 120
845 857
2 859
767 67
322 22
546 418
62 82
777 632
151 304
635 529
648 547
377 699
462 220
75 819
387 281
270 76
567 913
382 276
129 695
823 798
419 168
81 779
22 849
84 921
578 719
110 641
138 723
900 221
516 125
888 722
810 686
244 459
619 672
630 87
153 484
413 594
711 641
560 646
