985
189 154
128 504
290 59
331 651
556 268
652 764
643 894
712 475
942 475
773 279
530 555
597 593
364 501
738 645
376 655
137 729
482 797
556 492
862 852
189 162
793 605
626 147
678 834
454 338
936 317
585 250
194 893
896 254
187 882
398 475
483 92
472 388
463 594
162 909
159 178
350 107
429 633
661 67
556 404
473 234
520 909
631 653
500 460
739 443
358 916
675 129
544 879
661 74
196 37
840 422
502 253
733 675
964 864
481 4
284 920
220 364
935 840
779 639
99 574
485 121
239 756
840 110
466 81
398 668
267 748
639 566
100 132
953 24
165 176
873 190
109 627
270 816
966 223
286 623
736 279
958 126
80 705
481 63
564 574
413 221
242 671
115 130
963 303
852 380
603 781
800 270
981 55
781 666
652 739
44 550
676 5
48 457
695 37
313 367
469 19
382 762
88 752
495 113
865 232
603 291
573 806
973 328
445 362
359 60
908 7
525 489
724 343
66 451
745 902
903 200
697 915
390 239
819 279
824 267
485 209
193 322
469 279
167 516
437 699
218 740
132 448
323 18
108 245
801 408
405 24
31 414
7 457
879 867
164 298
102 624
730 393
170 730
84 535
201 442
433 402
970 538
139 263
296 210
443 403
254 899
977 758
295 739
828 204
397 590
788 187
376 757
197 654
233 397
212 639
768 78
71 420
468 592
730 687
313 703
746 592
221 394
525 232
929 827
559 389
101 843
207 725
118 416
900 842
797 641
126 660
344 292
277 245
294 151
80 900
744 184
753 585
687 172
962 537
162 505
103 234
399 677
459 492
970 116
461 736
463 51
411 831
379 814
639 46
657 412
349 641
405 587
79 555
150 493
73 612
738 733
556 140
794 49
633 147
779 175
299 652
858 430
362 265
462 680
850 86
70 344
251 763
471 491
794 245
22 13
271 370
306 757
81 645
71 578
856 597
313 901
581 64
971 552
71 474
693 19
821 523
601 54
104 526
535 345
500 490
693 769
95 589
911 445
36 626
332 631
45 271
874 496
502 417
434 47
906 639
582 631
420 792
888 866
372 238
162 902
515 368
342 454
488 391
170 657
228 582
646 577
406 643
190 269
346 203
210 835
862 641
197 340
814 227
285 206
4 452
142 686
819 50
902 710
320 64
257 201
598 537
492 900
204 308
759 14
9 527
569 736
529 106
60 721
704 4
304 185
95 449
647 909
761 280
840 259
205 235
573 348
457 33
91 813
307 299
683 691
55 89
919 101
204 560
68 252
921 285
244 821
506 788
566 352
276 648
609 225
88 358
342 774
728 152
160 423
215 287
211 503
564 811
308 384
106 671
742 217
544 540
102 523
172 46
325 788
84 94
304 416
621 406
887 638
809 886
181 680
915 120
549 573
626 367
832 57
889 816
387 565
27 276
527 256
754 796
139 57
347 333
560 764
251 464
184 921
969 623
97 845
786 878
648 630
283 771
391 783
972 399
391 24
656 620
874 785
341 307
605 701
553 849
531 675
642 790
685 281
923 259
243 325
931 638
645 197
20 550
1 733
854 882
33 815
868 347
307 328
30 34
852 729
352 516
22 913
592 271
820 320
615 922
585 727
89 475
862 258
510 361
217 850
517 312
439 532
737 444
368 666
67 145
553 662
256 289
614 515
626 837
80 241
266 901
235 247
116 32
150 717
183 602
559 139
747 396
867 381
266 427
300 859
970 470
563 672
171 562
145 390
772 915
626 358
30 297
100 701
101 217
682 894
742 403
6 147
446 80
100 466
183 832
409 817
560 780
440 396
775 298
240 533
594 272
358 523
812 827
136 820
348 887
139 535
717 740
235 478
368 870
147 308
565 919
186 394
938 895
217 761
13 621
214 267
829 732
753 100
718 815
701 793
659 144
962 634
663 781
73 632
156 259
692 755
544 214
294 303
577 334
79 310
326 799
453 494
918 476
312 856
200 607
964 576
103 460
321 537
838 757
162 202
590 154
890 786
187 723
178 590
134 91
475 735
595 254
189 102
528 899
583 440
815 359
950 851
428 106
919 431
175 707
710 729
782 759
138 220
883 79
418 503
764 74
601 24
298 5
961 631
568 369
688 876
937 187
711 29
402 294
413 35
97 432
830 823
118 855
330 420
65 611
61 185
903 794
640 448
661 34
209 376
438 225
109 264
902 493
91 706
4 518
340 109
340 221
288 656
837 127
538 652
94 186
212 284
211 158
300 900
951 731
782 21
309 847
122 458
676 489
942 487
661 236
817 721
51 466
208 820
887 65
210 827
804 180
811 890
960 312
615 614
739 710
231 620
778 671
164 465
230 229
464 867
633 533
267 266
526 691
744 514
918 786
786 119
705 91
674 141
305 255
681 478
895 220
345 592
674 792
164 446
139 228
191 120
395 748
611 436
929 475
57 373
593 307
584 159
398 751
780 155
778 34
113 251
689 116
222 4
334 814
291 452
673 253
566 338
325 806
195 890
605 623
284 107
808 753
584 513
179 53
181 174
824 837
525 907
520 878
780 103
917 374
90 132
292 138
151 596
632 340
312 119
160 894
614 95
4 222
294 886
512 481
350 66
510 409
225 311
43 353
402 387
90 734
436 513
515 872
528 806
875 15
357 639
642 671
769 331
451 171
374 626
803 191
949 119
232 777
164 924
226 120
429 890
564 190
728 233
370 172
509 328
333 338
256 725
281 360
331 575
645 377
973 648
277 834
747 344
549 405
879 463
935 898
946 516
165 9
890 73
383 296
959 918
103 694
620 701
529 412
160 273
873 644
912 590
342 789
572 681
620 166
393 269
742 347
663 293
708 488
880 356
792 121
830 803
2 253
197 362
771 794
907 97
345 765
561 540
279 240
970 755
455 724
309 567
975 285
537 240
737 358
565 886
98 756
836 539
929 112
806 755
913 707
538 866
474 74
834 664
56 451
913 271
403 764
868 254
869 1
808 686
328 287
809 221
270 335
320 519
706 170
821 373
302 469
248 19
963 537
535 760
612 215
601 705
237 878
231 9
374 423
922 857
410 131
214 919
184 702
539 203
675 518
754 725
350 98
858 105
833 547
833 189
494 850
341 568
452 207
374 245
91 185
964 258
246 18
590 114
460 780
653 401
688 347
104 435
81 555
431 677
332 560
21 926
978 40
497 603
461 351
573 315
549 10
641 890
222 132
922 111
278 834
132 807
968 287
436 904
750 153
935 706
692 63
125 419
408 418
781 612
85 469
320 816
514 140
851 549
767 352
926 466
44 117
407 158
398 314
126 730
44 256
928 234
783 292
910 698
396 514
978 710
167 555
778 37
46 85
968 112
647 905
795 572
138 309
374 729
822 594
155 235
820 127
688 672
360 682
904 426
735 73
191 803
216 720
742 64
535 274
313 796
866 638
824 583
192 196
855 513
933 901
234 320
608 0
820 401
164 781
440 702
925 505
232 579
332 841
244 598
30 21
226 575
389 259
357 153
153 530
452 254
547 246
745 727
452 205
457 267
406 694
33 391
845 261
274 315
437 658
519 448
746 891
103 266
278 675
830 180
405 243
920 653
302 122
401 206
559 467
274 748
670 541
579 241
167 60
167 694
971 153
467 915
231 897
366 503
99 47
401 311
661 185
846 911
555 465
388 619
912 399
105 758
112 134
824 538
623 592
368 235
144 604
506 253
695 378
658 133
71 685
105 414
335 238
656 430
502 276
807 91
311 649
750 231
382 900
437 179
980 410
354 36
773 772
330 625
780 325
604 263
69 780
681 857
848 575
154 894
897 223
407 584
554 868
281 683
188 147
538 570
327 696
78 244
961 749
554 380
942 667
401 224
841 395
214 849
589 331
718 168
189 299
912 268
727 584
10 810
237 365
844 749
464 528
824 818
478 388
476 478
733 242
919 259
853 463
898 266
920 344
495 345
54 619
614 542
711 318
422 84
500 538
8 397
225 841
33 64
912 307
338 113
612 438
464 236
949 402
651 896
879 843
261 439
593 390
177 685
538 647
701 83
959 773
206 264
833 649
289 742
363 507
628 527
550 875
881 702
798 399
337 71
913 692
848 576
129 897
858 378
955 19
158 641
543 160
891 409
522 183
612 607
317 8
451 408
386 412
149 463
16 911
525 193
366 831
254 707
584 822
597 702
132 496
540 534
776 275
886 563
871 309
251 167
900 411
877 818
294 205
561 265
771 101
632 495
498 4
215 435
43 130
189 70
781 915
277 366
745 665
373 110
69 241
282 138
701 306
224 110
103 729
501 576
245 323
195 154
834 579
550 191
688 123
63 130
779 100
825 450
558 505
36 413
268 135
772 570
773 299
899 386
900 204
849 534
539 363
966 237
235 394
148 793
895 381
438 246
37 106
767 200
181 196
12 473
401 202
828 564
958 465
945 648
796 178
958 448
728 767
692 195
735 291
754 501
57 885
599 245
210 105
475 528
360 332
875 147
673 182
638 900
308 704
