33
25 22 65 18 63 14 60 36 16 45 87 86 8 32 23 30 98 74 50 36 64 12 57 26 89 38 34 11 9 60 5 17 18
32
50 58 58 54 53 58 53 56 59 55 54 52 51 54 56 59 55 51 58 56 53 56 50 59 53 59 54 54 58 50 56 59
33
59 51 50 53 57 51 58 50 60 52 57 58 51 51 50 52 54 55 60 54 51 56 55 53 58 60 57 56 56 53 60 60 54
34
6 97 13 38 35 100 49 20 76 31 73 40 39 65 27 81 53 34 99 30 4 29 20 31 49 7 91 30 63 27 30 11 37 43
37
53 52 55 53 51 51 51 60 57 58 60 56 54 57 60 60 53 58 60 54 60 53 55 59 56 54 50 53 58 53 52 51 55 53 50 60 53
40
1 2 3 4 5 6 7 8 9 10 11 12 13 14 15 16 17 18 19 20 21 22 23 24 25 26 27 28 29 30 31 32 33 34 35 36 37 38 39 40
40
36 44 8 45 15 26 38 32 33 5 45 7 5 1 19 4 26 14 19 22 45 21 50 25 37 21 1 3 10 28 44 27 44 17 20 28 44 23 28 32
41
35 5 48 39 7 34 8 37 47 29 35 23 19 40 26 6 27 16 23 3 33 50 22 26 9 16 4 15 4 27 9 46 41 12 35 4 28 26 38 29 18
39
44 96 94 29 9 77 80 32 100 90 20 72 63 13 43 52 25 56 69 31 27 4 20 18 52 94 53 32 64 79 20 5 98 31 58 3 17 49 36
38
56 60 51 58 53 54 51 52 60 53 55 56 54 53 55 60 55 53 59 53 58 58 58 53 59 54 56 53 59 60 53 60 51 53 51 58 59 57
