43
20 45 33 26 5 22 4 35 30 8 1 22 16 6 16 27 14 1 22 21 42 1 31 43 5 21 2 3 30 7 3 40 4 18 28 32 49 8 37 18 5 21 48
40
32 17 21 22 16 13 14 47 10 45 14 6 18 25 47 33 32 42 4 46 27 14 4 46 39 42 39 19 47 37 30 33 24 6 4 36 7 23 24 42
40
44 47 44 44 28 35 21 23 35 24 42 16 36 13 11 29 41 47 30 16 4 28 27 22 6 38 14 13 38 20 15 15 30 33 33 7 16 47 7 21
42
2 4 23 15 41 27 41 4 32 45 19 27 16 21 35 38 34 12 2 46 47 8 34 31 23 44 7 49 34 8 37 17 21 8 27 32 24 8 19 47 39 4
39
59 50 55 55 52 52 60 50 60 53 50 59 53 53 51 60 54 57 60 51 57 53 58 50 55 56 60 59 52 59 56 58 59 57 55 50 53 59 57
41
9 28 34 24 49 25 32 48 32 4 39 46 21 24 44 45 33 4 41 46 27 38 28 42 22 28 20 38 40 13 42 23 41 3 28 19 4 45 37 25 1
42
48 49 41 16 11 21 11 30 35 3 14 10 22 32 6 37 38 46 30 14 14 7 43 2 22 24 14 21 4 32 42 2 34 46 41 12 29 9 21 29 9 14
42
40 30 5 46 17 12 5 15 10 17 17 36 22 30 30 5 45 24 13 14 31 25 19 33 20 38 43 22 24 45 2 21 13 6 14 7 39 6 13 1 29 28
43
37 36 8 12 44 47 12 17 37 44 1 8 32 26 21 2 41 26 25 12 32 38 19 5 9 18 30 45 46 6 44 15 20 5 1 40 16 40 21 49 41 12 17
