14
1 1 1 2 2 3 4 4 5 5 6 6 7 7
10
52 51 50 53 59 57 54 54 53 55
12
26 26 26 14 13 28 27 15 27 28 28 26
12
53 60 51 57 52 51 60 60 54 56 54 53
13
8 54 56 89 90 15 99 66 70 92 16 6 62
13
59 97 79 8 11 32 96 56 26 58 33 61 85
13
12 14 12 25 15 22 19 13 26 19 24 18 14
15
3 30 77 60 56 67 59 10 74 31 30 49 65 24 22
20
97 69 92 39 8 36 95 58 2 69 86 35 78 9 42 60 60 12 76 92
20
10 95 76 33 50 80 78 95 81 3 37 18 42 40 47 6 35 52 65 75
20
57 59 60 60 54 53 60 57 55 56 50 52 51 58 56 52 59 50 56 58
20
59 59 52 57 55 59 50 59 56 58 58 60 52 54 54 59 56 59 53 58
