25
27 8 8 97 8 38 40 56 36 52 26 93 76 34 31 27 86 90 43 14 94 77 56 25 35
25
50 58 53 59 58 56 58 60 60 59 50 51 60 57 53 50 50 58 53 56 52 58 53 57 58
26
57 57 54 60 60 52 52 50 59 60 54 60 53 58 51 54 57 54 56 50 51 51 51 58 59 59
26
56 52 56 58 60 56 50 58 57 53 50 50 55 56 54 55 52 60 57 50 53 53 57 60 57 51
26
51 74 85 11 97 89 100 61 88 26 77 97 74 84 20 23 85 88 76 14 51 20 53 69 31 40
28
18 31 29 92 63 41 36 50 32 22 49 59 79 2 80 26 22 27 54 52 58 78 93 42 53 43 38 5
28
54 52 51 57 52 51 59 59 58 58 51 54 60 51 53 58 53 51 60 55 60 53 58 59 56 52 58 54
29
56 50 59 55 55 60 54 54 51 55 50 57 60 60 52 59 53 50 55 55 57 52 60 55 59 56 60 59 52
31
98 41 1 19 38 14 90 87 83 6 18 91 67 91 44 85 99 81 77 83 42 26 61 39 67 41 76 36 82 17 51
35
1 2 3 4 5 7 8 8 9 9 10 12 13 14 14 15 16 21 22 23 24 24 25 25 26 26 27 28 29 33 33 34 34 35 35
