50
1 2 3 4 5 6 7 8 9 10 11 12 13 14 15 16 17 18 19 20 21 22 23 24 25 22 24 30 6 21 11 22 25 14 16 4 3 24 4 17 19 11 23 30 12 9 19 2 24 6
50
1 2 3 4 5 6 7 8 9 10 11 12 13 14 15 16 17 18 19 20 21 22 23 24 25 11 11 25 9 16 12 11 5 8 26 11 19 22 9 2 25 23 20 13 15 7 24 22 28 4
50
1 2 3 4 5 6 7 8 9 10 11 12 13 14 15 16 17 18 19 20 21 22 23 24 25 15 26 14 1 1 30 20 2 20 22 27 30 6 4 15 12 1 14 20 12 15 5 16 15 21
50
13 13 8 8 3 9 1 23 11 18 13 17 19 17 7 12 4 23 23 18 15 15 19 19 22 14 1 13 4 7 4 15 7 1 12 21 11 10 9 14 11 14 23 16 6 15 13 7 18 17
44
92 42 45 100 32 59 80 43 85 71 28 11 79 29 50 66 53 57 39 53 100 62 73 51 25 44 85 28 91 62 44 17 57 36 69 79 58 61 100 100 85 17 68 58
48
11 30 50 24 28 12 21 31 41 49 49 48 19 32 22 30 19 37 47 36 22 19 24 4 21 21 8 27 2 21 1 6 47 13 27 6 11 47 37 29 21 10 30 31 1 42 19 3
48
22 40 40 3 26 4 38 5 35 24 24 43 20 9 10 18 49 28 22 48 23 33 17 28 49 14 29 17 22 24 35 21 14 11 3 17 7 1 35 37 34 38 47 12 33 45 31 40
48
1 50 14 2 39 15 31 6 21 27 39 6 31 39 46 24 28 48 35 50 38 14 40 47 25 22 28 26 9 10 46 27 35 43 39 38 31 29 43 17 1 10 37 15 33 7 49 29
49
11 1 23 5 10 16 4 17 35 31 5 22 38 7 32 32 36 4 18 12 2 23 2 20 11 50 27 40 25 31 12 4 42 48 16 35 28 32 18 15 29 48 11 26 45 27 35 41 27
