42
9 39 16 49 16 47 27 17 45 11 42 20 6 43 31 49 31 7 10 24 24 13 40 17 16 46 14 23 1 45 37 12 38 25 36 42 8 49 18 47 49 21
50
1 1 1 2 2 3 3 3 3 3 4 4 4 5 5 5 5 6 6 6 6 6 7 7 8 8 9 9 9 10 11 11 11 11 12 12 13 13 13 13 13 14 14 14 15 15 15 15 16 16
50
2 8 15 1 10 5 19 19 3 5 6 6 2 8 2 12 16 3 8 17 12 5 3 14 13 3 2 17 19 16 8 7 12 19 10 13 8 20 16 15 4 12 3 14 14 5 2 12 14 9
46
2 36 32 45 16 29 47 2 11 27 5 3 7 40 40 38 2 44 23 12 31 26 5 34 42 15 47 47 8 47 44 13 42 11 9 23 4 46 35 49 28 43 7 27 14 41
44
24 28 58 78 50 24 46 75 82 53 76 64 37 43 14 5 19 60 15 33 6 69 42 80 90 23 10 48 61 57 29 19 15 15 59 39 95 82 63 35 2 69 97 56
44
36 66 93 60 99 86 30 33 3 48 46 32 55 81 34 54 27 87 57 61 40 47 59 93 6 34 78 80 46 56 24 41 15 51 26 81 26 31 38 43 67 35 16 88
50
1 2 3 4 5 6 7 8 9 10 11 12 13 14 15 16 17 18 19 20 21 22 23 24 25 30 5 13 12 17 29 18 1 4 3 10 3 6 1 19 22 5 5 20 26 22 4 19 11 8
44
57 53 55 58 50 59 60 59 53 52 59 57 58 53 53 57 58 58 56 59 52 56 54 50 57 52 58 50 51 60 59 52 55 52 50 57 58 55 50 57 58 51 59 59
46
33 19 24 37 45 11 18 7 42 17 24 10 33 34 19 39 10 11 10 50 39 24 19 37 29 8 25 15 33 41 30 1 3 48 40 33 5 2 28 14 30 14 24 43 13 40
