48
23 30 47 36 11 48 37 5 39 43 20 21 49 19 48 5 10 28 10 47 1 2 42 4 26 3 12 6 4 23 18 8 7 34 7 29 21 19 10 18 7 10 43 30 22 11 36 24
50
1 2 3 4 5 6 7 8 9 10 11 12 13 14 15 16 17 18 19 20 21 22 23 24 25 1 2 3 4 5 6 7 8 9 10 11 12 13 14 15 16 17 18 19 20 21 22 23 24 25
50
1 2 3 4 5 6 7 8 9 10 11 12 13 14 15 16 17 18 19 20 21 22 23 24 25 15 8 20 8 15 8 24 1 16 11 17 11 1 7 5 18 28 26 19 18 6 13 10 12 7
50
1 2 3 4 5 6 7 8 9 10 11 12 13 14 15 16 17 18 19 20 21 22 23 24 25 16 22 7 15 26 4 3 24 13 29 4 11 2 20 3 10 23 3 7 24 20 28 17 20 6
50
1 2 3 4 5 6 7 8 9 10 11 12 13 14 15 16 17 18 19 20 21 22 23 24 25 9 12 24 14 9 22 20 24 12 2 24 29 30 7 13 2 16 8 14 4 1 14 1 24 25
50
1 2 3 4 5 6 7 8 9 10 11 12 13 14 15 16 17 18 19 20 21 22 23 24 25 26 8 27 9 30 4 28 17 20 4 13 2 13 23 2 30 17 23 19 4 16 1 12 29 7
50
1 2 4 5 7 8 10 11 13 14 16 17 19 20 22 23 25 26 28 29 31 32 34 35 37 25 28 8 30 14 1 1 5 19 27 23 18 5 2 30 15 12 8 29 18 4 7 4 3 9
47
26 36 26 46 43 36 18 46 17 48 41 19 9 27 17 37 28 20 27 17 7 32 50 20 39 17 29 6 3 44 28 4 5 28 18 38 15 26 35 50 39 27 4 39 9 32 47
50
1 2 3 4 5 6 7 8 9 10 11 12 13 14 15 16 17 18 19 20 21 22 23 24 25 24 1 22 8 20 15 18 28 5 15 18 29 11 1 22 8 28 14 17 30 5 10 2 28 8
