50
1 1 2 3 4 4 5 6 7 7 8 9 10 10 11 12 13 13 14 15 16 16 17 18 19 19 20 21 22 22 23 24 25 25 26 27 28 28 29 30 31 31 32 33 34 34 35 36 37 37
48
64 52 39 16 96 70 33 53 5 6 29 22 23 61 33 45 71 68 81 93 21 68 49 21 34 22 72 67 15 82 73 1 73 34 56 9 94 78 85 55 44 90 86 55 3 49 89 20
50
1 2 3 4 5 6 7 8 9 10 11 12 13 14 15 16 17 18 19 20 21 22 23 24 25 27 14 17 22 29 23 12 23 19 15 29 28 11 20 24 17 2 29 21 14 24 8 17 26 23
50
2 3 4 4 5 6 7 7 8 9 10 10 11 12 13 13 14 15 16 16 17 18 19 19 20 21 22 22 23 24 25 25 26 27 28 28 29 30 31 31 32 33 34 34 35 36 37 37 38 1
49
73 59 63 55 97 36 47 5 84 37 96 31 23 99 57 56 23 95 68 45 66 79 45 93 13 65 24 7 42 41 58 2 62 16 66 75 2 58 4 21 73 2 11 7 43 41 26 53 51
48
2 13 38 20 34 5 5 25 33 23 19 19 35 26 13 14 22 37 48 46 13 17 38 24 20 50 14 17 9 44 11 12 50 14 37 50 26 20 14 34 47 49 17 33 47 28 39 10
50
1 2 4 5 7 8 10 11 13 14 16 17 19 20 22 23 25 26 28 29 31 32 34 35 37 7 18 21 27 25 8 15 10 25 27 21 26 26 15 26 28 16 7 26 16 12 12 28 6 21
50
2 3 4 4 5 6 7 7 8 9 10 10 11 12 13 13 14 15 16 16 17 18 19 19 20 21 22 22 23 24 25 25 26 27 28 28 29 30 31 31 32 33 34 34 35 36 37 37 38 39
50
1 2 3 4 5 6 7 8 9 10 11 12 13 14 15 16 17 18 19 20 21 22 23 24 25 26 27 28 29 30 31 32 33 34 35 36 37 38 39 40 41 42 43 44 45 46 47 48 49 50
