993 2987
621 42 840 977 867 138 972 384 850 39 298 920 320 397 555 175 286 340 447 80 126 203 317 642 253 635 354 50 445 852 914 829 298 9 552 187 156 49 333 520 542 264 934 204 997 634 227 428 359 287 292 435 101 472 222 720 162 273 278 133 359 975 183 659 295 288 87 928 809 424 219 624 135 38 726 111 619 683 193 884 855 433 161 929 512 389 899 936 482 688 159 202 310 899 401 806 539 914 156 279 187 967 653 975 771 535 717 304 541 810 579 212 856 473 276 421 162 435 686 213 705 277 744 798 864 189 296 595 400 415 604 463 124 879 177 156 117 129 243 463 205 26 640 893 54 125 465 737 28 761 483 189 427 53 268 125 627 544 846 721 326 641 250 183 478 76 478 489 203 43 640 442 115 232 417 869 157 275 878 974 407 105 777 458 390 809 345 638 974 756 512 623 835 249 373 906 986 329 328 411 528 250 767 908 669 110 692 959 428 116 181 328 850 197 258 763 515 898 813 164 347 598 294 110 137 441 675 592 100 16 443 286 839 839 23 983 362 872 555 288 961 875 796 303 793 416 654 693 25 308 255 698 664 23 728 37 347 332 356 670 468 441 148 381 869 963 315 184 118 666 429 763 488 336 89 755 76 336 256 103 579 473 566 537 992 20 46 778 830 104 806 995 93 463 600 272 135 129 638 781 209 418 706 474 760 151 740 567 306 74 586 342 95 858 599 883 164 957 918 277 496 775 28 775 184 323 993 760 403 297 884 424 961 240 614 696 351 731 400 97 679 121 500 846 336 367 252 130 264 513 257 327 731 455 334 507 488 489 710 323 149 136 242 559 253 79 510 413 604 152 359 387 365 527 222 426 43 941 419 969 274 206 974 394 422 262 467 742 894 272 575 50 185 164 941 481 46 685 146 421 325 819 447 980 912 875 226 340 492 334 515 148 996 566 295 268 699 808 930 410 905 919 567 98 391 34 732 380 609 302 42 638 890 330 623 396 725 58 690 468 728 470 692 713 168 707 673 808 615 791 448 968 93 320 44 100 119 833 280 828 981 317 516 534 156 51 634 256 495 346 473 110 34 764 302 492 700 806 818 650 233 518 428 294 945 188 80 960 351 130 433 411 439 112 919 241 724 673 689 501 169 746 830 711 22 124 938 786 437 677 801 289 866 312 40 821 683 106 534 557 865 191 622 750 415 623 744 761 942 993 866 346 956 464 675 267 435 127 843 598 953 652 76 336 151 909 92 340 993 619 294 452 482 178 683 381 801 420 102 693 778 88 929 375 67 704 815 337 996 119 278 63 210 890 402 257 633 175 853 441 81 823 490 753 289 997 418 155 479 278 722 623 93 707 800 568 861 360 677 397 655 595 821 135 142 80 410 910 360 603 214 680 999 690 426 451 413 915 150 584 83 474 423 260 58 501 312 988 895 485 721 435 625 805 334 749 785 167 219 481 246 598 123 462 520 181 954 716 807 720 217 755 978 710 839 73 263 897 180 407 377 126 373 111 173 513 330 941 710 854 772 993 310 302 409 394 215 238 527 674 769 818 356 610 699 523 594 963 510 643 77 609 215 939 973 631 167 292 258 860 316 930 894 59 540 162 974 309 68 71 54 72 252 66 330 99 782 619 645 25 304 413 651 862 250 61 737 503 760 439 405 322 132 299 470 435 135 748 604 502 58 962 681 101 997 162 935 306 170 6 384 10 332 536 681 473 972 968 417 571 434 696 757 967 127 608 164 988 533 944 179 672 427 457 944 525 473 880 728 718 654 748 616 722 884 78 228 148 508 571 22 126 342 818 967 578 585 124 693 606 224 725 977 949 498 893 270 74 110 809 143 542 513 245 900 259 73 581 107 409 916 674 411 820 442 297 935 148 117 660 542 168 911 459 194 404 375 417 412 196 860 25 246 858 754 866 374 327 390 128 291 936 343 524 74 575 625 674 190 212 693 216 542 579 59 833 1 493 533 850 471 893 708 222 580 734 249 386 833 808 341 407 828 982 735 726 951 198 253 348 397 712 659 227 577 380 575 878 514 537 982 234 127 431 324 455 404 72 494 83 203 800 782 44 756 216 774 816 519 294 538 626 928 256 732 876 588 951 558 363 702 460 99 96 990 71 342 971 505 806 296 592 4 43 797 652 263 195 349 172 609 934 635 684 172 500 956 359 732 705 63 781 555 129 123 683 896 516 456 246 276 648 189 593 695 888 553 57 263 118 284 488 449 104 183 765 34 963 270 859 936 794 143 
998
826 54
153 418
363 42
168 245
94 720
164 64
733 55
259 9
189 344
358 286
347 135
251 69
183 397
432 49
706 147
879 721
293 85
613 438
185 345
192 304
728 64
361 79
200 316
762 458
846 614
106 257
895 25
546 594
330 140
946 370
326 119
732 220
186 261
15 219
845 466
56 688
895 527
209 124
600 279
214 59
697 14
297 44
501 149
228 340
882 274
491 153
100 28
536 226
756 384
928 386
589 59
746 114
59 31
716 34
322 99
674 149
187 229
775 916
785 193
118 12
788 31
724 773
409 114
720 11
743 168
646 168
96 216
370 106
316 239
728 315
375 128
730 146
502 593
548 225
98 584
801 186
562 24
818 25
755 637
848 65
495 266
747 922
82 157
620 222
955 2
636 669
703 99
403 359
112 181
282 16
229 55
335 550
216 645
217 425
644 339
887 595
788 61
588 24
412 106
334 12
752 7
801 221
276 594
671 120
963 131
737 75
55 195
502 335
246 219
762 314
859 45
532 132
487 36
905 200
253 193
543 47
990 572
901 629
127 81
428 60
767 132
726 59
969 115
786 61
350 80
371 104
546 619
299 374
759 375
164 90
465 74
791 13
729 70
241 22
989 259
777 103
954 476
820 183
257 120
343 301
153 129
592 87
655 319
834 44
122 28
233 591
798 55
414 291
877 46
246 147
479 466
3 331
334 34
705 17
442 242
874 129
622 347
302 398
762 567
781 490
580 136
963 508
324 280
97 284
292 927
197 216
608 394
565 63
942 3
392 22
549 770
418 114
332 66
128 273
410 185
560 428
864 102
554 57
307 658
734 29
510 509
946 470
325 128
221 321
729 305
774 45
514 37
632 95
454 212
960 635
686 312
537 245
437 216
711 18
414 36
849 251
575 13
672 893
495 352
374 7
247 289
402 614
234 469
777 385
590 202
584 352
37 133
143 559
71 120
101 1
849 223
256 19
529 837
414 165
569 558
162 587
136 30
623 115
248 687
264 293
936 69
855 39
453 81
843 178
242 198
249 23
535 376
784 363
946 645
211 53
382 131
958 291
864 72
174 213
336 152
811 131
356 368
426 21
877 152
755 633
589 382
370 104
349 165
827 881
124 679
135 123
807 205
362 55
816 107
128 262
405 392
563 419
630 365
458 655
841 50
870 101
749 101
949 203
404 310
355 105
588 98
765 98
651 155
841 62
861 678
530 541
592 406
292 426
181 357
527 653
606 16
219 53
657 61
497 521
66 135
627 31
443 463
146 97
174 179
157 129
296 1
500 236
548 247
305 14
504 285
424 26
729 217
434 59
87 193
26 414
517 24
742 710
150 427
148 251
209 219
561 280
629 210
339 374
687 575
175 332
587 271
290 87
542 621
739 539
115 17
142 4
119 646
49 152
729 438
747 850
209 268
843 174
62 710
908 36
764 337
470 38
272 743
78 66
655 254
736 412
306 17
23 234
7 812
166 14
683 27
778 515
16 104
615 238
591 147
361 77
838 402
874 148
561 420
666 361
114 227
359 229
296 250
235 21
896 254
792 98
550 79
504 159
29 223
482 327
167 393
454 165
234 527
726 20
713 125
41 185
366 16
431 19
351 151
141 128
739 365
92 171
776 184
688 321
490 13
18 188
53 90
713 51
517 609
196 534
306 40
467 419
927 548
862 33
482 486
584 130
919 391
983 239
535 305
400 235
681 677
163 6
548 327
750 2
928 628
638 142
321 278
500 250
752 9
422 680
462 12
74 13
456 51
906 188
690 601
675 2
804 718
846 52
537 144
115 194
292 114
609 54
805 298
922 400
235 5
558 260
553 81
751 258
207 197
796 91
783 27
384 182
45 923
110 91
744 47
484 102
890 157
706 122
290 89
29 48
754 443
492 205
768 15
468 194
565 30
226 20
74 3
51 220
379 352
553 153
747 81
234 264
44 59
971 265
465 56
868 101
895 443
91 62
555 44
585 42
39 275
340 30
766 148
755 679
419 422
570 16
26 553
330 199
741 15
4 613
449 503
759 26
561 620
922 598
14 168
12 579
383 274
941 83
632 262
264 212
445 150
92 122
170 14
412 117
969 224
529 540
637 488
303 275
254 2
624 153
152 159
275 7
46 415
568 269
823 363
202 116
450 309
950 97
440 292
429 507
514 307
125 553
693 44
972 58
556 380
655 444
631 612
634 334
360 241
51 269
612 162
606 75
907 337
399 54
291 560
547 73
552 56
291 133
918 153
633 45
413 656
466 3
599 609
156 22
70 413
568 47
166 12
149 11
139 5
373 284
404 164
38 23
275 36
350 147
121 105
928 897
913 501
829 9
798 92
605 127
350 23
296 79
81 308
915 321
449 197
887 533
468 225
313 30
862 40
113 666
151 188
432 565
723 184
921 182
458 829
467 608
489 158
504 672
177 53
836 395
737 119
296 258
61 339
104 862
265 466
34 4
51 125
144 285
85 240
21 115
630 103
854 111
64 266
363 51
496 124
877 144
926 60
650 299
213 810
265 412
683 146
275 64
539 175
870 767
582 466
968 483
266 149
719 116
438 41
731 266
736 161
382 136
143 18
413 67
343 224
516 30
505 13
29 371
645 91
623 176
806 98
967 590
395 807
410 1
593 14
501 157
824 279
74 12
47 171
117 26
787 9
417 98
145 19
97 350
585 205
405 223
249 8
354 454
651 58
406 433
478 378
780 686
610 466
570 70
848 80
700 635
102 19
128 276
800 458
602 47
99 97
794 66
310 43
960 419
836 229
407 63
833 432
757 549
244 87
983 234
8 75
676 132
206 63
252 509
178 15
974 297
584 211
950 145
613 42
599 451
405 616
517 183
135 90
623 159
604 43
81 207
631 619
694 861
395 835
899 280
701 248
636 697
513 277
266 322
806 659
43 761
248 671
570 118
975 4
434 259
125 559
285 434
365 52
689 174
545 51
558 352
869 130
283 286
103 454
468 132
421 680
472 80
854 126
643 18
708 134
543 49
364 191
437 669
922 338
942 398
478 667
731 277
837 171
379 38
836 144
860 17
972 265
306 67
845 277
781 108
744 63
717 778
298 80
509 5
695 548
228 155
883 334
374 154
828 20
960 432
915 575
54 171
35 475
172 110
971 51
351 219
450 65
797 520
150 566
2 32
652 215
530 688
916 207
578 122
675 336
297 77
197 38
462 91
220 35
760 99
351 107
135 170
549 441
844 565
221 187
157 619
348 109
327 798
333 806
435 216
755 566
282 194
888 169
27 286
110 679
289 338
356 415
707 712
895 155
692 500
492 66
274 117
279 118
43 340
764 933
395 157
259 228
790 428
504 334
768 806
925 284
392 38
252 365
782 500
747 272
783 208
533 504
530 599
346 74
844 42
288 408
410 238
836 401
183 216
943 3
345 74
938 263
697 44
883 440
789 269
936 61
347 103
518 26
745 241
471 88
967 110
78 486
984 54
857 235
381 124
965 55
63 21
815 114
758 320
455 16
843 124
819 106
615 202
677 3
758 205
637 300
676 125
484 150
668 134
319 590
519 177
791 19
280 83
146 12
880 599
343 158
231 111
691 49
323 1
763 468
673 90
605 110
147 338
134 671
112 96
289 151
686 447
960 340
839 192
461 495
928 392
248 254
896 239
876 104
286 4
102 277
386 11
111 23
647 650
798 114
134 573
919 289
298 122
33 227
788 1
754 40
421 600
516 751
659 7
48 24
4 338
805 285
209 397
482 193
932 445
929 1
434 264
568 173
663 357
73 77
299 493
513 43
154 10
352 101
720 17
811 52
257 7
411 211
552 86
790 85
275 54
461 465
122 5
39 302
932 133
425 390
309 141
350 82
463 410
879 513
528 652
66 88
320 172
82 357
72 310
642 441
16 44
977 22
303 532
371 104
627 232
177 151
909 40
404 746
569 121
374 195
414 99
993 117
886 189
933 85
787 66
251 109
853 107
638 34
231 150
558 44
495 186
458 397
206 24
747 622
142 14
883 381
280 62
669 420
817 52
54 260
182 96
28 24
3 68
418 356
384 222
436 391
800 558
936 47
150 671
358 433
434 273
805 435
492 28
826 288
908 62
398 111
862 168
217 377
304 229
113 203
751 139
454 315
948 106
932 148
214 12
21 11
980 72
634 350
914 42
593 84
742 384
639 5
434 291
939 225
643 17
328 393
961 36
371 11
36 90
480 394
238 381
308 427
762 635
791 19
88 216
977 21
265 302
315 593
542 101
75 38
294 64
975 255
678 222
76 14
170 6
759 179
895 272
548 39
399 82
548 337
500 135
646 111
774 453
284 227
855 72
672 776
42 63
491 165
751 58
541 510
506 48
960 30
243 243
40 492
689 436
43 712
764 215
563 927
927 398
133 90
943 1
444 410
60 80
410 40
231 39
63 174
729 689
43 283
312 132
26 33
167 407
39 36
929 554
730 332
803 815
648 122
700 689
764 294
755 340
325 10
765 85
627 201
703 789
561 247
83 37
318 873
581 59
112 62
540 39
559 43
685 387
438 53
489 270
