994 2990
334 601 529 997 63 878 651 872 328 368 26 802 990 349 489 548 178 655 219 519 371 529 370 46 501 473 588 446 915 760 893 567 856 801 586 253 325 698 861 797 438 421 923 880 440 288 274 612 481 759 69 736 176 260 857 757 71 367 439 405 501 461 658 346 802 439 442 497 796 859 45 422 48 392 931 117 687 483 841 297 148 217 231 134 792 764 918 738 75 683 773 299 749 930 140 630 903 379 669 78 226 669 869 535 880 181 754 385 58 621 865 436 716 518 44 55 628 54 131 669 89 360 427 695 563 3 47 435 44 192 626 960 703 280 178 728 933 332 10 510 871 834 505 777 708 836 502 54 443 175 578 52 923 737 714 620 564 713 347 191 825 446 152 571 48 274 761 20 585 315 976 91 51 187 854 358 556 75 9 286 344 772 348 541 543 546 28 846 51 866 855 726 231 951 897 269 445 690 806 670 167 586 765 590 452 595 547 804 68 916 784 364 545 173 963 382 394 711 129 942 998 848 32 94 518 285 415 438 774 585 695 297 105 746 799 425 460 685 583 51 694 866 488 436 650 437 107 642 367 959 167 155 298 927 401 29 864 280 129 294 688 262 7 475 80 254 194 784 836 990 903 135 435 537 628 881 106 842 176 695 496 336 197 276 792 389 793 830 731 344 229 786 407 451 314 243 255 766 359 304 502 132 169 998 233 917 747 42 6 399 458 369 549 990 287 653 345 510 868 226 362 269 933 192 531 920 576 868 25 909 157 195 371 336 683 835 666 257 549 545 677 333 747 848 55 192 568 337 443 79 234 264 416 452 593 961 157 684 665 96 86 525 46 947 74 384 508 617 825 212 738 188 3 268 712 197 50 886 800 940 829 29 512 672 815 63 529 806 168 988 438 214 982 769 777 42 389 121 570 873 214 250 293 414 308 888 534 829 573 72 656 508 608 454 964 876 624 11 734 16 817 298 938 239 845 541 745 708 738 753 223 434 23 380 937 717 866 866 80 176 206 166 77 29 334 36 161 784 295 863 109 564 260 275 744 733 53 524 563 390 848 572 848 897 443 553 43 48 774 122 488 813 707 120 7 505 351 834 224 664 969 401 289 951 292 177 976 772 478 455 203 56 170 913 67 806 399 329 165 57 785 580 298 632 364 319 731 671 638 472 108 179 5 340 545 264 716 9 572 687 399 883 64 880 703 659 388 970 1 385 611 256 115 441 566 505 211 373 60 435 516 846 193 187 58 179 157 25 763 696 289 259 430 790 703 419 103 236 561 794 197 17 928 844 473 618 29 247 127 435 963 622 71 446 384 164 390 523 488 464 510 201 432 378 893 623 895 686 673 674 173 242 626 65 235 815 789 931 79 968 222 827 203 71 133 400 661 577 915 165 22 614 236 809 737 264 539 495 964 121 661 547 225 203 124 417 657 346 644 592 779 265 458 307 343 43 765 760 252 262 332 549 927 850 241 551 989 109 473 739 578 754 526 312 724 773 831 217 84 989 686 207 24 242 142 637 78 762 17 991 512 116 953 18 98 839 545 844 250 15 1000 103 507 537 888 441 491 877 828 533 637 479 538 742 623 17 270 526 923 24 695 169 383 244 518 47 3 633 390 947 29 987 271 705 859 556 347 747 396 836 868 770 23 623 980 152 216 320 924 137 120 784 495 346 528 796 334 805 235 313 634 141 104 335 621 206 573 755 929 27 527 936 300 882 191 120 197 237 245 789 937 757 767 593 131 670 875 242 801 412 612 368 392 540 471 503 19 568 4 846 74 303 977 38 720 91 388 578 48 968 637 221 973 866 788 202 836 751 53 115 899 939 296 879 966 681 687 460 334 944 603 384 791 698 257 43 114 591 656 523 682 782 332 341 210 803 781 144 343 431 43 382 993 73 852 460 618 141 979 884 326 259 435 535 170 98 804 670 199 610 879 601 341 460 738 574 372 401 499 51 308 850 868 877 692 816 287 461 260 652 316 620 720 212 374 499 231 646 485 236 679 487 167 653 470 233 864 752 987 601 434 862 317 768 802 44 655 211 688 848 197 974 655 276 440 334 10 253 444 919 81 2 594 918 632 403 864 130 599 14 756 632 72 791 223 571 736 132 680 841 867 740 700 7 561 799 655 580 586 965 819 740 928 488 444 962 541 212 3 267 576 459 957 199 198 238 163 137 988 435 631 269 401 98 166 507 868 834 101 536 118 419 889 646 555 888 53 419 861 941 44 888 463 926 34 204 766 620 534 308 878 412 329 150 
991
252 53
934 2
113 150
724 178
787 7
239 299
855 371
892 228
172 77
336 514
323 759
744 96
445 17
141 342
893 303
973 150
309 5
840 879
117 452
461 699
870 55
93 74
869 168
165 33
389 92
882 25
308 42
549 100
168 10
394 472
330 520
787 123
835 383
977 48
414 178
116 26
99 189
737 126
113 600
610 74
663 19
385 399
919 120
75 408
962 159
348 221
944 200
289 300
212 133
916 332
756 94
470 100
193 128
386 43
990 56
931 294
833 557
869 237
826 420
238 583
634 35
655 184
518 8
199 110
899 546
505 347
54 22
621 452
317 302
242 699
644 314
952 346
154 685
233 12
179 7
838 118
867 189
223 26
188 616
272 16
33 294
333 79
969 85
502 6
393 951
463 615
304 405
708 258
164 386
613 78
385 474
210 163
594 6
529 1
205 246
727 116
51 21
281 170
823 24
389 136
648 2
650 295
993 284
969 70
437 291
491 63
509 512
909 156
804 856
521 236
44 660
788 301
374 14
174 89
487 499
399 446
768 212
324 192
94 247
549 590
492 10
805 248
499 130
889 881
42 131
753 25
228 72
254 817
698 429
275 428
44 127
423 58
902 452
254 814
221 745
842 144
950 26
298 48
795 169
339 225
473 362
645 154
800 19
867 74
724 45
263 1
805 943
145 143
852 76
941 125
547 61
958 134
619 582
493 85
994 55
588 383
365 46
769 658
828 127
13 274
731 12
458 381
239 124
469 22
803 142
462 97
254 406
266 72
839 743
212 343
606 305
851 302
887 856
631 226
229 159
270 602
613 94
986 110
451 37
797 183
316 543
419 450
844 75
951 167
555 567
463 75
541 305
123 165
969 69
960 399
115 39
108 246
761 51
199 279
481 306
655 358
278 561
696 5
834 54
99 601
748 478
106 53
279 89
333 24
786 54
595 41
685 576
818 175
539 50
639 20
580 366
870 298
333 151
100 4
151 280
929 637
535 35
739 224
662 95
436 617
203 730
10 269
801 69
426 43
894 56
492 11
736 261
860 3
613 61
262 191
342 272
368 90
482 358
438 240
994 126
914 316
356 601
938 531
566 412
87 264
989 254
59 133
123 82
260 22
75 57
667 1
814 373
652 608
345 13
276 220
386 13
320 41
619 940
69 97
108 280
57 54
131 372
18 72
943 404
920 13
794 674
723 8
959 553
433 21
724 271
694 190
14 287
827 539
955 153
852 378
87 146
652 47
450 744
101 36
293 89
304 6
223 27
676 566
917 35
454 77
858 396
932 572
537 175
553 191
309 3
569 101
621 45
728 276
217 155
123 222
988 392
416 475
766 118
417 132
446 2
109 33
39 344
818 60
900 392
274 482
514 313
208 211
546 42
776 201
712 230
16 301
239 69
726 47
440 75
629 65
202 437
378 72
387 206
243 172
984 316
265 65
119 54
306 358
800 36
958 23
46 229
418 7
595 174
826 562
842 135
353 99
197 227
305 169
488 607
552 259
945 381
170 212
904 4
465 3
987 594
38 7
764 566
946 744
508 250
734 265
363 13
218 273
639 222
217 176
135 128
97 32
16 208
658 186
598 633
718 228
184 411
21 350
764 34
511 71
147 313
109 47
797 413
404 32
442 132
197 38
240 50
935 407
256 13
117 315
398 78
130 191
32 296
881 212
749 591
578 159
507 582
336 184
594 29
419 399
884 541
773 38
265 47
318 171
837 21
605 86
737 183
476 60
24 19
238 16
786 49
910 650
169 365
850 265
102 124
468 34
303 127
407 115
715 310
533 9
171 713
369 373
357 19
355 213
449 95
174 14
46 151
195 446
847 710
178 41
751 240
93 250
280 425
336 13
389 8
698 253
457 33
507 680
806 519
402 162
146 66
497 20
171 733
271 196
783 609
300 221
697 162
352 31
990 181
628 118
124 604
168 6
743 64
177 160
848 537
91 651
351 46
892 194
829 303
802 64
707 2
190 417
139 6
899 576
44 243
279 8
647 392
312 287
805 52
363 42
716 439
244 386
113 497
730 119
816 22
462 18
137 524
445 248
478 433
775 360
34 366
872 367
662 140
26 205
747 266
607 259
458 465
519 212
364 137
922 532
651 490
899 578
401 42
608 348
198 341
393 763
203 211
388 242
80 196
808 44
507 657
714 418
144 639
304 444
113 317
103 31
402 139
817 68
427 204
753 139
489 449
390 338
651 462
420 3
506 303
697 179
472 474
815 89
574 214
634 99
739 193
897 556
323 875
835 436
513 2
812 154
172 83
666 487
573 38
196 259
362 99
449 86
676 261
960 169
313 71
832 206
726 46
768 171
749 205
242 866
681 497
338 65
568 193
79 278
84 98
442 148
806 546
987 326
388 557
891 388
339 199
139 6
916 253
320 206
36 169
151 95
509 282
228 308
58 344
636 16
103 434
355 342
397 313
393 649
81 54
34 732
685 22
524 712
972 86
622 379
682 93
451 45
392 25
657 772
222 405
956 117
332 93
675 16
148 49
514 127
733 7
519 537
377 37
987 163
75 780
361 46
326 266
898 176
17 8
694 581
282 37
862 759
216 298
933 69
846 95
323 562
134 53
502 537
799 9
661 608
463 642
547 4
108 270
687 366
454 84
592 171
128 67
666 418
900 265
835 830
258 136
874 153
679 86
452 392
332 6
536 252
732 658
70 407
662 104
151 372
868 352
705 507
97 47
174 41
265 6
496 448
665 48
854 273
379 463
632 126
642 379
641 4
122 118
891 192
806 269
941 386
456 318
106 94
277 19
70 775
515 207
534 394
458 238
826 540
537 33
364 145
36 196
367 205
949 1
507 353
174 154
100 53
925 88
74 114
638 531
499 24
781 10
960 355
830 73
892 718
337 516
29 652
416 119
585 414
621 24
704 58
653 106
149 40
344 740
8 239
649 301
810 421
788 389
332 194
283 99
344 322
424 65
958 127
449 229
374 214
148 53
57 40
850 174
943 185
543 21
206 194
318 291
392 88
664 163
491 197
89 43
314 439
182 579
944 359
600 254
298 445
346 151
945 15
321 347
483 64
705 403
221 426
916 350
468 31
306 820
664 91
502 290
55 699
24 33
935 91
435 518
744 46
768 33
853 306
68 33
624 75
345 26
603 202
445 25
920 10
261 570
374 116
388 131
856 219
22 496
44 541
324 76
953 876
90 119
265 27
24 27
292 227
295 112
336 504
339 417
590 104
651 30
659 68
221 301
36 34
396 13
128 419
668 577
533 67
364 790
250 273
80 53
938 180
816 18
129 11
646 472
202 566
784 26
817 49
796 84
907 1
589 424
210 554
420 6
206 32
405 262
808 200
578 144
875 108
32 343
131 365
381 616
898 58
713 49
25 430
186 253
77 497
652 355
494 289
768 24
240 15
924 13
13 495
45 406
292 720
141 532
281 158
512 133
728 286
916 19
175 521
66 379
523 1
834 45
530 28
767 506
419 59
831 27
803 284
795 667
54 64
196 5
459 259
183 265
962 266
213 116
980 183
675 84
375 304
780 820
814 504
628 32
70 563
123 336
785 627
250 879
82 64
46 259
249 313
326 150
30 172
288 544
618 145
956 86
242 549
374 193
418 3
786 58
637 712
805 16
173 46
211 386
218 485
166 141
403 150
258 182
925 200
229 374
375 326
855 569
290 234
955 34
974 280
299 55
36 252
830 35
220 686
361 24
249 183
341 433
101 30
690 160
823 259
623 3
159 48
123 131
474 94
634 236
399 321
831 38
276 57
381 94
602 74
367 341
833 477
271 414
601 54
109 49
453 130
408 281
608 340
465 267
212 111
256 23
549 233
342 317
289 354
15 294
662 124
699 428
523 11
474 85
864 329
35 358
175 132
670 178
716 304
112 34
877 170
93 716
419 660
994 123
480 68
726 41
715 337
593 533
741 63
184 199
374 220
467 3
368 244
74 320
79 380
276 605
364 670
268 106
851 297
221 523
1 218
97 849
223 29
169 109
116 53
542 574
429 265
65 389
799 12
858 135
418 9
573 64
86 95
520 525
706 12
40 211
482 222
74 306
932 73
332 84
177 2
973 719
349 81
437 176
757 106
841 315
681 448
268 158
676 573
769 761
275 154
511 104
280 645
539 3
238 357
393 941
477 67
411 205
561 154
423 511
702 43
892 20
539 58
268 155
599 64
599 14
12 286
824 103
341 173
516 178
252 78
994 136
169 136
772 64
163 125
292 261
413 192
108 217
891 206
784 3
735 175
892 561
669 16
92 215
855 327
378 584
36 195
782 216
791 433
97 405
99 329
914 680
764 220
594 62
96 77
395 12
771 527
554 659
577 249
879 132
929 357
343 348
613 159
650 443
936 338
474 109
26 338
350 73
736 794
180 246
46 149
929 218
574 161
221 304
735 483
488 673
864 419
262 173
16 485
887 681
791 435
283 149
406 702
68 60
343 99
728 178
508 290
967 135
505 324
115 44
358 178
588 50
903 12
702 93
