991 2985
154 746 751 691 977 143 842 418 473 952 502 863 121 360 676 535 700 556 792 595 289 269 727 231 242 357 722 811 554 117 601 707 990 470 3 549 692 696 76 409 705 17 253 87 704 238 442 990 257 86 859 222 968 345 152 180 556 871 151 947 949 50 865 891 416 268 980 589 124 489 476 701 143 58 38 231 986 371 909 815 200 906 123 273 704 143 168 822 552 284 226 798 533 896 238 411 30 190 174 10 664 973 388 297 380 155 575 269 316 406 135 132 183 23 545 505 811 320 445 253 938 476 493 754 96 268 502 460 314 792 291 936 312 624 448 691 38 149 501 884 371 74 746 73 823 910 841 994 734 834 81 916 694 530 560 78 500 631 228 173 237 729 29 899 841 333 779 333 626 831 165 978 248 145 134 234 173 642 621 96 705 84 599 323 346 98 791 951 467 139 524 235 950 293 345 928 631 439 9 600 173 544 180 833 480 6 850 70 234 520 929 395 871 498 863 587 317 273 734 16 584 957 291 755 166 279 276 281 275 596 28 939 368 941 39 775 205 439 744 142 177 761 230 271 215 459 883 292 361 476 255 529 211 222 289 653 315 314 673 314 689 901 931 391 150 207 647 100 968 492 477 74 905 707 719 457 641 847 164 734 374 304 815 685 190 373 949 962 510 561 840 524 629 160 573 833 339 757 375 355 129 903 131 56 242 490 961 399 203 607 497 467 664 528 60 37 892 93 963 450 399 921 55 225 33 795 651 415 813 570 785 359 444 243 582 788 168 957 451 664 54 58 985 158 525 783 814 948 887 503 691 436 671 130 987 293 763 761 411 57 740 573 80 975 485 827 319 262 264 542 865 371 311 562 478 279 968 584 320 995 371 958 632 67 818 1 38 436 86 900 624 970 491 243 371 60 311 338 229 304 197 749 635 705 68 440 192 813 230 143 733 844 715 809 512 189 357 28 203 960 220 642 477 221 886 272 984 46 516 862 988 68 274 764 54 127 197 38 36 247 361 585 1 598 632 863 640 124 222 371 409 357 105 956 111 614 995 445 987 15 322 836 298 738 353 410 846 345 620 609 497 415 229 532 698 743 213 383 434 447 746 876 820 734 88 571 961 468 640 226 500 606 900 287 126 830 429 601 873 729 545 479 566 863 702 12 205 825 276 326 567 354 15 444 863 647 314 746 945 603 937 450 4 800 336 327 211 255 754 818 951 542 468 428 315 482 102 730 632 982 810 483 913 127 399 899 618 465 946 994 844 970 886 125 630 548 764 129 842 69 667 572 950 449 534 226 391 171 529 826 427 480 569 234 366 713 189 365 827 235 957 200 687 946 729 26 597 210 699 114 639 50 766 307 484 430 871 441 260 934 657 273 173 377 12 645 900 950 443 233 523 471 455 642 43 215 638 639 802 993 748 831 667 371 322 313 709 832 984 991 973 735 578 80 881 793 682 972 111 907 225 842 887 617 42 134 144 661 558 270 701 419 949 248 868 322 175 246 316 378 704 290 541 759 107 430 549 102 744 76 842 583 966 983 281 363 21 49 518 711 357 350 896 66 470 361 999 671 523 997 862 591 945 186 349 476 40 893 49 761 761 153 860 781 70 889 46 899 469 84 804 187 891 669 561 715 168 830 182 308 69 289 846 767 36 417 23 184 7 132 766 808 137 361 710 640 112 562 99 530 504 437 949 695 626 734 599 304 210 15 67 261 275 256 391 184 971 307 925 642 853 507 891 940 241 165 130 478 45 275 305 479 596 84 799 253 787 560 776 667 985 401 887 440 300 795 374 887 567 920 773 148 702 709 550 956 475 190 7 161 127 777 964 850 733 675 489 247 240 512 250 496 516 77 277 693 890 746 115 739 593 383 490 519 671 882 500 812 71 531 682 35 335 199 270 48 380 112 683 525 526 432 97 433 356 175 326 358 60 823 945 478 297 698 496 769 175 418 485 332 495 427 581 710 826 751 345 548 445 61 129 782 349 896 753 591 901 542 682 406 649 172 554 657 422 661 564 248 648 914 935 280 884 755 495 883 380 141 561 885 722 595 637 529 490 892 520 105 213 225 844 959 469 807 337 960 339 391 54 877 217 763 810 264 253 951 615 135 797 108 829 816 985 356 157 965 213 427 719 215 608 946 585 755 808 897 95 925 756 449 614 456 135 215 142 822 545 412 812 913 426 59 555 223 253 755 423 222 533 661 707 798 93 683 204 497 588 800 334 6 779 67 210 419 774 384 448 592 669 568 87 
997
565 101
336 710
74 23
187 485
269 554
615 43
336 231
600 546
482 375
703 574
826 750
64 257
24 11
946 472
380 387
799 2
696 335
322 657
886 473
861 436
218 53
610 117
449 215
150 40
189 451
103 41
321 246
630 866
177 115
658 171
669 21
698 400
656 18
148 87
775 215
756 51
309 162
244 64
443 1
24 6
495 70
914 111
99 26
25 34
733 13
449 118
955 132
843 18
40 326
722 62
716 234
223 206
885 195
137 28
783 622
238 80
12 205
877 791
265 87
668 55
607 536
561 544
701 706
880 257
751 19
915 51
933 322
4 545
603 91
268 82
322 677
484 293
359 263
701 555
516 354
476 493
714 377
896 830
750 6
929 238
200 221
586 17
564 244
767 119
148 113
731 654
385 380
736 498
597 696
940 56
439 1
835 173
877 201
741 411
544 47
292 55
88 17
191 369
220 3
652 249
690 886
353 548
332 71
206 3
913 78
604 167
895 381
55 6
976 374
519 832
488 331
501 490
588 194
175 104
282 116
331 696
928 51
706 338
554 117
956 334
374 424
299 322
597 239
399 214
496 83
425 753
743 839
65 17
82 618
693 718
832 11
186 68
232 405
692 73
582 183
203 14
953 112
301 23
401 167
595 369
599 151
893 477
745 167
956 139
192 118
335 199
916 165
672 10
2 76
307 188
829 12
265 49
83 40
345 280
659 46
450 52
536 356
441 310
172 535
487 166
359 138
169 90
206 1
919 39
253 62
909 66
502 395
48 113
70 265
260 92
377 727
80 555
132 216
27 621
812 300
122 344
227 35
210 175
226 242
348 140
618 423
984 194
464 331
981 371
777 21
148 921
750 14
177 160
40 407
864 525
619 134
390 377
151 71
365 44
245 124
413 507
862 166
700 557
44 33
832 4
258 311
801 51
225 12
548 378
741 467
402 687
879 514
912 566
901 279
827 98
630 186
116 358
772 289
88 233
709 58
190 137
569 406
336 428
15 88
158 240
621 626
632 48
736 410
476 330
433 194
435 3
533 267
946 139
600 431
225 7
461 304
95 156
557 618
424 177
475 96
125 90
6 117
411 708
104 157
80 78
383 159
607 537
456 436
895 110
178 430
226 21
483 175
133 104
745 382
184 177
669 718
409 166
952 424
604 140
97 5
556 68
343 105
662 114
708 522
18 224
583 291
63 342
599 107
681 240
26 81
582 15
472 338
69 4
707 18
841 92
337 49
443 1
883 83
443 1
14 38
465 235
405 27
508 160
961 190
901 16
52 110
989 595
138 105
883 29
793 396
684 43
924 58
904 432
690 577
505 259
168 103
582 180
798 181
882 144
510 189
702 75
283 216
908 31
560 16
89 381
454 386
831 31
293 416
78 147
730 102
776 249
498 493
321 231
367 313
7 793
94 891
179 462
350 191
48 273
370 197
569 352
401 170
802 452
399 228
867 290
960 39
588 2
465 195
754 186
983 57
160 27
390 257
90 58
443 1
985 189
190 36
250 177
49 112
735 660
2 181
781 22
225 8
845 42
720 186
137 1
952 161
969 520
311 21
819 66
838 106
43 244
548 7
579 788
356 204
878 53
328 13
492 472
197 90
472 401
59 141
754 149
154 402
639 41
306 71
23 225
504 394
428 21
158 178
793 622
270 313
458 368
725 23
798 36
799 6
831 565
77 395
267 370
835 42
572 450
354 38
581 370
977 95
50 40
414 132
298 604
474 305
85 671
824 499
645 11
199 4
320 206
478 341
808 133
185 282
989 98
27 42
642 609
218 192
53 325
748 103
471 237
968 16
159 204
710 53
400 93
48 820
329 549
743 606
600 460
195 267
910 55
31 206
399 40
253 70
678 17
877 759
858 234
291 752
790 533
700 694
809 175
925 116
688 439
295 47
626 278
432 5
287 854
394 189
863 258
50 30
571 16
91 48
205 253
562 96
671 815
506 10
524 343
882 162
740 485
260 110
168 119
561 641
925 56
603 167
489 256
25 218
244 27
211 349
402 334
509 239
543 506
828 542
87 143
391 608
60 363
894 578
939 167
162 15
734 34
108 32
405 9
75 32
745 282
757 352
954 10
68 472
63 630
566 21
340 179
152 352
809 138
406 299
103 49
409 60
226 143
892 36
367 74
524 439
528 192
130 354
142 72
391 87
284 262
347 234
573 240
277 256
476 464
338 644
55 144
297 292
290 147
286 352
25 70
56 111
678 38
969 451
314 412
796 75
896 526
330 85
401 22
820 37
382 196
704 537
613 412
401 118
269 844
925 125
901 53
913 199
396 24
543 599
165 793
118 218
883 525
616 29
300 116
581 126
462 449
211 846
184 266
317 696
660 88
171 70
80 735
692 243
395 196
874 11
461 217
837 127
931 404
436 62
398 166
620 126
121 756
846 37
658 201
833 55
823 361
796 290
625 247
135 7
259 294
921 176
577 32
213 651
318 38
217 96
643 410
711 131
676 162
946 456
481 508
509 82
152 554
860 300
843 58
2 730
269 737
278 553
961 350
283 247
686 255
29 285
792 41
520 275
293 516
218 130
92 548
989 12
870 37
464 64
582 137
173 66
84 206
107 95
377 387
225 63
760 251
990 2
330 17
206 2
463 79
954 153
774 78
956 778
326 764
361 1
323 5
109 291
646 62
220 11
759 45
902 131
457 473
165 589
479 310
426 7
280 156
753 1
76 171
314 201
412 559
248 2
133 222
508 329
739 17
215 681
663 39
459 750
886 659
716 334
401 123
133 285
859 377
775 89
439 23
116 91
866 396
4 668
973 4
147 525
323 12
188 826
192 40
192 104
323 3
807 313
420 694
665 14
382 124
318 79
125 3
330 551
765 176
796 809
543 354
384 48
914 356
863 542
282 131
514 232
180 92
192 104
862 420
578 315
96 407
894 79
723 425
21 87
103 229
387 13
543 865
988 572
413 204
201 109
825 570
781 171
518 262
269 709
708 871
761 203
286 68
63 861
868 18
699 4
493 110
739 79
276 388
756 153
347 538
203 8
640 789
174 57
801 114
963 113
771 133
605 5
7 326
882 161
70 168
102 132
462 151
802 448
143 437
978 360
804 134
172 165
684 50
652 272
558 30
362 86
880 242
368 30
602 23
785 255
243 211
579 800
812 91
222 635
251 60
299 20
310 100
477 204
747 26
712 30
858 405
245 200
619 53
521 487
448 99
62 28
964 126
351 213
975 146
983 80
878 226
304 20
498 137
104 44
836 27
497 2
93 380
888 115
928 123
662 230
474 191
533 352
931 443
110 312
508 529
463 107
931 746
149 725
119 84
716 548
787 258
208 13
320 134
662 208
333 294
190 6
99 39
650 153
973 90
465 119
782 211
355 423
921 17
648 171
22 25
349 501
475 236
162 281
496 201
76 91
614 211
154 334
704 547
641 165
509 62
794 103
467 119
943 84
952 64
2 285
350 209
887 244
874 8
786 339
136 283
804 395
491 220
194 134
340 443
890 676
730 110
114 9
611 378
89 526
559 803
626 52
579 730
391 152
736 279
89 40
947 10
422 393
880 388
750 8
113 179
456 252
610 22
762 428
653 163
955 139
600 436
411 486
280 397
238 438
732 771
632 684
581 240
327 292
448 37
858 54
442 8
705 22
945 730
162 347
528 199
167 528
988 349
49 90
172 827
566 174
768 3
186 11
389 66
931 744
817 480
990 273
54 320
719 10
497 77
516 273
468 274
294 127
398 329
400 22
464 191
510 309
536 46
148 545
243 174
124 511
700 705
59 5
890 97
700 394
694 150
33 253
550 309
186 74
527 23
541 642
814 69
178 410
770 189
547 302
358 562
423 100
392 908
250 277
682 281
975 107
452 20
900 827
557 712
568 81
910 94
497 165
842 415
838 11
509 218
648 103
207 831
354 124
88 664
470 249
978 395
630 531
838 89
819 98
682 261
496 635
784 380
586 15
163 10
958 263
6 124
335 266
307 493
70 446
785 207
7 545
249 169
6 44
385 368
792 39
711 117
523 3
158 425
169 133
506 11
33 689
192 108
118 82
413 220
722 135
283 140
880 112
488 343
248 141
131 40
774 17
118 80
737 30
642 40
733 118
59 52
323 12
979 292
6 112
787 205
886 88
895 397
618 326
244 166
811 192
77 214
436 93
216 433
761 222
982 50
608 695
75 37
609 161
141 236
965 191
148 686
615 30
574 51
316 7
7 433
222 822
177 31
131 27
385 384
455 96
358 383
356 217
182 59
560 49
30 66
152 218
768 171
621 408
152 715
244 172
586 16
451 206
541 764
624 239
150 531
450 259
349 238
722 81
669 201
357 343
264 347
88 256
836 36
745 582
522 236
33 321
759 36
492 7
18 66
351 571
221 466
264 242
852 62
191 520
767 126
193 909
623 496
41 443
508 761
905 14
356 215
780 315
100 3
184 64
672 212
256 579
794 85
146 415
901 596
990 301
588 26
493 106
774 31
505 652
415 416
809 224
179 109
632 587
962 55
405 22
59 85
781 926
