991 2987
360 832 832 943 513 343 50 855 592 52 646 217 319 627 609 863 466 244 626 924 866 17 775 410 363 42 643 840 609 722 461 387 999 196 787 742 813 500 557 216 644 17 95 626 929 284 371 2 15 963 438 86 722 679 607 803 31 640 61 165 886 114 66 443 251 795 977 222 318 68 839 31 446 911 857 116 450 758 738 758 667 524 952 722 134 274 484 586 366 940 834 348 790 964 474 335 407 864 596 47 446 400 551 145 264 772 279 233 346 866 93 8 518 429 682 525 215 240 459 394 596 730 302 792 373 859 370 55 563 110 481 138 105 614 987 293 429 264 11 616 963 109 545 374 414 767 870 344 72 710 436 754 329 802 235 74 974 353 615 206 354 783 515 229 573 182 949 684 860 969 937 354 353 181 768 133 849 910 774 891 947 507 695 178 546 174 330 433 444 542 850 216 732 231 536 554 557 892 171 402 11 64 426 993 203 672 215 889 238 138 61 938 807 832 338 660 689 151 252 554 48 276 275 136 544 913 742 267 599 813 777 934 405 134 217 28 261 945 504 249 351 773 985 465 828 822 851 385 3 427 539 535 598 438 101 210 954 176 281 711 612 361 528 164 586 743 997 144 621 475 151 616 6 481 608 445 483 228 18 123 749 636 499 820 50 386 502 169 92 427 837 454 110 127 871 258 121 892 162 132 217 906 464 571 910 470 643 392 699 612 890 818 813 293 34 58 931 272 482 194 888 14 706 926 332 514 491 422 600 959 2 10 915 429 530 264 675 161 544 320 68 658 298 166 74 952 904 605 133 354 910 124 124 57 717 440 65 288 189 416 717 47 179 323 498 252 353 377 162 539 650 834 559 399 265 458 637 147 424 306 972 438 890 834 10 702 262 250 783 833 144 755 58 713 367 893 966 295 938 662 17 94 654 731 69 518 431 317 809 877 999 35 882 946 979 477 942 571 79 131 533 533 874 294 370 308 550 23 35 977 243 294 239 395 760 24 380 880 751 292 731 148 174 573 540 730 427 587 65 791 519 764 187 388 20 682 206 757 639 174 722 345 369 342 735 199 663 624 11 274 874 358 339 591 177 510 63 630 411 334 287 77 595 422 183 339 259 651 574 802 67 516 681 179 45 344 168 565 884 231 55 772 934 33 237 621 22 991 213 632 758 991 145 707 466 782 871 206 564 931 560 591 627 212 806 157 46 976 799 77 159 71 172 302 661 452 999 229 971 371 858 755 509 101 359 191 92 272 350 629 79 338 310 212 446 28 116 805 509 957 125 599 29 688 395 389 425 664 710 935 100 831 835 397 208 910 976 976 238 283 591 903 715 134 781 517 592 674 599 523 89 298 768 261 443 124 267 126 936 527 152 125 806 335 480 798 59 318 710 566 769 714 117 551 264 503 499 945 973 914 20 325 935 279 464 175 158 343 594 533 351 9 384 997 257 40 648 548 713 968 337 268 353 789 801 156 406 75 462 552 881 764 268 388 465 872 299 585 30 393 546 304 689 541 384 935 649 783 400 947 587 462 450 490 781 752 95 675 540 799 544 919 432 365 716 523 266 249 984 943 875 384 963 326 645 426 479 761 56 2 957 943 675 995 913 720 61 159 320 507 359 516 153 168 914 359 376 68 937 89 634 946 416 820 770 552 783 321 684 263 828 347 833 692 513 584 916 203 17 500 423 67 246 457 121 998 673 717 454 365 634 527 80 72 567 278 492 745 756 391 538 578 461 544 547 668 928 236 743 840 547 581 842 459 904 12 695 178 392 981 543 772 944 530 272 232 444 347 188 124 195 974 406 1 163 175 787 742 812 414 541 266 324 720 822 496 893 487 422 151 459 288 537 367 683 487 695 229 359 819 695 461 113 803 793 699 381 870 299 137 514 186 311 846 889 878 145 456 326 89 209 47 168 50 397 897 67 457 988 790 11 447 314 420 190 379 844 856 552 579 50 601 575 807 543 571 222 877 494 233 31 817 585 368 272 274 613 817 831 413 253 816 83 15 201 451 891 634 956 76 179 715 266 135 158 717 710 750 289 954 246 829 504 503 479 848 669 715 189 514 629 450 823 109 947 356 397 199 740 197 954 565 216 96 575 374 386 745 107 546 675 848 709 521 277 402 81 567 357 988 979 378 30 974 431 905 14 381 154 101 912 855 611 552 48 402 589 533 485 753 40 436 678 936 783 814 581 360 192 552 551 575 468 523 367 529 427 842 196 941 319 762 71 345 183 325 53 451 947 360 430 
999
353 2
491 17
691 122
146 373
16 707
760 181
354 41
429 30
230 361
239 415
814 207
736 42
604 46
19 337
277 263
168 284
934 395
630 327
45 171
585 410
191 799
165 13
74 630
220 392
613 27
132 95
987 9
778 67
967 322
762 132
377 265
15 283
479 270
247 52
189 147
69 257
174 79
57 30
438 754
966 546
673 200
652 693
343 215
593 93
424 10
684 37
906 69
435 226
56 549
119 128
1 333
712 507
323 410
304 160
375 265
481 241
650 114
797 335
592 108
190 172
843 67
638 448
327 483
22 10
749 290
223 231
201 10
71 300
943 19
662 85
346 353
771 470
553 241
399 644
136 45
756 80
832 85
825 504
596 109
241 72
737 137
981 101
114 423
717 298
734 298
805 798
193 194
503 252
349 105
835 529
254 62
299 40
790 20
717 302
847 9
787 6
627 97
807 679
926 158
774 313
899 227
136 130
516 673
149 19
208 519
980 23
202 53
557 47
400 234
264 4
111 6
131 397
745 23
619 698
112 6
168 27
588 322
985 94
310 60
880 57
615 86
800 376
835 829
489 373
227 483
307 54
363 54
682 901
825 218
94 407
515 155
380 79
76 107
285 48
873 548
158 126
71 147
736 580
970 239
548 107
519 209
50 9
775 718
534 235
190 154
721 23
141 370
712 467
30 93
448 548
843 111
377 74
225 202
512 982
746 482
986 271
719 677
222 168
117 42
206 642
960 714
230 708
295 288
505 193
986 206
894 111
223 237
392 322
961 13
805 706
630 246
571 82
626 109
851 10
826 249
237 91
33 395
42 8
64 7
610 289
235 124
832 136
181 63
390 262
695 601
11 34
437 160
209 198
788 55
644 602
656 484
453 37
906 143
149 72
421 424
438 184
619 284
601 9
408 33
938 545
940 159
947 8
6 29
320 60
488 646
832 102
246 546
891 49
135 918
934 517
166 123
796 106
193 306
577 309
303 34
366 148
748 351
638 187
682 400
296 209
524 168
457 109
808 171
797 626
107 134
127 363
185 518
986 148
130 57
125 224
720 51
670 675
67 110
152 533
140 238
455 5
557 27
452 149
399 46
757 325
483 181
777 133
532 8
366 30
292 268
303 47
396 750
482 26
578 95
880 168
497 124
544 42
275 72
600 95
534 256
935 248
225 44
880 401
328 206
788 275
776 4
569 306
881 64
52 51
271 6
359 21
213 687
224 72
158 109
931 420
636 25
773 270
827 249
294 49
171 67
569 264
930 270
579 71
717 332
449 11
249 3
278 62
676 611
528 579
259 179
120 276
181 899
68 42
653 195
879 235
655 329
378 98
344 38
132 137
837 117
104 100
319 169
619 91
187 312
724 266
654 157
250 370
4 214
962 410
717 198
78 258
625 306
653 179
77 139
299 18
206 154
778 80
719 41
922 11
673 350
825 464
895 40
107 147
520 668
367 330
469 6
542 678
960 365
351 196
938 318
420 104
772 131
636 26
368 212
250 99
30 381
659 19
182 304
816 436
718 38
311 317
903 429
943 24
104 12
896 320
751 593
474 211
886 85
705 435
496 155
631 87
460 161
812 145
351 104
537 361
547 7
45 672
570 641
893 190
28 447
579 135
256 87
714 122
95 225
522 249
214 60
839 31
12 177
63 38
62 9
40 210
933 197
282 151
776 11
477 24
166 171
959 342
343 60
909 174
574 313
821 464
400 245
632 2
11 601
644 434
205 164
137 319
866 450
723 354
65 87
795 150
790 123
478 542
886 188
174 46
644 480
878 5
476 284
284 457
929 19
214 392
815 621
730 156
926 186
120 267
655 230
108 21
378 118
297 48
829 205
799 371
841 153
684 260
514 121
989 340
457 37
560 358
396 163
587 445
425 69
808 250
350 78
532 51
258 63
277 96
239 166
766 226
920 147
798 69
216 467
122 507
15 504
40 79
638 147
216 252
698 456
630 299
220 40
799 376
430 856
709 181
709 50
267 184
473 296
318 98
467 148
424 74
328 379
602 97
894 121
631 222
693 960
674 348
773 602
697 126
481 178
761 518
305 305
94 29
108 156
103 491
138 93
728 291
856 52
651 200
314 46
149 29
383 308
658 210
763 50
89 75
745 106
171 602
491 38
705 95
296 256
906 49
464 202
496 47
552 124
57 11
807 829
699 33
129 232
432 48
547 42
609 168
393 35
456 236
412 23
366 117
955 42
164 177
667 502
449 50
520 198
962 290
649 13
818 181
291 472
646 118
660 240
704 250
263 65
587 139
443 59
348 208
815 681
506 385
614 466
476 185
498 552
921 583
259 3
83 277
702 607
47 328
735 14
215 265
585 396
392 475
168 193
763 401
991 55
450 258
8 485
484 97
500 117
164 219
237 25
564 461
505 119
24 152
705 113
323 1
120 326
779 77
522 203
292 24
313 597
273 1
831 332
980 589
152 593
859 208
362 2
256 73
861 34
955 31
133 62
860 570
572 685
738 92
242 394
326 416
413 52
510 445
419 29
600 147
580 85
68 204
985 113
178 245
214 177
869 211
844 49
415 457
566 224
771 387
91 792
717 48
485 25
382 151
891 97
609 516
760 78
653 14
8 324
714 35
674 310
825 327
907 58
345 64
909 44
473 141
864 134
118 153
836 360
958 104
692 284
438 777
220 96
794 1
628 228
500 228
679 518
892 487
708 81
382 423
639 642
136 212
133 8
30 537
417 819
587 471
99 534
319 132
637 407
231 597
509 106
661 115
513 2
79 393
972 481
931 418
766 87
676 730
550 307
262 303
120 206
972 415
39 298
205 48
314 134
344 55
446 214
396 252
557 102
916 234
615 260
54 355
480 280
466 72
876 32
928 323
518 131
217 572
476 481
373 113
171 52
693 281
734 64
311 357
87 109
39 382
370 90
677 54
674 189
352 17
337 265
139 9
704 866
740 15
12 4
750 212
182 252
292 419
232 480
602 42
645 608
492 149
794 1
719 390
329 10
814 196
550 141
168 524
372 31
828 804
425 106
749 404
964 783
429 19
858 178
932 778
144 100
278 109
925 252
325 213
467 368
250 256
733 615
987 5
111 20
221 33
522 260
654 35
247 435
677 8
294 38
144 355
410 483
852 134
672 441
851 2
209 29
669 44
280 108
178 225
205 64
663 56
537 376
581 522
445 307
891 44
19 207
348 250
905 320
459 308
202 9
115 568
372 416
988 148
62 96
459 38
313 699
423 725
570 455
639 235
911 349
946 776
605 46
924 55
469 9
648 19
313 678
248 314
961 7
487 177
684 146
54 257
766 113
870 213
656 829
503 40
231 556
929 68
352 121
954 420
521 192
192 192
48 2
783 361
854 397
859 96
128 3
211 27
290 259
687 32
761 213
699 46
905 335
857 609
180 567
321 573
160 172
952 395
473 106
268 85
892 437
619 201
498 377
737 754
412 26
400 93
886 288
971 521
230 246
282 475
858 787
906 189
489 300
568 147
481 29
443 78
117 11
278 93
408 223
688 116
898 23
873 552
304 398
782 586
780 513
528 659
156 17
980 320
441 292
458 338
505 133
105 43
498 217
581 108
807 54
113 508
728 142
920 101
106 137
453 57
784 256
140 504
677 67
944 515
374 286
436 10
899 54
621 16
179 418
816 213
350 118
88 437
201 5
151 317
665 103
814 142
494 113
179 571
495 3
334 327
260 103
254 109
295 786
483 280
698 223
13 151
19 543
116 126
986 7
338 1
372 755
707 48
990 334
202 9
569 376
690 858
82 204
722 383
507 21
746 486
747 89
603 669
654 185
603 365
158 132
655 373
157 605
929 79
42 10
339 129
310 534
455 13
555 168
522 517
968 29
701 544
11 222
868 188
748 277
640 288
437 90
972 195
200 393
483 126
202 19
810 52
595 31
64 16
323 695
109 81
709 8
840 59
924 16
465 2
964 800
807 299
937 18
18 27
887 126
795 110
401 14
541 512
558 283
501 52
425 40
843 77
122 671
698 497
82 477
952 106
17 337
889 540
950 91
862 514
657 182
398 263
534 28
32 207
303 232
659 14
361 620
615 98
260 358
191 434
589 213
777 310
694 273
727 131
485 81
899 267
588 45
253 516
128 2
497 7
693 132
767 708
942 3
492 442
902 491
509 24
856 198
298 509
485 105
932 495
601 125
817 647
564 614
793 152
160 40
183 642
749 288
816 401
13 278
529 192
83 646
589 103
250 217
780 713
921 651
403 186
241 68
605 430
756 158
850 773
990 183
182 247
879 37
703 187
833 118
857 220
3 445
415 518
260 323
869 64
526 47
727 174
744 303
565 371
135 741
747 145
706 477
550 493
463 147
553 236
417 218
426 131
388 19
631 2
398 16
663 191
958 239
11 78
286 327
767 85
655 45
470 84
135 191
530 13
244 249
86 191
357 60
850 41
490 106
240 185
735 312
818 228
302 580
30 142
165 415
10 23
211 36
692 20
56 210
288 49
954 31
812 37
74 412
211 53
265 140
376 156
932 766
231 542
745 24
789 182
144 309
