776 137 100
7 25 71
10 47 29
15 75 1904
16 50 53
24 81 218
26 77 44
36 53 148
40 10 42
41 93 162
47 87 425
51 68 130
77 27 65
88 15 6
100 9 1135
102 84 57
107 62 12
118 98 24
120 6 3
133 55 1383
137 97 1
146 91 1
154 39 16
184 85 92
186 51 42
191 74 44
204 7 92
209 2 68
212 12 74
213 95 1
214 90 77
227 14 139
233 17 167
239 73 890
247 52 83
256 6 226
266 27 199
272 98 1390
273 29 142
276 13 55
288 97 259
290 91 40
308 64 1348
312 52 185
314 36 301
327 75 2
334 6 270
339 6 342
341 8 169
345 29 341
353 4 16
355 45 105
362 14 360
369 35 740
380 58 438
390 14 206
395 6 290
396 32 503
412 18 133
420 25 201
433 91 96
447 67 583
455 69 507
459 94 213
463 45 306
469 93 1892
470 26 593
483 18 363
499 36 250
501 80 232
503 21 489
517 56 442
523 53 569
526 10 573
534 19 199
539 89 722
551 6 715
557 76 331
561 68 431
562 86 721
577 15 368
588 9 316
601 19 693
619 91 502
621 37 680
637 70 917
645 79 306
650 2 105
659 98 410
672 18 767
674 73 642
689 77 132
700 25 1005
702 85 845
705 100 556
710 20 456
721 73 235
724 3 336
763 97 775
769 16 1044
775 58 581
