1000 500 100
501 91 2000
502 43 2000
503 50 2000
504 14 2000
505 73 2000
506 53 2000
507 90 2000
508 46 2000
509 13 2000
510 4 2000
511 76 2000
512 90 2000
513 23 2000
514 31 2000
515 58 2000
516 49 2000
517 65 2000
518 64 2000
519 72 2000
520 2 2000
521 91 2000
522 70 2000
523 6 2000
524 46 2000
525 99 2000
526 15 2000
527 53 2000
528 27 2000
529 62 2000
530 40 2000
531 3 2000
532 14 2000
533 26 2000
534 94 2000
535 9 2000
536 89 2000
537 41 2000
538 81 2000
539 85 2000
540 31 2000
541 78 2000
542 19 2000
543 45 2000
544 88 2000
545 75 2000
546 79 2000
547 74 2000
548 52 2000
549 23 2000
550 87 2000
499 88 2000
498 87 2000
497 32 2000
496 75 2000
495 97 2000
494 35 2000
493 75 2000
492 74 2000
491 24 2000
490 77 2000
489 50 2000
488 61 2000
487 4 2000
486 36 2000
485 19 2000
484 30 2000
483 89 2000
482 79 2000
481 52 2000
480 91 2000
479 83 2000
478 37 2000
477 39 2000
476 93 2000
475 36 2000
474 71 2000
473 2 2000
472 31 2000
471 91 2000
470 52 2000
469 21 2000
468 82 2000
467 22 2000
466 84 2000
465 87 2000
464 89 2000
463 35 2000
462 59 2000
461 58 2000
460 68 2000
459 55 2000
458 47 2000
457 71 2000
456 98 2000
455 66 2000
454 25 2000
453 73 2000
452 95 2000
451 11 2000
450 84 2000
