1000 500 100
501 92 1
499 44 3
502 51 6
498 15 10
503 74 15
497 54 21
504 91 28
496 47 36
505 14 45
495 5 55
506 77 66
494 91 78
507 24 91
493 32 105
508 59 120
492 50 136
509 66 153
491 65 171
510 73 190
490 3 210
511 92 231
489 71 253
512 7 276
488 47 300
513 100 325
487 16 351
514 54 378
486 28 406
515 63 435
485 41 465
516 4 496
484 15 528
517 27 561
483 95 595
518 10 630
482 90 666
519 42 703
481 82 741
520 86 780
480 32 820
521 79 861
479 20 903
522 46 946
478 89 990
523 76 1035
477 80 1081
524 75 1128
476 53 1176
525 24 1225
475 88 1275
526 89 1326
474 88 1378
527 33 1431
473 76 1485
528 98 1540
472 36 1596
529 76 1653
471 75 1711
530 25 1770
470 78 1830
531 51 1891
469 62 1953
532 5 2000
468 37 2000
533 20 2000
467 31 2000
534 90 2000
466 80 2000
535 53 2000
465 92 2000
536 84 2000
464 38 2000
537 40 2000
463 94 2000
538 37 2000
462 72 2000
539 3 2000
461 32 2000
540 92 2000
460 53 2000
541 22 2000
459 83 2000
542 23 2000
458 85 2000
543 88 2000
457 90 2000
544 36 2000
456 60 2000
545 59 2000
455 69 2000
546 56 2000
454 48 2000
547 72 2000
453 99 2000
548 67 2000
452 26 2000
549 74 2000
451 96 2000
550 12 2000
450 85 2000
