447 318 50
1 48 1075
11 20 67
25 42 194
38 59 82
52 24 177
58 100 436
75 44 302
76 41 431
87 5 409
100 88 20
105 15 327
136 41 1291
143 24 223
148 60 332
165 55 212
172 23 112
184 78 6
193 95 123
198 90 36
202 66 28
203 22 27
212 81 85
236 87 17
247 8 21
248 57 113
254 27 111
276 20 58
288 55 32
292 22 19
296 67 25
303 35 14
312 81 3
322 34 3
331 6 15
341 62 30
345 2 50
346 79 14
348 17 26
351 97 58
352 94 690
358 67 12
363 29 45
372 84 26
385 59 78
408 96 134
415 100 148
417 61 94
430 27 9
437 92 232
445 85 220
