136 33 60
1 16 46
3 72 41
4 78 20
6 19 16
8 86 37
14 63 19
15 65 8
16 67 10
17 43 21
20 83 17
21 69 9
22 100 10
31 66 1
32 83 817
35 43 2
36 69 1
37 14 6
38 79 8
43 49 1457
44 93 1
45 95 19
48 2 19
53 79 34
55 82 19
56 13 832
57 10 43
58 45 33
59 34 30
64 2 32
66 6 512
71 95 68
73 97 69
76 79 58
80 2 63
82 72 57
84 52 42
85 56 41
88 92 7
89 85 72
90 86 34
92 36 85
96 71 1611
97 10 95
98 37 114
100 28 2
102 40 54
105 32 135
106 98 7
108 95 19
109 73 61
112 80 73
113 16 117
114 40 1543
115 92 112
122 68 94
123 32 133
127 39 43
128 64 127
134 83 175
135 3 175
