864 451 70
7 35 322
10 19 806
18 15 228
24 37 766
45 50 737
72 62 1315
76 89 346
95 25 1791
107 82 578
121 52 361
128 1 294
131 36 219
152 97 493
178 5 29
192 66 228
195 45 1338
214 73 312
215 99 307
218 92 461
226 2 84
233 83 211
236 51 97
241 89 85
245 95 272
257 18 1395
263 85 323
268 74 173
273 61 3
289 88 199
335 38 28
340 14 145
342 93 72
344 9 134
349 11 1277
367 15 11
380 48 122
403 29 5
405 94 27
414 37 32
429 15 16
444 41 10
456 36 4
459 91 10
463 70 11
464 87 21
486 35 143
516 66 1175
527 33 144
534 71 120
538 42 22
564 10 159
604 62 96
611 94 193
623 18 25
629 64 216
655 60 158
670 71 388
674 99 10
681 26 385
683 37 315
688 59 218
709 20 316
733 63 79
738 54 1470
775 3 360
788 80 461
820 36 710
823 91 478
834 74 278
849 42 755
