853 243 80
22 70 218
25 40 416
32 21 20
35 74 48
36 67 166
37 99 201
45 38 154
52 90 158
65 30 14
84 41 156
126 58 24
130 55 190
145 98 183
148 57 192
152 93 52
155 48 143
156 29 74
180 100 40
181 93 122
182 1 63
192 89 42
194 59 83
198 66 70
200 88 48
217 91 39
223 77 14
235 99 14
241 56 1
244 82 1074
249 90 5
250 98 2
254 31 3
262 18 4
266 64 21
297 75 38
299 59 94
311 25 8
321 93 128
334 45 36
379 47 193
381 96 274
388 5 1832
400 98 7
402 83 251
439 49 357
447 32 59
451 89 685
466 100 1917
471 23 386
483 100 234
504 88 475
509 95 347
523 50 495
531 32 31
533 38 276
534 63 1590
536 28 810
547 86 258
559 25 212
568 29 1335
591 58 82
593 78 397
614 44 484
617 56 398
625 22 1697
629 14 536
637 14 330
644 68 451
683 83 83
685 73 417
690 41 237
708 74 480
725 97 46
727 21 1959
731 100 766
786 79 643
823 19 1721
841 34 308
850 6 1083
852 29 724
