405 132 90
10 79 7
15 36 164
21 19 735
22 88 138
27 51 44
31 100 706
32 43 146
33 24 80
34 98 115
38 37 19
39 52 166
42 90 155
44 74 146
48 45 18
51 90 95
52 78 136
53 67 22
54 81 144
55 46 52
60 58 119
61 57 95
62 92 139
66 44 101
87 86 38
94 49 52
101 95 43
105 55 10
118 48 22
119 36 28
136 79 2
148 89 13
152 76 5
159 37 35
160 92 23
168 20 1
169 13 68
183 86 57
189 9 5
196 2 55
198 70 83
199 35 5
202 14 84
213 5 7
216 67 156
218 34 163
224 48 174
227 65 60
232 53 5
243 16 46
245 94 17
251 7 62
252 46 226
255 75 65
259 18 113
260 34 103
262 65 255
264 14 141
267 96 115
268 21 1545
271 31 113
277 32 235
285 2 24
288 43 278
304 51 185
306 63 156
309 44 186
311 82 59
317 86 115
318 6 86
320 43 7
325 18 1430
334 65 150
338 69 347
339 6 298
343 43 69
351 27 24
359 43 159
363 4 223
365 56 363
367 9 552
370 64 60
371 44 382
375 12 438
380 60 136
382 53 29
383 40 213
394 93 15
395 92 184
400 20 82
405 91 914
