100 500
2 1 4
2 3 19
4 3 16
4 5 3
6 5 24
6 7 21
8 7 1
8 9 21
10 9 23
10 11 5
12 11 23
12 13 7
14 13 10
14 15 7
16 15 13
16 17 24
18 17 20
18 19 15
20 19 8
20 21 25
22 21 11
22 23 18
24 23 12
24 25 1
26 25 6
26 27 21
28 27 22
28 29 9
30 29 16
30 31 5
32 31 4
32 33 10
34 33 4
34 35 14
36 35 11
36 37 23
38 37 10
38 39 19
40 39 7
40 41 17
42 41 10
42 43 10
44 43 2
44 45 16
46 45 16
46 47 4
48 47 18
48 49 12
50 49 10
50 51 20
52 51 15
52 53 7
54 53 21
54 55 8
56 55 3
56 57 7
58 57 17
58 59 23
60 59 9
60 61 7
62 61 18
62 63 13
64 63 13
64 65 22
66 65 19
66 67 7
68 67 6
68 69 7
70 69 11
70 71 23
72 71 3
72 73 18
74 73 18
74 75 4
76 75 14
76 77 11
78 77 23
78 79 22
80 79 23
80 81 12
82 81 18
82 83 10
84 83 10
84 85 20
86 85 10
86 87 7
88 87 21
88 89 1
90 89 11
90 91 6
92 91 5
92 93 18
94 93 18
94 95 15
96 95 20
96 97 4
98 97 2
98 99 25
100 99 20
100 101 15
102 101 7
102 103 3
104 103 7
104 105 14
106 105 15
106 107 6
108 107 4
108 109 8
110 109 8
110 111 12
112 111 11
112 113 8
114 113 18
114 115 12
116 115 17
116 117 12
118 117 14
118 119 19
120 119 10
120 121 7
122 121 12
122 123 7
124 123 13
124 125 5
126 125 13
126 127 13
128 127 15
128 129 12
130 129 8
130 131 17
132 131 14
132 133 3
134 133 8
134 135 17
136 135 8
136 137 6
138 137 13
138 139 22
140 139 18
140 141 19
142 141 20
142 143 16
144 143 12
144 145 20
146 145 15
146 147 15
148 147 7
148 149 6
150 149 7
150 151 16
152 151 18
152 153 13
154 153 24
154 155 4
156 155 19
156 157 2
158 157 10
158 159 22
160 159 24
160 161 4
162 161 24
162 163 11
164 163 14
164 165 4
166 165 25
166 167 20
168 167 16
168 169 5
170 169 24
170 171 17
172 171 2
172 173 9
174 173 16
174 175 18
176 175 11
176 177 3
178 177 21
178 179 5
180 179 22
180 181 3
182 181 9
182 183 14
184 183 11
184 185 19
186 185 15
186 187 24
188 187 11
188 189 17
190 189 15
190 191 22
192 191 5
192 193 23
194 193 3
194 195 7
196 195 18
196 197 18
198 197 24
198 199 14
200 199 8
198 183 10
87 150 10
198 73 8
114 160 22
150 24 10
3 15 2
127 50 5
100 30 3
122 68 6
166 85 17
150 69 23
156 181 17
97 86 5
27 145 2
72 13 19
194 38 24
188 121 25
47 15 8
119 197 10
2 108 16
53 23 14
143 45 3
81 158 5
170 62 17
20 141 7
121 6 17
167 158 7
116 178 23
15 49 12
132 61 12
176 157 12
10 108 5
176 36 13
198 35 23
32 23 19
36 164 22
39 133 14
77 21 13
136 90 6
95 48 12
144 186 17
37 167 23
186 197 1
73 3 6
129 182 17
182 191 4
173 137 3
167 70 1
136 73 10
84 30 5
82 128 5
52 91 13
22 53 15
83 161 2
76 176 2
15 173 19
120 20 7
75 13 6
5 14 22
150 65 20
10 145 2
171 200 9
145 198 2
10 199 17
10 122 8
52 146 22
195 161 11
162 32 5
177 43 2
99 195 14
72 63 9
22 171 18
55 94 23
133 64 23
112 18 4
1 197 23
44 184 6
132 156 22
179 21 8
32 87 11
155 61 20
198 157 21
16 84 18
122 27 4
185 185 21
184 166 21
195 126 10
150 112 23
144 188 23
89 180 9
3 167 15
80 110 12
188 17 16
28 43 9
148 87 14
191 122 19
105 103 6
176 149 2
35 155 22
51 167 18
119 159 1
49 43 15
147 111 23
65 24 2
154 109 1
42 121 2
144 138 13
130 36 9
154 65 7
1 49 13
44 182 24
41 27 18
6 68 2
72 11 3
113 161 12
24 76 14
133 35 11
113 147 24
7 179 11
148 34 3
136 35 17
180 35 20
59 182 3
57 19 19
80 79 16
188 179 24
126 191 16
24 179 16
184 139 12
124 88 25
17 1 13
102 48 12
21 55 9
159 22 8
189 144 19
96 158 3
195 34 2
36 11 2
169 79 16
4 11 24
140 47 25
180 31 2
129 74 17
121 80 23
90 184 1
136 143 24
177 71 1
24 185 11
39 37 2
11 185 12
60 166 13
178 140 3
151 53 24
176 24 14
121 110 19
57 5 5
104 45 6
143 29 17
60 18 12
9 53 6
63 104 6
160 150 5
133 57 5
119 141 1
192 57 15
130 199 15
53 21 4
134 96 21
187 17 22
143 175 11
44 62 15
109 47 14
114 147 20
7 141 13
190 79 14
66 95 16
184 145 25
199 42 5
84 130 14
88 140 19
69 59 13
122 166 20
58 9 3
87 135 9
1 198 25
191 190 17
81 178 9
122 156 9
177 184 17
127 109 19
185 108 10
18 82 3
57 73 11
14 83 8
140 21 14
146 40 8
55 139 16
196 125 2
145 114 21
170 81 4
71 73 14
161 36 1
34 77 2
200 143 5
14 135 7
84 83 17
20 189 3
73 26 6
34 18 6
94 183 24
11 47 15
1 60 10
26 2 6
9 43 23
110 44 22
95 98 9
194 8 10
40 5 15
163 188 6
140 111 23
41 22 13
44 45 11
59 124 2
66 27 22
26 132 23
142 36 18
104 113 18
134 32 10
16 22 15
85 165 17
152 175 15
103 199 12
69 113 13
174 199 22
15 187 24
58 76 10
84 129 24
174 159 8
123 9 13
169 169 24
106 158 21
139 99 17
138 161 9
10 27 12
49 187 19
151 17 3
123 132 20
193 1 20
39 115 10
1 173 5
84 11 10
137 82 12
13 141 16
29 141 13
169 163 25
164 127 5
29 148 20
139 178 19
94 48 9
187 165 4
158 55 2
125 164 9
127 115 22
92 200 15
89 165 10
53 109 19
68 76 11
122 128 12
42 22 8
110 116 9
63 45 20
15 50 8
182 168 1
8 143 1
119 174 6
20 144 4
183 178 8
23 44 9
91 139 16
133 89 12
25 105 11
142 50 12
178 86 7
112 143 7
32 97 22
152 69 4
122 162 13
45 63 4
82 130 8
11 62 7
95 79 8
90 1 25
93 70 13
15 20 1
164 140 8
19 32 4
193 96 17
93 141 17
140 18 11
168 53 18
73 125 18
1 1 
3 2 3 4 
2 5 6 
1 7 
1 8 
3 9 10 11 
2 12 13 
1 14 
1 15 
1 16 
3 17 18 19 
2 20 21 
1 22 
2 23 24 
1 25 
3 26 27 28 
2 29 30 
2 31 32 
2 33 34 
1 35 
1 36 
1 37 
1 38 
2 39 40 
3 41 42 43 
3 44 45 46 
2 47 48 
3 49 50 51 
1 52 
1 53 
2 54 55 
2 56 57 
3 58 59 60 
1 61 
2 62 63 
2 64 65 
3 66 67 68 
2 69 70 
1 71 
2 72 73 
3 74 75 76 
3 77 78 79 
2 80 81 
1 82 
2 83 84 
3 85 86 87 
1 88 
2 89 90 
3 91 92 93 
3 94 95 96 
1 97 
2 98 99 
3 100 101 102 
3 103 104 105 
3 106 107 108 
2 109 110 
2 111 112 
3 113 114 115 
3 116 117 118 
1 119 
1 120 
3 121 122 123 
1 124 
3 125 126 127 
1 128 
3 129 130 131 
1 132 
2 133 134 
1 135 
1 136 
3 137 138 139 
2 140 141 
3 142 143 144 
2 145 146 
3 147 148 149 
3 150 151 152 
3 153 154 155 
3 156 157 158 
1 159 
1 160 
3 161 162 163 
3 164 165 166 
1 167 
2 168 169 
3 170 171 172 
1 173 
2 174 175 
2 176 177 
2 178 179 
1 180 
3 181 182 183 
1 184 
3 185 186 187 
3 188 189 190 
1 191 
1 192 
2 193 194 
2 195 196 
3 197 198 199 
1 200 
95 47 65 62 54 17 47 47 94 9 90 50 67 88 68 35 73 63 43 5 72 24 48 76 80 34 100 50 12 3 54 85 16 53 97 99 42 90 96 89 15 35 1 71 62 87 15 46 1 78 5 6 71 64 17 75 29 1 91 51 91 70 37 47 17 2 66 45 57 15 45 53 36 52 9 90 34 38 45 78 86 37 51 98 67 73 25 8 51 43 75 77 10 32 52 100 19 94 44 52 
199 111