200 5000
2 1 62
2 3 48
4 3 20
4 5 99
6 5 20
6 7 11
8 7 65
8 9 44
10 9 37
10 11 16
12 11 1
12 13 43
14 13 58
14 15 49
16 15 88
16 17 69
18 17 96
18 19 35
20 19 77
20 21 48
22 21 20
22 23 42
24 23 64
24 25 44
26 25 88
26 27 2
28 27 4
28 29 56
30 29 67
30 31 33
32 31 24
32 33 58
34 33 77
34 35 19
36 35 36
36 37 74
38 37 12
38 39 80
40 39 91
40 41 80
42 41 83
42 43 19
44 43 53
44 45 87
46 45 82
46 47 42
48 47 23
48 49 56
50 49 40
50 51 56
52 51 34
52 53 9
54 53 44
54 55 26
56 55 86
56 57 40
58 57 4
58 59 34
60 59 12
60 61 100
62 61 77
62 63 99
64 63 100
64 65 1
66 65 80
66 67 35
68 67 45
68 69 31
70 69 70
70 71 51
72 71 95
72 73 9
74 73 84
74 75 43
76 75 80
76 77 14
78 77 30
78 79 28
80 79 90
80 81 89
82 81 52
82 83 5
84 83 44
84 85 26
86 85 44
86 87 7
88 87 90
88 89 40
90 89 84
90 91 55
92 91 87
92 93 83
94 93 36
94 95 77
96 95 94
96 97 50
98 97 35
98 99 21
100 99 79
100 101 98
102 101 70
102 103 22
104 103 96
104 105 86
106 105 42
106 107 91
108 107 72
108 109 57
110 109 19
110 111 29
112 111 99
112 113 60
114 113 66
114 115 30
116 115 20
116 117 96
118 117 19
118 119 93
120 119 79
120 121 9
122 121 34
122 123 35
124 123 71
124 125 12
126 125 13
126 127 28
128 127 17
128 129 22
130 129 80
130 131 48
132 131 86
132 133 34
134 133 57
134 135 18
136 135 55
136 137 84
138 137 51
138 139 23
140 139 55
140 141 82
142 141 90
142 143 79
144 143 22
144 145 8
146 145 47
146 147 8
148 147 73
148 149 97
150 149 58
150 151 11
152 151 61
152 153 80
154 153 97
154 155 53
156 155 58
156 157 51
158 157 95
158 159 74
160 159 94
160 161 97
162 161 22
162 163 29
164 163 65
164 165 43
166 165 67
166 167 45
168 167 3
168 169 77
170 169 36
170 171 44
172 171 36
172 173 69
174 173 29
174 175 55
176 175 88
176 177 47
178 177 19
178 179 86
180 179 66
180 181 77
182 181 52
182 183 85
184 183 50
184 185 32
186 185 43
186 187 7
188 187 31
188 189 78
190 189 73
190 191 79
192 191 97
192 193 70
194 193 70
194 195 96
196 195 17
196 197 58
198 197 52
198 199 94
200 199 75
200 201 33
202 201 81
202 203 60
204 203 19
204 205 59
206 205 40
206 207 31
208 207 81
208 209 26
210 209 47
210 211 44
212 211 29
212 213 2
214 213 27
214 215 90
216 215 33
216 217 53
218 217 11
218 219 66
220 219 51
220 221 69
222 221 56
222 223 35
224 223 38
224 225 24
226 225 37
226 227 67
228 227 40
228 229 61
230 229 31
230 231 85
232 231 32
232 233 36
234 233 16
234 235 89
236 235 65
236 237 3
238 237 78
238 239 94
240 239 80
240 241 24
242 241 77
242 243 5
244 243 52
244 245 59
246 245 19
246 247 81
248 247 9
248 249 43
250 249 47
250 251 58
252 251 79
252 253 60
254 253 14
254 255 26
256 255 74
256 257 55
258 257 24
258 259 11
260 259 58
260 261 40
262 261 26
262 263 46
264 263 51
264 265 90
266 265 14
266 267 66
268 267 46
268 269 11
270 269 94
270 271 92
272 271 4
272 273 1
274 273 24
274 275 76
276 275 1
276 277 14
278 277 83
278 279 86
280 279 92
280 281 97
282 281 18
282 283 63
284 283 8
284 285 2
286 285 28
286 287 95
288 287 9
288 289 48
290 289 32
290 291 61
292 291 82
292 293 90
294 293 91
294 295 30
296 295 24
296 297 76
298 297 8
298 299 22
300 299 85
300 301 81
302 301 36
302 303 36
304 303 22
304 305 55
306 305 93
306 307 15
308 307 22
308 309 96
310 309 81
310 311 97
312 311 28
312 313 88
314 313 86
314 315 74
316 315 76
316 317 85
318 317 54
318 319 50
320 319 1
320 321 58
322 321 78
322 323 46
324 323 41
324 325 95
326 325 38
326 327 98
328 327 83
328 329 38
330 329 40
330 331 56
332 331 3
332 333 64
334 333 68
334 335 52
336 335 76
336 337 23
338 337 25
338 339 38
340 339 84
340 341 96
342 341 90
342 343 99
344 343 92
344 345 10
346 345 17
346 347 29
348 347 21
348 349 2
350 349 84
350 351 5
352 351 85
352 353 89
354 353 81
354 355 77
356 355 31
356 357 28
358 357 89
358 359 82
360 359 7
360 361 71
362 361 73
362 363 91
364 363 74
364 365 8
366 365 83
366 367 70
368 367 88
368 369 65
370 369 100
370 371 98
372 371 37
372 373 42
374 373 92
374 375 4
376 375 73
376 377 37
378 377 25
378 379 5
380 379 73
380 381 30
382 381 12
382 383 10
384 383 41
384 385 23
386 385 8
386 387 85
388 387 6
388 389 47
390 389 74
390 391 10
392 391 72
392 393 64
394 393 63
394 395 22
396 395 48
396 397 76
398 397 86
398 399 80
400 399 94
400 401 94
402 401 10
402 403 83
404 403 83
404 405 16
406 405 23
406 407 88
408 407 90
408 409 73
410 409 3
410 411 12
412 411 89
412 413 40
414 413 82
414 415 15
416 415 54
416 417 19
418 417 97
418 419 50
420 419 71
420 421 89
422 421 39
422 423 93
424 423 59
424 425 69
426 425 15
426 427 100
428 427 94
428 429 66
430 429 29
430 431 80
432 431 39
432 433 55
434 433 89
434 435 74
436 435 64
436 437 66
438 437 7
438 439 40
440 439 38
440 441 31
442 441 22
442 443 70
444 443 90
444 445 42
446 445 94
446 447 19
448 447 11
448 449 8
450 449 79
450 451 43
452 451 17
452 453 32
454 453 41
454 455 42
456 455 73
456 457 64
458 457 79
458 459 59
460 459 72
460 461 78
462 461 76
462 463 74
464 463 83
464 465 47
466 465 79
466 467 6
468 467 63
468 469 87
470 469 53
470 471 27
472 471 76
472 473 10
474 473 34
474 475 47
476 475 35
476 477 47
478 477 28
478 479 97
480 479 13
480 481 35
482 481 39
482 483 98
484 483 1
484 485 91
486 485 45
486 487 45
488 487 94
488 489 62
490 489 81
490 491 73
492 491 24
492 493 100
494 493 87
494 495 12
496 495 19
496 497 62
498 497 31
498 499 42
500 499 43
500 501 70
502 501 50
502 503 62
504 503 28
504 505 48
506 505 95
506 507 65
508 507 98
508 509 5
510 509 52
510 511 78
512 511 94
512 513 51
514 513 25
514 515 10
516 515 74
516 517 40
518 517 51
518 519 70
520 519 49
520 521 16
522 521 97
522 523 7
524 523 63
524 525 16
526 525 48
526 527 28
528 527 65
528 529 13
530 529 33
530 531 59
532 531 83
532 533 58
534 533 70
534 535 61
536 535 48
536 537 87
538 537 86
538 539 67
540 539 67
540 541 36
542 541 75
542 543 61
544 543 71
544 545 65
546 545 63
546 547 6
548 547 46
548 549 77
550 549 9
550 551 41
552 551 35
552 553 93
554 553 2
554 555 77
556 555 8
556 557 57
558 557 1
558 559 7
560 559 68
560 561 38
562 561 91
562 563 63
564 563 88
564 565 14
566 565 27
566 567 85
568 567 3
568 569 94
570 569 17
570 571 43
572 571 12
572 573 24
574 573 79
574 575 20
576 575 67
576 577 84
578 577 93
578 579 60
580 579 24
580 581 73
582 581 74
582 583 11
584 583 4
584 585 71
586 585 28
586 587 8
588 587 50
588 589 10
590 589 18
590 591 23
592 591 52
592 593 6
594 593 76
594 595 16
596 595 10
596 597 44
598 597 74
598 599 76
600 599 34
600 601 22
602 601 75
602 603 93
604 603 9
604 605 57
606 605 55
606 607 55
608 607 72
608 609 87
610 609 95
610 611 70
612 611 3
612 613 55
614 613 9
614 615 20
616 615 83
616 617 13
618 617 90
618 619 40
620 619 62
620 621 66
622 621 3
622 623 54
624 623 10
624 625 68
626 625 53
626 627 40
628 627 92
628 629 64
630 629 20
630 631 91
632 631 24
632 633 22
634 633 31
634 635 66
636 635 80
636 637 77
638 637 39
638 639 63
640 639 97
640 641 61
642 641 21
642 643 29
644 643 30
644 645 92
646 645 88
646 647 25
648 647 36
648 649 13
650 649 97
650 651 82
652 651 63
652 653 34
654 653 11
654 655 52
656 655 38
656 657 12
658 657 77
658 659 100
660 659 91
660 661 36
662 661 91
662 663 6
664 663 96
664 665 21
666 665 75
666 667 12
668 667 50
668 669 3
670 669 1
670 671 57
672 671 11
672 673 19
674 673 47
674 675 56
676 675 48
676 677 96
678 677 67
678 679 83
680 679 43
680 681 94
682 681 18
682 683 41
684 683 3
684 685 35
686 685 75
686 687 35
688 687 92
688 689 65
690 689 6
690 691 21
692 691 22
692 693 100
694 693 60
694 695 79
696 695 50
696 697 34
698 697 7
698 699 63
700 699 29
700 701 61
702 701 14
702 703 78
704 703 64
704 705 17
706 705 100
706 707 63
708 707 66
708 709 26
710 709 35
710 711 10
712 711 77
712 713 78
714 713 85
714 715 84
716 715 83
716 717 56
718 717 43
718 719 87
720 719 71
720 721 64
722 721 36
722 723 10
724 723 50
724 725 17
726 725 32
726 727 68
728 727 4
728 729 62
730 729 85
730 731 6
732 731 70
732 733 21
734 733 73
734 735 12
736 735 47
736 737 76
738 737 25
738 739 18
740 739 65
740 741 21
742 741 59
742 743 58
744 743 23
744 745 9
746 745 65
746 747 94
748 747 76
748 749 98
750 749 5
750 751 51
752 751 15
752 753 63
754 753 41
754 755 23
756 755 24
756 757 99
758 757 87
758 759 90
760 759 10
760 761 15
762 761 44
762 763 75
764 763 78
764 765 97
766 765 92
766 767 3
768 767 72
768 769 42
770 769 39
770 771 16
772 771 34
772 773 55
774 773 26
774 775 9
776 775 69
776 777 63
778 777 36
778 779 96
780 779 36
780 781 37
782 781 28
782 783 27
784 783 88
784 785 87
786 785 76
786 787 99
788 787 62
788 789 14
790 789 2
790 791 37
792 791 92
792 793 24
794 793 76
794 795 92
796 795 49
796 797 3
798 797 18
798 799 87
800 799 100
800 801 73
802 801 32
802 803 8
804 803 56
804 805 9
806 805 58
806 807 80
808 807 2
808 809 74
810 809 11
810 811 86
812 811 98
812 813 55
814 813 45
814 815 74
816 815 30
816 817 63
818 817 22
818 819 95
820 819 52
820 821 81
822 821 3
822 823 36
824 823 100
824 825 12
826 825 5
826 827 44
828 827 96
828 829 9
830 829 4
830 831 46
832 831 23
832 833 23
834 833 77
834 835 90
836 835 53
836 837 43
838 837 59
838 839 61
840 839 47
840 841 5
842 841 52
842 843 16
844 843 14
844 845 14
846 845 40
846 847 69
848 847 30
848 849 53
850 849 96
850 851 32
852 851 29
852 853 79
854 853 77
854 855 95
856 855 53
856 857 7
858 857 85
858 859 90
860 859 42
860 861 68
862 861 81
862 863 66
864 863 94
864 865 31
866 865 92
866 867 60
868 867 2
868 869 51
870 869 6
870 871 19
872 871 6
872 873 84
874 873 37
874 875 11
876 875 82
876 877 32
878 877 98
878 879 80
880 879 8
880 881 96
882 881 35
882 883 49
884 883 55
884 885 83
886 885 24
886 887 64
888 887 40
888 889 74
890 889 7
890 891 57
892 891 71
892 893 38
894 893 93
894 895 98
896 895 4
896 897 64
898 897 45
898 899 22
900 899 67
900 901 100
902 901 60
902 903 30
904 903 78
904 905 85
906 905 77
906 907 88
908 907 54
908 909 42
910 909 95
910 911 45
912 911 68
912 913 97
914 913 78
914 915 16
916 915 5
916 917 94
918 917 83
918 919 51
920 919 27
920 921 77
922 921 79
922 923 37
924 923 52
924 925 75
926 925 92
926 927 64
928 927 6
928 929 54
930 929 99
930 931 22
932 931 45
932 933 55
934 933 63
934 935 91
936 935 90
936 937 3
938 937 50
938 939 13
940 939 31
940 941 29
942 941 60
942 943 93
944 943 91
944 945 75
946 945 83
946 947 53
948 947 65
948 949 84
950 949 40
950 951 21
952 951 95
952 953 5
954 953 11
954 955 82
956 955 8
956 957 69
958 957 52
958 959 3
960 959 74
960 961 77
962 961 90
962 963 9
964 963 93
964 965 40
966 965 2
966 967 33
968 967 63
968 969 9
970 969 61
970 971 83
972 971 49
972 973 67
974 973 91
974 975 77
976 975 87
976 977 31
978 977 40
978 979 18
980 979 23
980 981 23
982 981 9
982 983 45
984 983 63
984 985 70
986 985 5
986 987 60
988 987 46
988 989 17
990 989 36
990 991 21
992 991 91
992 993 98
994 993 3
994 995 34
996 995 66
996 997 57
998 997 84
998 999 43
1000 999 37
1000 1001 94
1002 1001 77
1002 1003 84
1004 1003 7
1004 1005 66
1006 1005 95
1006 1007 95
1008 1007 20
1008 1009 30
1010 1009 45
1010 1011 76
1012 1011 27
1012 1013 28
1014 1013 31
1014 1015 100
1016 1015 58
1016 1017 9
1018 1017 87
1018 1019 21
1020 1019 37
1020 1021 64
1022 1021 49
1022 1023 40
1024 1023 56
1024 1025 45
1026 1025 80
1026 1027 73
1028 1027 58
1028 1029 18
1030 1029 70
1030 1031 100
1032 1031 2
1032 1033 68
1034 1033 34
1034 1035 35
1036 1035 77
1036 1037 60
1038 1037 66
1038 1039 59
1040 1039 33
1040 1041 43
1042 1041 85
1042 1043 55
1044 1043 54
1044 1045 25
1046 1045 55
1046 1047 51
1048 1047 70
1048 1049 87
1050 1049 16
1050 1051 48
1052 1051 47
1052 1053 40
1054 1053 81
1054 1055 72
1056 1055 48
1056 1057 10
1058 1057 71
1058 1059 8
1060 1059 11
1060 1061 69
1062 1061 11
1062 1063 93
1064 1063 34
1064 1065 80
1066 1065 91
1066 1067 68
1068 1067 67
1068 1069 42
1070 1069 36
1070 1071 2
1072 1071 11
1072 1073 75
1074 1073 19
1074 1075 18
1076 1075 7
1076 1077 80
1078 1077 45
1078 1079 94
1080 1079 6
1080 1081 76
1082 1081 54
1082 1083 48
1084 1083 52
1084 1085 81
1086 1085 9
1086 1087 37
1088 1087 71
1088 1089 89
1090 1089 36
1090 1091 72
1092 1091 78
1092 1093 6
1094 1093 53
1094 1095 21
1096 1095 91
1096 1097 92
1098 1097 60
1098 1099 74
1100 1099 60
1100 1101 100
1102 1101 12
1102 1103 66
1104 1103 17
1104 1105 56
1106 1105 3
1106 1107 36
1108 1107 68
1108 1109 17
1110 1109 15
1110 1111 86
1112 1111 76
1112 1113 35
1114 1113 3
1114 1115 96
1116 1115 58
1116 1117 35
1118 1117 2
1118 1119 26
1120 1119 19
1120 1121 57
1122 1121 30
1122 1123 87
1124 1123 62
1124 1125 69
1126 1125 35
1126 1127 71
1128 1127 91
1128 1129 96
1130 1129 7
1130 1131 36
1132 1131 12
1132 1133 24
1134 1133 10
1134 1135 55
1136 1135 77
1136 1137 77
1138 1137 30
1138 1139 6
1140 1139 67
1140 1141 2
1142 1141 98
1142 1143 57
1144 1143 61
1144 1145 95
1146 1145 92
1146 1147 56
1148 1147 6
1148 1149 50
1150 1149 24
1150 1151 39
1152 1151 30
1152 1153 39
1154 1153 59
1154 1155 75
1156 1155 10
1156 1157 90
1158 1157 18
1158 1159 14
1160 1159 79
1160 1161 75
1162 1161 28
1162 1163 88
1164 1163 26
1164 1165 90
1166 1165 91
1166 1167 12
1168 1167 67
1168 1169 100
1170 1169 30
1170 1171 98
1172 1171 1
1172 1173 24
1174 1173 74
1174 1175 25
1176 1175 98
1176 1177 18
1178 1177 56
1178 1179 72
1180 1179 67
1180 1181 85
1182 1181 83
1182 1183 92
1184 1183 42
1184 1185 34
1186 1185 51
1186 1187 85
1188 1187 83
1188 1189 7
1190 1189 42
1190 1191 72
1192 1191 87
1192 1193 63
1194 1193 9
1194 1195 89
1196 1195 100
1196 1197 50
1198 1197 42
1198 1199 96
1200 1199 17
1200 1201 32
1202 1201 13
1202 1203 51
1204 1203 14
1204 1205 34
1206 1205 44
1206 1207 97
1208 1207 95
1208 1209 60
1210 1209 40
1210 1211 25
1212 1211 95
1212 1213 76
1214 1213 81
1214 1215 35
1216 1215 7
1216 1217 13
1218 1217 80
1218 1219 9
1220 1219 46
1220 1221 50
1222 1221 52
1222 1223 44
1224 1223 33
1224 1225 17
1226 1225 49
1226 1227 66
1228 1227 51
1228 1229 25
1230 1229 79
1230 1231 58
1232 1231 30
1232 1233 67
1234 1233 39
1234 1235 74
1236 1235 23
1236 1237 46
1238 1237 93
1238 1239 6
1240 1239 88
1240 1241 1
1242 1241 21
1242 1243 47
1244 1243 69
1244 1245 9
1246 1245 83
1246 1247 4
1248 1247 27
1248 1249 1
1250 1249 95
1250 1251 21
1252 1251 35
1252 1253 72
1254 1253 44
1254 1255 7
1256 1255 23
1256 1257 75
1258 1257 62
1258 1259 89
1260 1259 97
1260 1261 50
1262 1261 17
1262 1263 46
1264 1263 30
1264 1265 28
1266 1265 7
1266 1267 97
1268 1267 43
1268 1269 14
1270 1269 16
1270 1271 97
1272 1271 52
1272 1273 55
1274 1273 26
1274 1275 34
1276 1275 1
1276 1277 72
1278 1277 7
1278 1279 98
1280 1279 63
1280 1281 85
1282 1281 10
1282 1283 50
1284 1283 29
1284 1285 74
1286 1285 37
1286 1287 79
1288 1287 49
1288 1289 3
1290 1289 3
1290 1291 81
1292 1291 15
1292 1293 20
1294 1293 14
1294 1295 37
1296 1295 25
1296 1297 64
1298 1297 60
1298 1299 77
1300 1299 52
1300 1301 75
1302 1301 49
1302 1303 97
1304 1303 16
1304 1305 74
1306 1305 82
1306 1307 85
1308 1307 71
1308 1309 11
1310 1309 67
1310 1311 20
1312 1311 94
1312 1313 14
1314 1313 6
1314 1315 1
1316 1315 5
1316 1317 98
1318 1317 99
1318 1319 19
1320 1319 30
1320 1321 14
1322 1321 61
1322 1323 86
1324 1323 23
1324 1325 74
1326 1325 49
1326 1327 96
1328 1327 78
1328 1329 10
1330 1329 90
1330 1331 22
1332 1331 42
1332 1333 73
1334 1333 63
1334 1335 53
1336 1335 24
1336 1337 4
1338 1337 68
1338 1339 76
1340 1339 50
1340 1341 97
1342 1341 61
1342 1343 20
1344 1343 72
1344 1345 19
1346 1345 66
1346 1347 34
1348 1347 13
1348 1349 83
1350 1349 20
1350 1351 47
1352 1351 20
1352 1353 34
1354 1353 15
1354 1355 55
1356 1355 82
1356 1357 50
1358 1357 66
1358 1359 72
1360 1359 12
1360 1361 67
1362 1361 89
1362 1363 82
1364 1363 57
1364 1365 68
1366 1365 24
1366 1367 10
1368 1367 30
1368 1369 51
1370 1369 57
1370 1371 4
1372 1371 93
1372 1373 93
1374 1373 94
1374 1375 27
1376 1375 34
1376 1377 41
1378 1377 48
1378 1379 75
1380 1379 44
1380 1381 61
1382 1381 32
1382 1383 21
1384 1383 26
1384 1385 26
1386 1385 73
1386 1387 89
1388 1387 4
1388 1389 66
1390 1389 59
1390 1391 5
1392 1391 85
1392 1393 47
1394 1393 97
1394 1395 77
1396 1395 51
1396 1397 11
1398 1397 95
1398 1399 50
1400 1399 73
1400 1401 52
1402 1401 20
1402 1403 17
1404 1403 47
1404 1405 51
1406 1405 27
1406 1407 56
1408 1407 50
1408 1409 76
1410 1409 92
1410 1411 93
1412 1411 90
1412 1413 50
1414 1413 17
1414 1415 19
1416 1415 96
1416 1417 65
1418 1417 65
1418 1419 54
1420 1419 89
1420 1421 8
1422 1421 15
1422 1423 33
1424 1423 7
1424 1425 84
1426 1425 51
1426 1427 59
1428 1427 82
1428 1429 59
1430 1429 80
1430 1431 66
1432 1431 77
1432 1433 14
1434 1433 10
1434 1435 80
1436 1435 56
1436 1437 22
1438 1437 78
1438 1439 34
1440 1439 23
1440 1441 77
1442 1441 75
1442 1443 38
1444 1443 17
1444 1445 60
1446 1445 3
1446 1447 30
1448 1447 51
1448 1449 68
1450 1449 43
1450 1451 88
1452 1451 52
1452 1453 78
1454 1453 96
1454 1455 13
1456 1455 2
1456 1457 51
1458 1457 95
1458 1459 4
1460 1459 22
1460 1461 21
1462 1461 31
1462 1463 12
1464 1463 30
1464 1465 54
1466 1465 84
1466 1467 69
1468 1467 29
1468 1469 34
1470 1469 5
1470 1471 41
1472 1471 89
1472 1473 2
1474 1473 90
1474 1475 10
1476 1475 1
1476 1477 32
1478 1477 88
1478 1479 1
1480 1479 26
1480 1481 20
1482 1481 22
1482 1483 28
1484 1483 39
1484 1485 64
1486 1485 90
1486 1487 91
1488 1487 44
1488 1489 51
1490 1489 40
1490 1491 97
1492 1491 29
1492 1493 55
1494 1493 99
1494 1495 33
1496 1495 59
1496 1497 13
1498 1497 62
1498 1499 61
1500 1499 74
1500 1501 3
1502 1501 68
1502 1503 35
1504 1503 27
1504 1505 48
1506 1505 53
1506 1507 85
1508 1507 19
1508 1509 25
1510 1509 80
1510 1511 61
1512 1511 5
1512 1513 98
1514 1513 4
1514 1515 44
1516 1515 29
1516 1517 56
1518 1517 72
1518 1519 33
1520 1519 14
1520 1521 38
1522 1521 1
1522 1523 46
1524 1523 51
1524 1525 66
1526 1525 37
1526 1527 53
1528 1527 78
1528 1529 27
1530 1529 61
1530 1531 67
1532 1531 25
1532 1533 20
1534 1533 15
1534 1535 2
1536 1535 46
1536 1537 33
1538 1537 33
1538 1539 21
1540 1539 78
1540 1541 20
1542 1541 50
1542 1543 2
1544 1543 82
1544 1545 29
1546 1545 35
1546 1547 49
1548 1547 89
1548 1549 26
1550 1549 17
1550 1551 5
1552 1551 10
1552 1553 99
1554 1553 26
1554 1555 96
1556 1555 12
1556 1557 17
1558 1557 21
1558 1559 9
1560 1559 84
1560 1561 15
1562 1561 49
1562 1563 32
1564 1563 88
1564 1565 15
1566 1565 64
1566 1567 81
1568 1567 45
1568 1569 25
1570 1569 6
1570 1571 99
1572 1571 77
1572 1573 46
1574 1573 22
1574 1575 14
1576 1575 50
1576 1577 58
1578 1577 47
1578 1579 83
1580 1579 31
1580 1581 86
1582 1581 7
1582 1583 19
1584 1583 31
1584 1585 88
1586 1585 55
1586 1587 88
1588 1587 21
1588 1589 93
1590 1589 24
1590 1591 60
1592 1591 90
1592 1593 55
1594 1593 81
1594 1595 39
1596 1595 98
1596 1597 83
1598 1597 3
1598 1599 63
1600 1599 27
1600 1601 26
1602 1601 97
1602 1603 34
1604 1603 2
1604 1605 26
1606 1605 35
1606 1607 83
1608 1607 62
1608 1609 74
1610 1609 48
1610 1611 8
1612 1611 51
1612 1613 38
1614 1613 48
1614 1615 47
1616 1615 36
1616 1617 27
1618 1617 60
1618 1619 6
1620 1619 50
1620 1621 73
1622 1621 36
1622 1623 84
1624 1623 63
1624 1625 87
1626 1625 32
1626 1627 26
1628 1627 65
1628 1629 87
1630 1629 40
1630 1631 50
1632 1631 43
1632 1633 45
1634 1633 86
1634 1635 58
1636 1635 70
1636 1637 27
1638 1637 37
1638 1639 11
1640 1639 52
1640 1641 53
1642 1641 4
1642 1643 84
1644 1643 22
1644 1645 18
1646 1645 51
1646 1647 86
1648 1647 46
1648 1649 54
1650 1649 6
1650 1651 86
1652 1651 98
1652 1653 93
1654 1653 18
1654 1655 81
1656 1655 88
1656 1657 22
1658 1657 39
1658 1659 19
1660 1659 50
1660 1661 74
1662 1661 15
1662 1663 54
1664 1663 34
1664 1665 89
1666 1665 27
1666 1667 63
1668 1667 47
1668 1669 2
1670 1669 72
1670 1671 100
1672 1671 69
1672 1673 51
1674 1673 20
1674 1675 82
1676 1675 29
1676 1677 98
1678 1677 55
1678 1679 84
1680 1679 84
1680 1681 89
1682 1681 30
1682 1683 92
1684 1683 43
1684 1685 54
1686 1685 47
1686 1687 26
1688 1687 95
1688 1689 46
1690 1689 63
1690 1691 79
1692 1691 65
1692 1693 79
1694 1693 22
1694 1695 34
1696 1695 4
1696 1697 68
1698 1697 57
1698 1699 45
1700 1699 65
1700 1701 8
1702 1701 56
1702 1703 7
1704 1703 32
1704 1705 37
1706 1705 64
1706 1707 60
1708 1707 43
1708 1709 94
1710 1709 34
1710 1711 19
1712 1711 70
1712 1713 75
1714 1713 94
1714 1715 78
1716 1715 85
1716 1717 6
1718 1717 6
1718 1719 53
1720 1719 97
1720 1721 46
1722 1721 69
1722 1723 16
1724 1723 28
1724 1725 20
1726 1725 62
1726 1727 92
1728 1727 27
1728 1729 79
1730 1729 10
1730 1731 87
1732 1731 2
1732 1733 42
1734 1733 82
1734 1735 64
1736 1735 43
1736 1737 3
1738 1737 20
1738 1739 29
1740 1739 11
1740 1741 82
1742 1741 84
1742 1743 53
1744 1743 17
1744 1745 10
1746 1745 6
1746 1747 70
1748 1747 53
1748 1749 12
1750 1749 87
1750 1751 36
1752 1751 80
1752 1753 5
1754 1753 42
1754 1755 94
1756 1755 34
1756 1757 79
1758 1757 2
1758 1759 22
1760 1759 13
1760 1761 60
1762 1761 6
1762 1763 68
1764 1763 26
1764 1765 71
1766 1765 68
1766 1767 98
1768 1767 46
1768 1769 77
1770 1769 77
1770 1771 44
1772 1771 76
1772 1773 91
1774 1773 91
1774 1775 5
1776 1775 59
1776 1777 21
1778 1777 81
1778 1779 83
1780 1779 61
1780 1781 32
1782 1781 31
1782 1783 12
1784 1783 1
1784 1785 86
1786 1785 20
1786 1787 40
1788 1787 53
1788 1789 36
1790 1789 77
1790 1791 26
1792 1791 62
1792 1793 79
1794 1793 84
1794 1795 91
1796 1795 27
1796 1797 1
1798 1797 55
1798 1799 96
1800 1799 25
1800 1801 76
1802 1801 32
1802 1803 34
1804 1803 51
1804 1805 57
1806 1805 90
1806 1807 1
1808 1807 58
1808 1809 98
1810 1809 34
1810 1811 83
1812 1811 6
1812 1813 85
1814 1813 69
1814 1815 80
1816 1815 17
1816 1817 13
1818 1817 84
1818 1819 12
1820 1819 16
1820 1821 11
1822 1821 99
1822 1823 8
1824 1823 9
1824 1825 49
1826 1825 91
1826 1827 96
1828 1827 55
1828 1829 58
1830 1829 57
1830 1831 21
1832 1831 93
1832 1833 83
1834 1833 41
1834 1835 10
1836 1835 64
1836 1837 9
1838 1837 27
1838 1839 12
1840 1839 44
1840 1841 71
1842 1841 57
1842 1843 83
1844 1843 40
1844 1845 71
1846 1845 47
1846 1847 91
1848 1847 25
1848 1849 9
1850 1849 18
1850 1851 51
1852 1851 2
1852 1853 65
1854 1853 93
1854 1855 58
1856 1855 31
1856 1857 91
1858 1857 81
1858 1859 57
1860 1859 28
1860 1861 39
1862 1861 2
1862 1863 84
1864 1863 80
1864 1865 97
1866 1865 58
1866 1867 37
1868 1867 91
1868 1869 79
1870 1869 37
1870 1871 96
1872 1871 79
1872 1873 34
1874 1873 18
1874 1875 96
1876 1875 71
1876 1877 53
1878 1877 68
1878 1879 63
1880 1879 59
1880 1881 96
1882 1881 49
1882 1883 90
1884 1883 39
1884 1885 6
1886 1885 56
1886 1887 9
1888 1887 3
1888 1889 91
1890 1889 84
1890 1891 56
1892 1891 37
1892 1893 81
1894 1893 95
1894 1895 82
1896 1895 3
1896 1897 54
1898 1897 52
1898 1899 33
1900 1899 14
1900 1901 38
1902 1901 19
1902 1903 55
1904 1903 12
1904 1905 92
1906 1905 23
1906 1907 12
1908 1907 80
1908 1909 29
1910 1909 44
1910 1911 98
1912 1911 19
1912 1913 76
1914 1913 89
1914 1915 30
1916 1915 21
1916 1917 74
1918 1917 64
1918 1919 63
1920 1919 83
1920 1921 29
1922 1921 1
1922 1923 82
1924 1923 46
1924 1925 29
1926 1925 11
1926 1927 95
1928 1927 13
1928 1929 7
1930 1929 44
1930 1931 12
1932 1931 14
1932 1933 19
1934 1933 33
1934 1935 31
1936 1935 20
1936 1937 99
1938 1937 61
1938 1939 72
1940 1939 50
1940 1941 88
1942 1941 45
1942 1943 29
1944 1943 82
1944 1945 3
1946 1945 1
1946 1947 77
1948 1947 69
1948 1949 61
1950 1949 99
1950 1951 3
1952 1951 100
1952 1953 85
1954 1953 93
1954 1955 63
1956 1955 35
1956 1957 3
1958 1957 24
1958 1959 10
1960 1959 7
1960 1961 42
1962 1961 36
1962 1963 78
1964 1963 39
1964 1965 1
1966 1965 17
1966 1967 1
1968 1967 19
1968 1969 83
1970 1969 29
1970 1971 72
1972 1971 35
1972 1973 92
1974 1973 33
1974 1975 77
1976 1975 70
1976 1977 88
1978 1977 24
1978 1979 86
1980 1979 84
1980 1981 97
1982 1981 26
1982 1983 94
1984 1983 72
1984 1985 72
1986 1985 81
1986 1987 88
1988 1987 25
1988 1989 89
1990 1989 93
1990 1991 67
1992 1991 64
1992 1993 76
1994 1993 31
1994 1995 81
1996 1995 97
1996 1997 75
1998 1997 7
1998 1999 57
2000 1999 21
898 1337 29
7 1055 76
884 1640 67
1909 163 14
1560 1063 42
350 312 89
746 1959 59
983 1763 60
131 1155 81
483 1076 22
1556 834 16
1623 1603 93
804 89 5
958 1898 40
708 119 47
1999 454 22
1555 1590 96
335 130 64
415 670 41
242 873 100
1808 238 98
1857 1215 77
687 1300 92
1136 754 9
1474 1470 67
247 1053 72
1892 227 97
1912 646 78
788 95 38
306 995 96
428 941 60
1278 1880 21
1543 1381 49
253 339 69
549 555 31
1062 1734 48
106 1820 66
1219 1463 50
1810 1597 72
922 17 18
1586 1976 99
786 375 82
1886 934 56
118 589 45
1238 689 73
1047 1584 29
713 811 56
1622 1223 45
544 1731 82
1125 1354 4
136 834 74
1683 318 100
55 1636 38
1540 783 52
1958 348 46
392 212 44
272 149 46
1260 784 44
1889 1910 78
105 811 46
1326 1221 42
422 1481 16
884 1622 79
1337 1817 57
1937 798 39
833 121 79
984 791 83
1639 1698 73
844 1033 22
955 245 14
1515 428 27
279 1204 80
546 165 82
238 163 77
2 878 73
1698 452 55
1378 1042 83
1647 558 97
285 1885 53
1705 1752 46
659 1402 56
1003 958 76
378 1467 20
1486 1973 39
1570 1946 77
1283 1088 14
1421 366 38
74 1456 84
655 152 58
1565 391 48
312 1639 48
756 180 59
1987 1086 59
1159 338 15
966 47 9
461 1088 24
40 495 91
1288 1473 50
809 662 40
1749 879 78
173 1081 55
1995 1460 95
939 1908 51
931 723 40
240 82 54
1791 1914 65
1343 856 91
326 1808 57
1433 1015 96
101 888 76
84 1682 47
859 248 85
1972 293 35
845 1818 73
1662 1423 7
704 53 42
1069 1261 39
1630 16 90
1222 614 66
954 446 1
1772 836 41
1571 728 76
1814 3 67
926 1347 9
397 488 23
594 1347 71
699 642 97
1216 1415 74
705 875 68
1882 609 40
1371 1695 13
365 878 56
1284 1291 59
1654 662 63
1669 544 8
1346 1098 4
795 1970 61
592 1653 91
1238 1543 82
767 1597 41
865 178 2
1523 1293 100
1519 1394 36
822 523 23
1242 1723 2
1237 735 23
1526 690 61
918 1448 96
1098 1600 20
461 966 4
1348 1082 13
704 1519 51
346 57 72
498 1925 1
839 1567 73
136 1580 89
1582 1852 37
1247 593 56
1425 1078 82
1756 404 53
238 660 72
1985 834 66
1398 715 78
299 813 67
1703 193 58
800 162 41
1125 298 70
394 1928 80
1985 1022 65
610 5 75
1879 327 67
608 713 26
1165 964 37
1438 1229 71
596 1207 66
1426 1919 48
793 132 36
1369 224 3
661 396 95
1015 1322 92
1292 1443 52
388 453 74
937 1277 85
576 1535 21
462 303 39
628 968 76
1273 734 26
14 1920 33
1676 1051 100
1907 974 61
80 137 7
1750 1248 17
1616 116 44
1775 642 4
859 1614 7
1336 1916 24
1111 1397 45
627 8 26
926 1891 48
80 781 95
952 172 21
1191 667 38
381 1075 91
1301 341 36
1026 1989 90
1379 570 1
59 884 39
506 1594 37
1398 1478 21
1042 742 56
494 215 85
571 1019 92
239 813 5
1200 1891 61
480 29 14
1918 137 48
1312 327 21
1836 94 53
908 1233 19
457 1968 100
441 235 15
249 744 35
1001 1285 3
568 330 37
1540 899 17
1604 987 61
1979 1953 13
184 360 93
107 550 10
99 1596 44
12 971 91
600 177 35
872 1418 55
731 1194 58
21 882 69
664 1403 28
1658 979 94
625 1154 53
42 1183 81
1711 1929 23
1758 1651 50
1305 742 3
1453 1730 43
1323 770 2
1731 1300 78
1479 359 6
48 349 44
1326 182 85
782 24 27
925 1425 28
70 199 50
1 916 39
1688 1595 69
1078 1734 92
68 335 60
1139 1679 86
1157 565 93
313 957 54
1122 312 86
1652 783 76
1964 45 38
257 1470 25
1982 362 29
1604 168 68
351 53 67
245 1747 18
109 1421 21
323 1107 59
33 657 64
263 1754 76
23 1534 96
24 464 40
1170 605 62
1234 1971 85
1292 1925 57
388 247 29
1535 919 79
1549 1599 34
1094 173 68
1319 859 17
1057 1855 95
151 1130 92
803 1532 63
1468 1448 75
1942 344 30
1039 1087 61
1331 852 2
1323 714 86
1292 242 63
495 548 85
1423 641 18
1422 544 79
1831 778 66
1030 1963 15
1764 1935 95
1493 1032 62
1803 32 47
335 1516 37
750 1026 42
976 1643 24
1838 758 45
720 439 36
102 88 3
200 1403 29
1888 1076 12
750 1431 57
1449 1225 5
190 811 97
1112 928 44
452 633 23
190 56 58
92 450 7
1492 1554 25
1321 1558 34
1041 1932 94
1626 92 55
312 1848 66
1453 622 53
1528 1241 87
699 558 2
878 1801 27
249 1981 60
1150 507 61
564 1065 87
1944 1842 75
1128 1268 72
988 434 23
1937 483 12
1705 1558 73
1617 1317 100
753 213 26
1105 813 19
998 1312 29
848 768 38
90 1900 42
629 632 30
1421 1559 28
1215 805 17
733 1766 23
1483 1211 100
1492 1369 95
57 805 47
1595 941 22
753 290 21
932 1100 4
1620 552 38
1653 1901 92
1979 1533 38
1177 60 58
441 1698 73
1935 732 95
936 834 63
1107 544 78
1938 1457 58
1004 797 23
1944 1287 21
1260 1680 51
1375 1380 17
1242 1884 33
1603 435 27
908 37 18
1000 1202 80
640 1933 39
286 13 66
990 1350 3
1490 1522 66
41 851 52
1461 1006 23
37 812 13
1996 865 20
1722 1984 26
577 1510 63
759 1472 37
319 1748 1
1744 134 86
400 787 68
510 1574 66
1730 1141 33
902 301 95
1039 329 100
1270 1181 74
1661 307 69
823 1310 50
1760 6 85
1189 552 32
1354 368 47
1916 576 61
1107 1676 57
1863 274 79
937 1080 5
763 493 20
308 132 85
266 1609 75
1828 1810 94
562 548 21
1929 1725 36
1806 1682 90
1656 1368 17
1104 1827 51
259 117 53
186 639 20
864 1587 42
1035 1355 45
504 841 18
1297 256 60
634 1371 40
1536 1156 29
738 4 74
1000 12 24
269 676 83
1546 1379 38
1852 894 18
945 1147 65
1918 541 62
362 581 89
1933 630 19
1751 514 89
385 975 99
543 397 15
903 876 54
910 1190 70
182 1920 65
1757 706 91
1322 356 61
930 784 15
578 179 77
756 658 75
1507 1287 83
1313 1528 90
308 1859 9
1311 103 15
135 1185 75
176 1327 67
1012 343 20
1782 1560 63
1856 1302 22
1367 442 57
1569 549 3
1420 1115 78
160 695 59
1113 594 65
2 1680 89
1668 197 49
992 544 59
1384 879 51
1869 908 98
1525 558 88
120 1159 75
1497 811 16
146 370 49
1787 5 66
1900 165 26
1611 343 21
1135 667 28
1454 1752 58
1573 818 78
1785 519 69
503 1172 77
388 1553 76
161 238 2
869 1000 44
108 319 21
1247 1023 75
1974 1319 14
848 1936 76
174 1792 3
815 1562 71
1319 981 52
1200 1934 6
27 49 59
786 346 89
1134 985 64
266 1150 76
873 254 8
537 836 39
1145 1958 32
740 1679 13
843 1172 48
784 1982 10
155 1743 77
1317 854 91
1690 432 39
1949 490 33
414 1526 98
1104 599 94
1776 954 32
1625 1107 35
3 898 57
1935 1753 50
456 408 57
231 1432 52
399 1390 28
1822 174 4
9 1320 96
1742 270 64
932 1252 71
1681 192 61
11 1922 6
1485 636 53
1626 428 9
394 281 23
1544 630 72
696 543 9
1841 1690 10
823 722 67
1962 745 2
1411 265 64
338 1277 17
1896 929 19
1929 451 33
343 164 56
487 1405 79
580 224 30
1613 1650 4
1489 252 79
1804 1935 13
1124 1702 17
1375 872 78
1660 1699 76
134 1353 83
549 1040 72
926 1068 23
742 1422 37
1965 842 17
1254 982 56
721 1480 11
1379 1289 59
1326 605 37
1263 785 39
1427 690 56
1136 1550 19
220 930 18
1713 1197 11
1040 314 61
1749 1737 79
1782 1481 4
1283 1144 73
1845 41 70
1913 1131 29
1949 1283 28
1619 1026 26
1997 1534 1
527 1187 73
376 14 100
50 1699 36
1996 1043 48
1728 1481 43
1203 174 30
1374 1697 69
1032 853 50
1968 524 25
399 1403 61
631 1956 61
197 26 20
556 561 80
613 1845 85
1893 47 89
1876 1415 89
1594 1933 93
158 655 46
1181 351 99
1560 187 67
810 1749 20
1993 1238 49
1304 255 63
1714 1 33
1432 1122 95
333 1219 12
246 1264 58
497 1124 97
157 1003 22
1484 1830 9
1073 1024 89
113 1677 33
806 1466 35
219 1954 55
897 1235 16
521 418 19
1923 927 10
621 1624 99
487 710 19
938 1236 15
597 1179 5
312 614 16
1577 1304 89
535 1052 65
1334 1152 35
300 1203 56
1014 733 32
364 243 28
1045 308 72
1802 1168 75
1521 1715 88
206 1800 66
506 1298 65
876 268 23
920 1137 93
367 475 55
1804 496 96
1707 1178 90
1994 1472 19
687 1498 76
1091 248 48
778 689 63
1277 571 35
154 1900 86
565 668 52
23 349 80
66 1842 71
1098 626 87
1943 985 47
53 1037 24
1793 1154 17
1528 398 41
628 1125 22
312 1039 16
229 452 70
1126 1476 7
606 1804 11
1055 565 71
607 1013 49
542 1256 95
1227 214 80
1174 74 15
1845 361 5
1729 102 44
513 1148 31
976 896 19
1754 537 88
807 1292 52
1212 1783 99
588 1618 48
297 1894 55
904 760 21
152 85 92
43 1164 74
1802 632 83
780 1426 10
465 255 30
1570 1531 81
1166 1810 99
1849 785 8
1026 244 7
148 1085 60
291 1097 38
1660 465 65
1084 1601 89
1432 962 94
198 741 17
1252 1283 24
589 816 56
450 1046 100
1649 1431 21
905 1197 35
1833 790 17
1331 706 99
1767 885 46
587 1122 32
632 696 35
388 684 100
1351 1050 13
1965 1077 15
387 881 19
436 1949 71
148 1049 18
1452 138 33
1270 1974 9
1559 1410 64
1156 1424 86
1111 199 33
598 1162 97
1113 1424 22
1539 938 81
286 1938 76
441 1747 59
1989 728 51
1234 478 38
1000 248 22
658 1393 50
112 212 84
1486 313 43
1540 730 55
846 905 82
499 1840 95
1081 1159 95
312 984 41
18 360 80
121 1916 49
407 544 49
658 685 85
555 332 43
1132 92 33
475 157 79
1657 417 31
1886 39 100
239 122 56
1567 1369 54
718 1185 63
22 404 92
121 797 32
261 709 74
1938 1693 26
562 115 12
533 1408 9
1529 255 48
548 262 38
545 1557 82
1828 1779 41
1894 766 97
857 1664 82
1841 79 89
577 100 61
1305 6 32
517 1350 67
1605 1138 57
1278 676 27
122 36 55
34 1405 84
1917 1880 61
1250 1089 61
1515 81 80
1060 54 50
1754 814 12
412 173 44
1792 1238 43
1579 1186 63
430 933 23
1257 1129 4
1706 1016 63
1968 1733 42
677 870 42
402 756 62
1793 628 71
505 1527 11
1713 1372 45
237 608 46
269 45 35
611 1881 46
895 1090 54
883 1204 90
345 314 61
438 1311 25
675 1020 37
532 87 60
1281 1908 35
1477 847 71
53 146 65
1199 305 72
1701 1417 48
1806 849 93
686 1000 19
611 931 40
639 1780 84
867 1449 34
1243 1695 67
1063 412 29
1047 818 68
1612 1426 2
1681 1535 68
321 1112 5
1164 120 22
1492 1307 78
977 361 23
252 219 23
1814 1951 48
1252 728 96
356 1876 22
144 100 90
406 432 69
1543 936 92
430 382 8
1609 516 59
390 449 99
1967 1315 96
687 960 25
482 425 29
1657 479 55
1078 1360 38
1040 1396 33
80 1983 68
1856 818 55
672 1615 66
275 435 28
1528 1902 44
550 1347 30
549 794 91
145 381 37
643 124 23
267 1734 85
1070 547 20
1198 1761 80
98 987 50
1413 908 31
495 1003 81
1102 1269 23
948 1055 58
952 248 10
352 837 61
1918 1572 89
1867 1154 25
1877 798 91
1192 178 8
991 1211 56
396 1155 64
991 702 21
1875 370 81
1474 383 93
161 880 79
497 1899 41
1204 111 69
195 581 10
1788 1715 62
858 1615 27
1498 892 70
209 1610 56
932 66 34
546 1118 51
862 1824 15
1164 193 88
479 1368 31
295 78 38
1240 256 6
1552 1420 78
169 1828 70
554 697 53
1531 279 91
1567 1771 34
343 1584 97
1930 1351 97
168 1167 41
472 1537 21
336 142 36
96 1636 91
392 1391 95
605 508 98
723 544 53
663 591 60
744 378 83
1224 1348 60
716 110 49
1664 910 33
1700 252 2
578 142 64
474 886 85
185 128 58
1381 1961 62
980 776 59
1945 1143 25
1700 743 99
173 935 42
564 582 39
1096 1753 22
81 1239 29
276 1147 8
5 1939 34
1392 1308 59
133 1056 89
1302 735 73
1324 51 71
1156 1951 94
187 1290 80
1150 146 71
1657 1222 47
475 1367 34
1795 33 32
1155 1156 36
951 1455 58
1313 395 41
1604 1022 88
1089 934 48
23 1261 62
1479 1640 20
1473 1176 95
1127 866 46
1487 1856 100
153 1133 1
1000 1067 20
304 908 58
1500 1123 84
194 1562 77
918 148 62
1928 460 77
1078 1871 90
417 138 12
884 1462 93
474 1756 1
1640 250 30
1369 1683 28
1072 29 13
423 763 29
415 1011 57
1725 978 8
987 178 44
555 415 63
1440 1462 36
462 599 68
1030 1886 69
967 1801 100
1681 1493 14
986 1982 18
892 1359 6
710 448 24
725 1212 21
230 413 88
1806 513 49
299 855 3
629 45 12
863 1509 10
549 791 81
1787 683 72
62 1701 24
1173 676 83
160 912 15
1891 685 41
1277 1992 14
128 557 77
1113 317 43
1717 844 15
1376 289 87
1470 1375 63
164 1752 17
54 1974 52
499 726 99
751 1899 75
486 1904 34
1435 1314 91
1476 268 96
1608 1613 32
346 1157 40
216 1787 3
1599 1709 56
19 1282 99
529 1429 77
1310 1791 27
790 692 2
674 1959 61
531 1174 81
50 1229 65
1295 619 50
147 168 64
1642 1595 7
94 255 68
223 1735 85
207 1298 47
1980 1479 25
778 1955 66
1440 1551 70
1052 87 35
1378 1660 86
731 1267 20
1101 1069 63
1034 1006 22
1695 416 91
1743 1152 5
1923 638 65
1255 521 18
1529 1645 9
934 833 14
444 989 61
1385 473 65
491 1805 86
1338 1821 39
1271 1918 53
743 582 80
686 141 81
764 1401 71
1848 995 54
1848 575 44
1796 54 79
1689 15 42
1692 408 45
510 1478 45
538 319 26
738 1672 63
1464 310 66
1847 834 53
683 1125 17
499 1824 50
886 1243 49
369 790 39
915 887 63
1970 538 2
1545 72 29
143 72 53
1891 918 8
1314 1508 51
44 389 30
815 811 48
1611 114 36
1365 1245 93
1139 22 19
278 827 78
590 113 46
279 1388 44
666 211 89
775 238 49
712 240 57
986 782 70
1548 385 100
1210 1353 23
634 915 65
1747 1412 10
590 1473 24
1895 158 70
1745 903 84
889 1713 43
1519 1952 18
614 1763 62
919 617 85
756 1368 88
336 636 63
1280 241 50
1387 1432 7
1785 1141 83
1890 519 89
880 613 71
1599 514 50
692 1938 4
792 1219 2
1020 29 24
1930 1125 90
1234 1796 65
825 947 14
896 1799 71
743 1741 80
153 863 6
170 1949 38
1399 424 64
1727 1025 79
1288 321 27
1297 825 82
1845 655 66
1699 240 35
647 1985 3
1829 719 38
493 659 52
617 1266 26
1678 1943 46
144 1730 89
341 443 57
1507 1498 48
1117 1391 37
1293 1369 31
141 930 36
400 1410 1
516 1923 7
1057 550 49
1782 956 98
641 1417 16
324 897 58
1997 706 19
989 1368 95
188 240 4
896 1424 65
659 371 88
50 656 86
235 1418 19
1024 1593 46
1960 69 60
1799 196 65
965 1160 57
411 468 6
851 1902 88
829 1265 100
1795 1354 9
1884 1504 34
1520 652 49
105 335 44
692 67 73
1234 833 31
33 66 43
1385 543 94
814 1916 48
881 1077 86
397 310 21
1797 125 92
908 380 96
505 1467 15
258 150 59
505 1265 65
388 1718 81
654 287 78
1259 1034 13
236 303 63
997 254 39
636 550 83
864 1395 62
1848 1392 44
3 1541 24
1784 912 50
570 78 91
1491 1492 80
222 918 17
1548 1660 72
1578 1316 88
1398 311 72
161 1940 48
409 1859 21
840 1605 56
1815 472 60
814 1759 4
1562 1600 76
1684 821 14
1339 1279 81
734 261 75
1830 1995 47
1762 1553 88
755 1297 2
218 1462 37
949 1219 4
997 460 83
1322 833 94
364 1246 25
841 1861 87
924 966 72
1410 655 86
726 1828 52
470 152 32
1702 903 19
484 1060 37
839 918 45
790 203 25
1215 99 1
1980 1940 4
1914 22 42
968 1245 47
337 703 60
1960 1755 42
1857 991 4
1485 32 41
1989 961 17
1878 662 50
479 131 15
209 710 16
1300 61 92
5 1127 90
1065 1937 67
848 1824 70
1868 1566 32
525 1066 92
532 1005 15
410 833 64
294 1300 13
1785 205 92
710 1853 59
835 1266 87
869 1661 91
1599 785 93
994 1175 31
1716 844 63
1837 968 67
1829 252 11
708 424 85
880 57 27
1089 574 78
896 775 40
1559 1564 99
1369 1696 30
1036 370 69
407 932 63
706 800 100
937 958 48
2 1671 12
1423 1265 62
1664 1158 7
55 1878 5
1549 1472 7
1462 1388 9
1660 407 63
615 1653 71
963 1486 16
1826 1067 20
1004 490 9
1272 1876 47
719 1616 39
1187 457 35
1322 1543 82
420 1612 66
907 1482 95
603 575 97
1333 1871 70
113 478 49
328 651 82
105 113 4
1902 154 33
1661 1865 93
1163 791 10
1084 1521 17
1051 1784 80
1716 399 31
1849 667 21
684 788 42
1599 994 68
24 1186 43
1242 1479 22
1843 1683 29
709 1949 61
693 167 39
910 1999 66
686 249 88
597 332 86
1672 1154 17
113 1502 11
1351 903 16
843 1228 46
48 1461 48
339 379 96
673 1129 57
971 312 75
1358 1089 24
1357 126 32
420 522 15
562 739 47
805 1738 93
1936 1642 37
35 1617 71
1245 39 71
1869 1162 92
437 175 12
279 1586 81
1689 722 4
379 718 11
941 1704 62
290 207 78
1538 1243 84
608 1945 58
1793 1634 70
935 1880 95
1264 963 25
547 1631 12
925 1873 13
457 973 33
1545 735 62
958 646 99
1539 1594 58
437 560 27
942 584 38
105 239 75
866 1538 69
1134 192 53
1681 1100 23
893 1756 45
1542 734 28
1191 1849 31
127 186 44
254 1936 92
1334 1447 97
1820 159 77
1693 356 76
1385 1131 42
600 1724 90
1907 1617 12
831 1962 59
1922 74 62
1509 1658 49
697 1347 76
1240 1634 99
1182 1115 15
1076 523 30
1190 950 44
469 522 70
288 726 32
667 1031 15
206 1839 17
945 1507 27
823 1256 37
748 1427 48
370 896 94
13 1814 63
225 116 38
714 1227 85
534 392 90
439 1478 65
1684 1343 76
1347 1773 66
197 1198 46
1057 68 33
1978 1370 45
436 340 33
468 832 21
1895 1512 75
1850 531 37
242 100 12
767 109 60
1879 417 72
1797 1541 95
1904 1783 74
451 1853 70
1800 889 32
1660 1127 80
959 1450 23
1309 1507 86
1960 283 38
1656 124 22
561 428 62
1478 1209 42
1855 9 96
420 232 13
1049 989 47
668 267 84
1431 669 99
1380 894 19
415 211 98
1617 78 43
1790 1384 89
1972 205 54
1037 1997 76
248 178 12
1833 532 8
920 1102 12
780 616 28
1619 485 48
1685 979 73
1048 368 79
1201 1614 100
333 1447 47
1089 1717 65
810 1180 91
1714 1475 25
1407 1255 36
1283 1373 63
15 1655 25
1132 328 8
345 1778 17
1357 155 97
767 1968 37
964 1574 44
1742 1377 8
1408 1385 10
453 915 59
376 1520 100
1781 466 37
1551 870 48
933 1495 80
1878 422 19
951 718 6
309 1820 91
429 861 34
714 794 58
1925 68 63
1787 860 43
1754 1111 16
1001 1514 72
1532 1933 71
1616 1396 53
1155 1692 87
722 566 76
744 1046 47
348 531 98
1798 1207 85
708 1911 17
274 47 1
1865 267 57
1196 355 90
30 961 89
65 64 48
658 1372 70
1660 1063 65
861 1718 72
804 208 22
97 520 63
694 465 86
703 883 1
1577 943 32
1807 1796 69
1278 489 59
890 1399 45
1773 950 17
1383 1117 57
672 503 65
1921 1552 31
815 583 75
957 1049 16
1482 1475 60
1491 426 95
552 924 59
419 984 7
884 369 43
69 1183 41
343 1467 8
441 1769 93
621 1201 47
1536 1932 20
1420 192 95
1005 1053 26
797 810 36
1197 875 55
1414 1463 23
1176 1648 65
1951 1355 81
336 909 13
415 306 65
1674 678 95
1869 795 87
927 667 86
677 902 57
1180 1984 24
1399 845 42
1827 301 10
452 758 41
50 1366 79
977 1842 65
1065 480 14
652 844 21
303 363 5
31 661 59
1051 959 43
1563 249 57
1316 90 81
1116 519 98
1197 521 84
986 1873 89
1790 7 42
1237 1466 19
1435 1155 36
20 1434 72
1962 1283 31
880 846 45
678 908 99
851 585 3
829 1625 65
270 298 79
603 1189 86
1292 1883 93
1243 1501 16
1683 776 66
1809 199 74
860 76 52
1448 1338 73
89 966 99
1050 919 67
631 691 83
1931 1479 4
1725 647 49
1706 1054 78
545 1650 18
782 1693 42
1952 556 2
1581 1172 46
442 945 98
288 1717 65
1078 1904 15
1993 1578 86
489 1065 32
34 112 35
1222 1026 76
748 1285 30
1168 1296 4
1580 778 31
1381 352 9
438 1564 63
861 419 9
1219 754 81
679 958 36
91 922 52
1724 867 48
1656 942 76
477 1118 40
1711 101 53
1837 1793 31
687 508 80
680 1342 73
1191 1240 76
1323 275 51
1626 796 86
606 1023 66
951 1407 74
1501 1617 46
1617 151 1
231 1578 86
1216 1049 56
1047 459 80
1380 610 17
1295 1944 89
1656 699 69
162 1016 29
1716 1864 36
911 1523 58
1478 1190 52
20 336 38
34 301 42
779 1325 73
395 479 43
765 1852 96
1106 1490 45
703 732 23
998 1563 95
1047 869 8
630 1165 100
395 261 65
1799 654 31
1948 1895 18
1397 1056 66
1030 1051 52
1072 660 32
1725 1491 4
711 1030 71
1009 1147 84
1696 1506 18
1852 1004 66
1003 1592 80
1412 348 96
1685 1077 92
1288 31 99
123 1501 98
856 1111 6
86 569 7
81 1115 41
877 1315 67
10 183 100
1473 1279 75
676 1774 95
1530 517 71
482 1137 48
1878 475 10
1156 1336 53
1701 31 66
1424 787 67
1337 1316 9
1773 168 8
1539 1683 40
1241 1177 53
198 1775 77
394 1943 85
383 1574 78
997 968 54
1469 837 51
262 1170 78
1606 1428 90
47 449 19
1513 685 54
296 1446 84
269 591 6
399 43 17
917 826 11
580 150 32
967 217 91
473 66 76
15 1932 7
672 774 6
1165 1901 45
38 664 75
1582 301 36
735 1514 19
669 62 36
1000 585 23
117 425 60
922 288 12
1124 500 16
696 207 22
1419 344 26
12 1387 23
488 132 79
1102 423 100
1193 606 92
645 1763 42
174 1133 80
937 1576 85
1624 1442 17
570 902 2
1179 1678 97
191 1349 30
763 1632 100
1287 1874 17
1240 725 70
1595 522 28
249 854 47
500 1565 93
286 1822 61
1283 491 18
705 1019 97
1661 1724 41
902 157 36
152 1824 11
776 588 50
547 1902 29
99 187 17
1368 1912 25
130 1329 81
1347 1854 79
1994 643 79
610 377 22
1935 299 68
824 718 34
1741 591 60
1164 1943 57
1561 1712 18
674 1107 78
1608 1552 31
1999 829 59
1601 1186 72
379 1933 20
534 1899 20
904 1710 70
951 289 42
675 1870 28
163 1688 49
1544 494 98
32 818 67
867 1478 100
249 1696 69
255 121 42
1414 1585 44
85 1796 36
864 1554 82
1029 473 72
1904 1440 82
888 820 82
810 1706 71
1244 1943 17
1078 1798 81
817 1994 100
807 540 57
268 351 81
1244 28 95
565 929 76
1082 537 3
1903 1503 81
1040 1121 31
222 702 21
207 842 73
1393 1204 27
1179 1295 15
1038 772 56
1606 723 51
131 218 24
922 1461 21
286 1424 23
755 1786 25
998 1106 35
603 618 26
704 1099 69
358 751 96
1955 1839 85
262 97 32
959 701 22
1901 604 63
364 1688 27
501 1713 14
828 366 25
664 38 47
1881 1511 77
595 956 2
562 321 4
1355 478 77
426 447 1
1868 1706 80
1205 522 60
1536 1390 35
295 1691 46
1270 1263 24
950 1152 71
1918 841 30
840 442 85
638 465 61
883 640 90
1282 175 5
290 1064 57
1887 162 40
1131 485 59
852 788 55
547 1031 15
10 122 20
395 1557 97
1361 1509 10
1800 116 94
1134 891 43
890 969 86
1582 1755 57
1544 1654 98
1599 1734 99
349 1613 88
1939 1977 81
714 671 15
173 1329 16
1790 1299 16
276 1969 16
745 1086 15
464 807 33
302 773 53
814 263 13
1641 1132 60
778 118 87
128 544 97
602 939 83
1210 1322 40
1924 975 26
1765 749 15
1137 941 81
603 4 55
697 74 12
970 1890 5
1804 874 85
730 87 65
1659 1709 12
1422 1282 92
783 920 35
1516 256 2
487 1106 68
1312 1846 18
704 1137 86
115 685 60
1016 736 46
1731 1045 74
226 632 11
1216 1870 1
1081 1165 62
819 1711 34
1623 343 51
1080 1357 72
885 1986 30
1103 826 46
1231 1454 75
265 1823 20
1002 1763 59
688 229 62
1485 788 75
193 1815 94
1610 1128 16
1435 1901 15
1145 1763 9
1623 1706 74
1533 869 42
1158 1577 10
54 457 62
1936 76 3
1573 262 34
793 1532 90
685 1088 85
1597 23 51
983 864 69
13 1986 4
209 1755 48
411 1872 15
864 1559 71
60 1945 94
810 441 63
1875 618 40
47 1588 26
1133 1653 16
752 672 11
896 1852 3
522 1322 6
1201 1453 51
514 1521 70
1638 270 60
65 396 100
1492 1202 60
760 1333 71
1652 412 10
217 1146 32
1784 1423 58
1703 295 6
228 46 33
1944 359 63
1257 1935 36
265 1187 11
1229 399 54
1048 241 86
1378 1313 46
941 883 87
58 657 53
1293 655 36
1949 827 40
1386 1649 79
1781 1110 15
48 691 13
1141 1271 54
709 416 42
1377 1406 81
710 265 8
1084 99 78
457 1455 37
517 1103 27
971 230 16
1464 1559 69
1467 1694 20
161 1941 39
1615 216 90
1069 1455 18
1130 1404 20
739 1535 57
122 462 95
1592 1935 87
1429 560 89
999 1078 8
1124 472 16
917 197 45
1809 1284 54
944 603 39
1953 896 51
1807 1480 49
980 1776 39
1698 762 76
1994 879 99
522 717 52
1241 1177 15
1167 588 48
1508 1998 25
755 504 4
1526 1509 70
1480 889 14
373 512 25
1682 842 76
1071 1377 51
353 1925 75
12 844 98
51 804 15
1968 1732 6
680 92 43
1385 1678 94
1343 37 2
1171 311 73
81 454 37
1238 180 28
668 823 25
1499 1906 21
1222 97 98
945 906 48
142 187 10
674 16 30
207 673 77
72 187 48
1585 1970 67
1578 36 82
1452 1533 76
1284 1317 76
1707 1856 20
850 222 66
1693 1739 71
1425 1053 36
937 811 63
135 1327 45
366 1666 57
1611 51 82
1248 1492 22
1792 818 71
670 1309 40
822 885 27
688 1177 57
922 1345 12
1788 1820 70
643 634 16
71 1561 52
1621 886 76
700 1873 21
773 1796 69
1538 245 100
630 1191 94
1806 625 95
704 1442 48
1566 158 16
219 564 24
1912 1373 15
1505 454 75
19 963 17
970 708 50
23 748 95
465 1484 14
1778 1989 12
1528 1109 76
1217 1549 69
763 958 21
1345 72 25
64 1443 66
571 725 31
1975 1241 8
186 1887 84
1984 247 43
528 703 86
1806 1256 69
988 634 20
143 1509 24
1491 1768 10
786 15 38
690 317 83
459 1355 95
957 675 18
1420 1839 73
1864 1038 68
267 186 69
425 849 33
1304 601 89
1254 1525 79
389 1885 28
948 1225 34
1752 896 40
1383 246 98
83 1555 9
1589 397 88
587 85 80
867 701 98
1798 972 96
1998 937 38
1242 995 19
603 1245 73
438 333 79
96 1675 41
1594 1966 88
1838 442 20
1821 843 6
413 1229 69
1626 1318 79
930 1557 95
1406 1895 46
1740 1378 89
1274 523 94
368 974 77
1103 1610 83
323 1304 17
1257 1854 96
1778 402 67
1326 676 9
1681 1560 39
795 899 10
325 243 67
39 555 93
1398 1104 13
757 1883 30
744 733 64
629 714 70
960 172 24
620 976 94
316 1836 61
548 1665 10
658 1292 11
1292 862 23
1425 1076 58
754 875 17
457 1309 78
235 234 86
1450 1800 73
1105 991 80
1778 1077 83
435 1659 68
736 587 35
1539 545 38
1479 1914 39
1955 1118 60
735 594 69
1170 1465 99
664 445 57
1293 405 42
1175 1292 60
194 1485 16
1590 1140 65
484 966 87
1561 881 52
1546 162 49
1684 1366 47
391 1331 64
1357 266 40
1695 1193 33
1281 59 94
440 583 83
1388 1998 52
90 446 71
553 63 75
860 260 52
1508 61 81
1275 1647 46
122 704 18
1412 944 56
773 1325 91
26 508 60
999 223 16
672 1734 57
918 1576 39
388 1021 58
1437 1420 21
1382 1347 82
663 69 25
539 1446 79
1069 1212 72
1320 1373 27
96 1089 35
243 224 36
1411 1742 37
869 336 17
1950 1708 55
1268 1346 62
472 701 9
926 1093 99
845 1720 67
277 1044 68
915 65 72
168 1857 96
1129 1758 34
297 1073 49
1519 904 85
1100 378 83
1451 222 19
1421 279 68
1746 491 59
1419 1305 99
582 147 97
1224 1154 55
1735 1064 47
1052 231 37
621 308 25
1375 1573 62
1868 95 2
1763 708 82
622 1876 17
183 306 73
304 1461 72
250 1224 45
1398 1435 37
378 499 89
551 753 52
485 1417 2
856 595 89
1850 1326 55
398 430 64
1992 440 54
680 1047 47
1070 321 74
1021 1677 64
811 562 85
634 5 96
1231 849 71
800 1015 57
589 1713 18
386 443 84
1879 1765 52
238 1932 4
12 177 47
521 273 73
509 1773 69
314 759 55
1018 667 89
635 37 48
767 1197 37
1292 222 97
1400 1032 83
134 313 43
256 210 47
1845 1504 31
1962 1538 21
227 144 87
1618 463 66
1780 1101 38
1222 1431 22
873 71 50
252 1248 13
1549 377 8
1425 1985 71
665 854 55
1320 95 59
847 900 94
904 555 20
754 1117 37
362 212 4
1933 464 56
1 946 22
773 421 4
1642 1893 21
1556 1199 7
1978 1310 65
864 737 7
1509 195 35
1486 1557 9
1365 352 18
1628 434 98
220 740 91
1310 776 84
1544 24 33
635 1954 29
706 1993 24
264 370 11
338 1190 79
404 1672 96
1863 353 79
1083 110 46
1893 419 45
373 1222 89
1043 1356 18
240 536 64
775 1298 55
1550 1954 41
1958 1487 37
961 1659 24
681 338 49
90 1736 22
1358 1084 45
931 1804 76
1677 1370 42
1163 1695 57
1733 932 42
491 1436 82
100 25 98
1590 329 3
1964 1024 67
1550 681 28
753 1444 41
1758 1625 58
1896 342 67
1068 1787 98
276 889 6
1591 972 47
1395 828 10
1587 561 87
1587 540 38
354 1880 8
861 1894 74
209 1663 64
1068 1289 73
1005 260 33
1547 1475 66
1289 1700 35
44 1029 98
1524 1340 28
1324 782 3
719 117 69
349 987 21
1809 1051 45
618 891 88
1328 320 39
1423 185 14
437 1680 85
452 912 96
957 839 59
320 305 77
158 1166 16
760 581 95
1933 199 94
1584 1686 5
1362 1001 10
378 1531 53
1793 819 87
1287 1982 64
1692 1873 30
1624 343 50
1550 895 49
1872 1283 68
227 563 78
1070 1374 3
1275 957 35
1315 65 43
794 1180 34
544 1063 98
1692 1464 82
814 1335 42
1217 1923 85
1355 1037 8
1323 1897 100
390 1672 39
153 1389 54
327 959 76
1127 1901 59
845 1832 8
1743 1182 27
137 890 3
1119 775 78
1386 1310 45
1827 1641 82
614 1194 32
1458 154 46
1141 1736 25
318 786 96
460 1913 78
1875 1155 18
714 526 8
289 1912 75
1802 1150 85
1647 1639 41
1450 33 66
1488 513 32
1696 1316 59
894 997 94
1837 42 50
451 1180 18
1517 1108 42
1942 567 93
298 673 47
232 67 83
646 1754 85
1398 1987 83
1365 1671 73
289 1381 18
1215 1645 6
1875 793 2
1228 1861 39
1245 56 82
563 459 81
924 63 9
601 331 38
1707 1802 17
1527 1830 7
1987 1226 47
1753 1262 78
1403 1398 94
1400 416 4
773 980 77
1596 1681 48
619 1571 7
35 596 7
1770 649 26
1866 1166 14
740 1198 95
1809 1187 23
1417 1897 9
1068 1549 96
197 1178 28
1640 1210 54
891 1521 59
253 1301 78
1021 437 79
1204 1371 81
1090 1473 34
1976 640 9
862 345 23
1255 1733 27
65 361 88
1510 457 56
588 1004 9
1810 1388 63
26 1872 45
1324 1167 78
1220 1161 39
1074 72 63
1855 23 54
1504 1144 11
1437 1231 91
1136 934 1
358 1282 20
1886 559 43
1434 244 7
1080 1270 96
1237 764 39
1317 287 80
553 1569 63
900 1668 56
1888 947 7
1378 1148 25
673 793 48
20 1849 60
1719 1798 89
1568 1487 18
1431 730 17
1897 1406 61
1089 1157 17
504 1675 59
1038 241 34
1776 1276 77
849 1472 90
911 900 90
1064 159 56
401 1296 10
936 393 36
1830 1845 48
499 1451 23
573 1334 52
548 873 71
769 1600 50
1924 946 58
1531 1460 75
483 533 53
1524 1950 93
508 1955 11
1368 1025 78
1746 179 72
767 1016 68
66 1786 21
1626 1115 86
1679 617 24
32 630 13
785 687 18
312 329 7
1391 1573 83
862 411 48
866 1251 60
1621 1796 79
1222 1481 85
203 1498 26
605 1219 51
1979 1340 57
694 82 61
137 197 58
1197 1374 54
585 1808 43
846 1889 5
180 952 62
438 289 60
98 935 1
1983 1926 79
1222 410 29
1482 963 99
995 262 72
1650 1624 27
1692 960 34
1159 1801 2
1065 1545 23
1713 1264 19
1929 1034 74
1157 1913 69
210 99 95
236 1022 79
557 1953 98
1997 216 43
1885 810 8
473 1860 47
1974 1002 15
634 1628 9
1763 419 35
784 1282 34
1754 1319 91
151 1357 100
1671 818 75
1162 1714 9
146 1443 82
1064 1237 16
1266 1923 36
1612 1112 37
274 1730 20
95 377 40
1170 1783 82
1212 298 22
716 961 35
1569 1234 64
7 1506 50
1980 1535 45
1180 1639 21
1081 1484 8
1902 1804 46
1367 1515 95
414 142 19
562 1664 61
898 413 27
243 840 58
1921 1536 51
1316 1826 93
1905 331 81
1599 1080 21
1750 654 60
1551 918 23
305 1099 57
266 1577 23
1697 1192 70
1455 1196 98
636 191 99
447 1979 41
240 1778 67
525 1068 68
1019 923 89
1630 1543 46
699 1081 13
700 1228 59
203 1333 88
4 404 6
1617 495 57
93 950 58
514 1597 20
1374 1785 22
1824 813 68
1342 257 23
1692 1756 65
1840 758 18
748 1997 4
1698 690 62
249 964 32
1825 1219 17
735 986 87
1036 1003 72
1940 561 51
488 1474 90
1956 207 23
833 233 50
1421 1066 68
283 1531 21
915 1067 2
1169 535 71
548 1213 7
902 1997 60
913 1051 74
1059 1809 71
264 519 37
1487 1731 60
1475 1342 71
1926 1228 70
1928 339 10
177 1077 66
596 831 62
1054 942 4
1086 806 26
608 1654 66
897 709 3
1139 268 12
672 1628 26
1632 40 23
342 1582 84
1073 1733 43
776 923 81
365 817 94
97 947 15
854 1182 58
1485 319 22
242 935 17
634 510 25
172 1506 36
289 828 74
187 427 78
128 881 55
1214 510 6
1084 410 90
783 745 96
1419 527 47
61 250 27
1268 1954 67
1467 1137 8
366 1895 63
1582 73 7
248 1070 41
415 1110 94
281 978 34
1955 1314 23
1580 52 70
1826 1787 10
1325 247 34
706 1183 56
1935 718 92
1497 169 76
499 417 82
1278 1853 34
1424 1342 4
1893 737 49
1335 734 45
39 885 83
1281 1907 88
1877 816 21
1041 460 4
706 1770 8
386 1924 91
1959 1411 70
314 1923 58
1324 1604 2
638 1745 34
790 821 40
383 912 48
958 404 99
741 724 31
1997 668 8
1096 246 72
1881 1822 33
1941 734 30
1735 929 47
1994 1549 78
494 482 51
1192 638 6
1473 816 43
1900 1784 26
1637 1215 21
273 1909 19
1426 407 92
235 1991 31
1643 1862 27
1721 275 76
122 522 90
93 1060 28
271 1222 32
29 985 47
1681 1130 73
1745 1992 2
957 989 21
798 404 96
995 648 42
731 1174 5
858 530 89
1944 1331 79
319 1014 33
748 709 4
803 29 52
432 1499 18
250 1092 14
1327 1948 39
666 1622 9
1364 496 22
1971 1613 95
1215 1541 25
1263 1185 1
1799 1384 32
715 799 15
140 967 86
226 956 61
896 1904 82
1269 1918 16
1995 1396 14
1533 1386 18
737 1224 1
1204 1128 41
718 317 36
140 423 91
951 827 84
1886 954 50
1997 1612 42
259 111 45
1228 1747 24
480 27 6
1502 1299 24
1618 28 89
169 1593 64
276 1478 84
1516 1689 18
885 596 50
1525 607 74
633 1739 49
1420 1188 75
971 108 22
1965 135 74
266 595 75
560 502 79
1134 1663 85
1783 487 77
202 43 61
1207 345 39
973 1589 56
1211 322 4
1158 158 22
1090 832 67
1585 525 2
1683 954 59
1862 1724 42
1891 1404 5
1829 497 41
1592 921 62
12 1300 45
1982 877 63
1360 387 41
969 587 5
1721 888 14
107 377 8
724 1232 96
646 1156 20
1579 514 50
962 835 74
115 70 64
361 1011 97
1626 701 5
626 567 69
1224 270 41
1682 1149 79
1304 84 92
1519 1750 5
29 1867 5
472 1999 87
902 1462 3
1611 1133 83
1765 727 96
887 719 17
1456 1893 30
861 948 11
1592 970 14
64 340 36
1405 1869 31
29 1994 89
1889 660 86
1432 216 65
1227 1295 40
1380 1946 82
1418 927 34
390 519 18
1396 1570 60
52 1433 90
871 1562 82
640 629 29
795 1143 48
764 1813 11
725 1424 14
907 530 8
186 122 54
869 1994 14
1806 389 97
570 1605 72
780 1956 71
1067 874 25
1385 106 10
692 1008 89
1385 204 52
287 510 45
1957 1390 1
1052 760 86
131 594 17
1212 1933 34
216 665 75
1543 1991 97
1386 167 62
816 1915 7
742 1296 62
487 580 79
937 350 32
1474 612 52
207 1894 2
1391 1071 19
875 1602 50
1898 1470 69
1091 1941 60
138 395 99
1818 1813 5
1282 801 67
912 588 55
1691 456 74
1051 915 7
2000 1453 8
558 1404 42
908 1604 51
954 1656 76
633 1457 80
715 1970 70
481 697 9
1383 894 89
645 1451 34
1142 1892 87
1954 1203 57
377 546 87
1834 1907 46
1900 212 62
108 1222 97
956 1533 51
1985 498 40
1312 270 45
102 369 37
1041 995 84
1155 904 79
1858 1152 94
985 41 74
1055 1076 6
115 1610 59
694 1859 8
79 700 14
587 91 6
795 59 24
397 336 39
1295 170 5
23 920 69
79 1988 6
554 362 14
1324 1803 25
1105 1505 100
740 664 92
745 566 57
462 281 26
1487 127 72
93 1195 48
1329 1857 37
83 10 15
745 1199 58
43 1858 39
944 1822 44
487 534 10
418 721 53
1560 45 33
1966 1692 56
1438 297 57
1797 375 39
1432 1444 12
850 642 1
1978 1460 98
794 591 76
1290 1324 70
1661 1720 66
1689 225 97
1911 1355 72
505 1342 65
555 1827 27
1076 1039 10
525 1 65
1082 999 54
523 1402 79
1726 559 72
1722 1053 70
713 1833 63
1622 915 29
1075 450 100
1408 1643 26
1867 24 7
1724 1287 63
606 1531 91
279 1070 69
652 1963 22
223 270 57
1975 869 13
1892 913 60
1704 798 45
1781 824 39
1050 565 71
339 1304 17
1667 353 15
1728 49 85
1557 999 69
1333 92 12
627 1433 32
333 961 46
232 832 10
1041 799 36
1195 1124 41
897 756 21
163 1140 16
1204 1698 17
669 684 46
84 1181 28
1550 1888 23
937 1746 23
585 1133 27
1374 391 72
1552 178 76
883 1072 78
765 1606 59
1035 656 74
497 847 72
336 1426 78
588 601 1
908 380 68
1782 1808 72
1148 1689 75
548 1103 61
519 892 15
151 703 77
1275 175 66
842 1649 87
320 1776 54
743 314 63
1108 1521 9
612 786 90
289 1848 50
238 1173 95
264 650 8
1887 1553 54
1179 520 35
876 448 13
1508 1335 36
1208 1305 38
1673 1441 81
311 906 53
676 1186 39
501 793 60
97 1530 52
357 928 40
834 103 92
557 120 2
1691 763 90
1436 260 87
681 279 34
1651 260 89
1384 1713 61
139 1246 83
1440 107 37
1373 343 24
1878 1791 28
439 979 52
1589 1813 8
828 400 31
1785 1264 60
854 389 35
549 1209 73
653 1641 37
256 1876 55
1326 1070 67
35 1537 30
1094 604 69
1930 1 84
528 947 84
1116 1682 4
1146 1617 97
1047 558 4
20 1116 90
1537 1325 67
729 846 57
1070 49 26
1816 189 68
1765 946 27
408 1137 86
911 185 31
1748 1534 58
1350 811 69
821 1969 83
1530 117 29
1583 1923 46
1358 1615 52
774 570 90
310 1755 74
443 204 75
560 1700 83
591 1423 26
184 1277 65
623 407 23
1148 1972 51
1932 1476 70
1818 1183 49
802 1478 25
740 1596 60
1130 1188 19
647 644 72
1551 1445 41
157 262 13
1385 1144 16
697 1054 87
31 1656 49
488 1667 100
156 1913 69
1192 398 73
1474 1782 83
1625 1163 34
169 1804 93
1434 1404 69
1675 1926 88
1541 337 31
318 854 78
1071 1339 79
63 6 52
939 1007 92
1172 1695 71
1514 1365 76
719 475 15
709 1988 98
1941 1673 36
793 257 56
1719 29 52
999 1756 7
569 721 50
1321 1670 11
1387 905 65
710 1882 39
336 829 46
1982 1283 66
1082 1242 75
1069 1542 11
622 1314 44
521 1813 82
1064 1770 58
198 786 37
19 1943 18
801 1058 16
901 1834 76
582 1351 63
385 449 87
641 936 87
1886 936 100
1542 1039 59
1010 1481 5
813 1053 12
1806 722 97
1212 1324 82
1706 1284 37
1944 1959 34
324 617 66
1837 880 85
1573 715 40
530 625 85
1453 701 63
838 1266 71
473 1826 21
590 437 21
1061 1960 57
1002 1267 55
1815 1886 96
1477 768 78
1902 410 53
1152 1723 4
272 318 43
1720 1013 36
1654 1764 74
730 1547 45
113 299 66
193 251 24
1751 1430 50
1615 425 36
1029 1892 86
73 1655 73
1822 359 89
301 898 47
1147 1785 44
597 821 44
89 851 7
1735 749 77
1887 1185 77
1320 1904 63
496 180 91
1435 1674 21
643 1151 43
757 1213 47
1256 598 7
1763 325 31
646 1884 28
784 592 77
1873 332 79
1170 1374 24
53 1185 97
840 1347 14
1313 1154 83
859 820 50
1776 1013 7
219 44 4
527 78 98
1804 1485 4
1499 1349 55
714 1353 28
1272 99 66
976 732 13
323 850 24
232 968 87
382 1210 68
312 1904 72
9 1616 16
527 709 61
1689 1150 43
1747 706 58
392 1152 83
1837 585 22
1096 476 94
1404 104 31
570 1173 32
1978 297 60
1853 442 83
909 1673 4
829 257 31
949 1546 6
899 1679 26
728 37 48
746 630 15
1193 560 78
1409 1167 7
390 1731 6
810 735 30
1841 979 35
1879 983 19
1249 1676 34
1431 893 21
1903 959 31
1324 1431 42
1711 645 52
1362 817 1
783 1427 48
413 1049 82
405 1276 20
1360 1831 71
1495 1429 68
1669 722 24
402 1083 100
526 1693 96
657 565 92
1056 20 14
1009 1862 56
874 865 33
338 701 100
1857 728 51
1903 1670 72
1951 1983 62
692 142 95
1599 1523 20
1546 804 13
1479 1177 78
490 99 27
202 1554 71
372 1707 61
1398 927 40
1313 125 98
1219 1494 18
299 1234 70
1578 1 28
277 759 77
630 35 57
1944 1688 47
1241 1900 94
755 1920 34
341 152 78
476 924 34
1634 989 46
1733 124 19
1196 1584 91
1125 865 93
1479 1211 89
821 44 23
1652 447 54
533 1380 64
1095 537 88
1073 1384 50
567 1247 35
1702 524 43
722 1639 64
934 1818 28
1837 641 43
1270 420 32
1322 1192 20
33 1945 60
254 1963 76
347 499 77
353 1409 68
989 481 69
775 846 81
1784 1997 5
1571 1735 65
867 1245 5
386 1618 95
883 1611 64
464 384 73
1526 1180 52
1838 1327 33
1328 977 51
688 710 97
1852 967 11
28 1910 56
5 1 2 3 4 5 
17 6 7 8 9 10 11 12 13 14 15 16 17 18 19 20 21 22 
13 23 24 25 26 27 28 29 30 31 32 33 34 35 
8 36 37 38 39 40 41 42 43 
15 44 45 46 47 48 49 50 51 52 53 54 55 56 57 58 
7 59 60 61 62 63 64 65 
2 66 67 
8 68 69 70 71 72 73 74 75 
14 76 77 78 79 80 81 82 83 84 85 86 87 88 89 
3 90 91 92 
1 93 
11 94 95 96 97 98 99 100 101 102 103 104 
11 105 106 107 108 109 110 111 112 113 114 115 
2 116 117 
3 118 119 120 
7 121 122 123 124 125 126 127 
17 128 129 130 131 132 133 134 135 136 137 138 139 140 141 142 143 144 
20 145 146 147 148 149 150 151 152 153 154 155 156 157 158 159 160 161 162 163 164 
3 165 166 167 
10 168 169 170 171 172 173 174 175 176 177 
13 178 179 180 181 182 183 184 185 186 187 188 189 190 
5 191 192 193 194 195 
15 196 197 198 199 200 201 202 203 204 205 206 207 208 209 210 
18 211 212 213 214 215 216 217 218 219 220 221 222 223 224 225 226 227 228 
6 229 230 231 232 233 234 
16 235 236 237 238 239 240 241 242 243 244 245 246 247 248 249 250 
19 251 252 253 254 255 256 257 258 259 260 261 262 263 264 265 266 267 268 269 
15 270 271 272 273 274 275 276 277 278 279 280 281 282 283 284 
10 285 286 287 288 289 290 291 292 293 294 
5 295 296 297 298 299 
13 300 301 302 303 304 305 306 307 308 309 310 311 312 
1 313 
16 314 315 316 317 318 319 320 321 322 323 324 325 326 327 328 329 
3 330 331 332 
14 333 334 335 336 337 338 339 340 341 342 343 344 345 346 
11 347 348 349 350 351 352 353 354 355 356 357 
1 358 
6 359 360 361 362 363 364 
7 365 366 367 368 369 370 371 
20 372 373 374 375 376 377 378 379 380 381 382 383 384 385 386 387 388 389 390 391 
13 392 393 394 395 396 397 398 399 400 401 402 403 404 
2 405 406 
10 407 408 409 410 411 412 413 414 415 416 
10 417 418 419 420 421 422 423 424 425 426 
5 427 428 429 430 431 
9 432 433 434 435 436 437 438 439 440 
11 441 442 443 444 445 446 447 448 449 450 451 
11 452 453 454 455 456 457 458 459 460 461 462 
20 463 464 465 466 467 468 469 470 471 472 473 474 475 476 477 478 479 480 481 482 
20 483 484 485 486 487 488 489 490 491 492 493 494 495 496 497 498 499 500 501 502 
16 503 504 505 506 507 508 509 510 511 512 513 514 515 516 517 518 
4 519 520 521 522 
6 523 524 525 526 527 528 
1 529 
10 530 531 532 533 534 535 536 537 538 539 
4 540 541 542 543 
9 544 545 546 547 548 549 550 551 552 
8 553 554 555 556 557 558 559 560 
17 561 562 563 564 565 566 567 568 569 570 571 572 573 574 575 576 577 
3 578 579 580 
2 581 582 
15 583 584 585 586 587 588 589 590 591 592 593 594 595 596 597 
4 598 599 600 601 
3 602 603 604 
9 605 606 607 608 609 610 611 612 613 
13 614 615 616 617 618 619 620 621 622 623 624 625 626 
5 627 628 629 630 631 
19 632 633 634 635 636 637 638 639 640 641 642 643 644 645 646 647 648 649 650 
17 651 652 653 654 655 656 657 658 659 660 661 662 663 664 665 666 667 
4 668 669 670 671 
4 672 673 674 675 
3 676 677 678 
2 679 680 
4 681 682 683 684 
3 685 686 687 
17 688 689 690 691 692 693 694 695 696 697 698 699 700 701 702 703 704 
2 705 706 
1 707 
18 708 709 710 711 712 713 714 715 716 717 718 719 720 721 722 723 724 725 
3 726 727 728 
14 729 730 731 732 733 734 735 736 737 738 739 740 741 742 
12 743 744 745 746 747 748 749 750 751 752 753 754 
17 755 756 757 758 759 760 761 762 763 764 765 766 767 768 769 770 771 
20 772 773 774 775 776 777 778 779 780 781 782 783 784 785 786 787 788 789 790 791 
12 792 793 794 795 796 797 798 799 800 801 802 803 
20 804 805 806 807 808 809 810 811 812 813 814 815 816 817 818 819 820 821 822 823 
13 824 825 826 827 828 829 830 831 832 833 834 835 836 
14 837 838 839 840 841 842 843 844 845 846 847 848 849 850 
7 851 852 853 854 855 856 857 
7 858 859 860 861 862 863 864 
10 865 866 867 868 869 870 871 872 873 874 
10 875 876 877 878 879 880 881 882 883 884 
12 885 886 887 888 889 890 891 892 893 894 895 896 
4 897 898 899 900 
3 901 902 903 
14 904 905 906 907 908 909 910 911 912 913 914 915 916 917 
20 918 919 920 921 922 923 924 925 926 927 928 929 930 931 932 933 934 935 936 937 
6 938 939 940 941 942 943 
1 944 
12 945 946 947 948 949 950 951 952 953 954 955 956 
11 957 958 959 960 961 962 963 964 965 966 967 
3 968 969 970 
10 971 972 973 974 975 976 977 978 979 980 
3 981 982 983 
16 984 985 986 987 988 989 990 991 992 993 994 995 996 997 998 999 
2 1000 1001 
7 1002 1003 1004 1005 1006 1007 1008 
7 1009 1010 1011 1012 1013 1014 1015 
2 1016 1017 
5 1018 1019 1020 1021 1022 
13 1023 1024 1025 1026 1027 1028 1029 1030 1031 1032 1033 1034 1035 
20 1036 1037 1038 1039 1040 1041 1042 1043 1044 1045 1046 1047 1048 1049 1050 1051 1052 1053 1054 1055 
19 1056 1057 1058 1059 1060 1061 1062 1063 1064 1065 1066 1067 1068 1069 1070 1071 1072 1073 1074 
6 1075 1076 1077 1078 1079 1080 
5 1081 1082 1083 1084 1085 
10 1086 1087 1088 1089 1090 1091 1092 1093 1094 1095 
7 1096 1097 1098 1099 1100 1101 1102 
1 1103 
19 1104 1105 1106 1107 1108 1109 1110 1111 1112 1113 1114 1115 1116 1117 1118 1119 1120 1121 1122 
8 1123 1124 1125 1126 1127 1128 1129 1130 
14 1131 1132 1133 1134 1135 1136 1137 1138 1139 1140 1141 1142 1143 1144 
7 1145 1146 1147 1148 1149 1150 1151 
19 1152 1153 1154 1155 1156 1157 1158 1159 1160 1161 1162 1163 1164 1165 1166 1167 1168 1169 1170 
7 1171 1172 1173 1174 1175 1176 1177 
2 1178 1179 
15 1180 1181 1182 1183 1184 1185 1186 1187 1188 1189 1190 1191 1192 1193 1194 
11 1195 1196 1197 1198 1199 1200 1201 1202 1203 1204 1205 
7 1206 1207 1208 1209 1210 1211 1212 
13 1213 1214 1215 1216 1217 1218 1219 1220 1221 1222 1223 1224 1225 
18 1226 1227 1228 1229 1230 1231 1232 1233 1234 1235 1236 1237 1238 1239 1240 1241 1242 1243 
3 1244 1245 1246 
17 1247 1248 1249 1250 1251 1252 1253 1254 1255 1256 1257 1258 1259 1260 1261 1262 1263 
18 1264 1265 1266 1267 1268 1269 1270 1271 1272 1273 1274 1275 1276 1277 1278 1279 1280 1281 
4 1282 1283 1284 1285 
18 1286 1287 1288 1289 1290 1291 1292 1293 1294 1295 1296 1297 1298 1299 1300 1301 1302 1303 
1 1304 
2 1305 1306 
5 1307 1308 1309 1310 1311 
3 1312 1313 1314 
20 1315 1316 1317 1318 1319 1320 1321 1322 1323 1324 1325 1326 1327 1328 1329 1330 1331 1332 1333 1334 
13 1335 1336 1337 1338 1339 1340 1341 1342 1343 1344 1345 1346 1347 
5 1348 1349 1350 1351 1352 
4 1353 1354 1355 1356 
6 1357 1358 1359 1360 1361 1362 
15 1363 1364 1365 1366 1367 1368 1369 1370 1371 1372 1373 1374 1375 1376 1377 
17 1378 1379 1380 1381 1382 1383 1384 1385 1386 1387 1388 1389 1390 1391 1392 1393 1394 
4 1395 1396 1397 1398 
13 1399 1400 1401 1402 1403 1404 1405 1406 1407 1408 1409 1410 1411 
10 1412 1413 1414 1415 1416 1417 1418 1419 1420 1421 
10 1422 1423 1424 1425 1426 1427 1428 1429 1430 1431 
17 1432 1433 1434 1435 1436 1437 1438 1439 1440 1441 1442 1443 1444 1445 1446 1447 1448 
7 1449 1450 1451 1452 1453 1454 1455 
19 1456 1457 1458 1459 1460 1461 1462 1463 1464 1465 1466 1467 1468 1469 1470 1471 1472 1473 1474 
9 1475 1476 1477 1478 1479 1480 1481 1482 1483 
9 1484 1485 1486 1487 1488 1489 1490 1491 1492 
5 1493 1494 1495 1496 1497 
6 1498 1499 1500 1501 1502 1503 
19 1504 1505 1506 1507 1508 1509 1510 1511 1512 1513 1514 1515 1516 1517 1518 1519 1520 1521 1522 
8 1523 1524 1525 1526 1527 1528 1529 1530 
11 1531 1532 1533 1534 1535 1536 1537 1538 1539 1540 1541 
18 1542 1543 1544 1545 1546 1547 1548 1549 1550 1551 1552 1553 1554 1555 1556 1557 1558 1559 
16 1560 1561 1562 1563 1564 1565 1566 1567 1568 1569 1570 1571 1572 1573 1574 1575 
16 1576 1577 1578 1579 1580 1581 1582 1583 1584 1585 1586 1587 1588 1589 1590 1591 
5 1592 1593 1594 1595 1596 
19 1597 1598 1599 1600 1601 1602 1603 1604 1605 1606 1607 1608 1609 1610 1611 1612 1613 1614 1615 
7 1616 1617 1618 1619 1620 1621 1622 
17 1623 1624 1625 1626 1627 1628 1629 1630 1631 1632 1633 1634 1635 1636 1637 1638 1639 
18 1640 1641 1642 1643 1644 1645 1646 1647 1648 1649 1650 1651 1652 1653 1654 1655 1656 1657 
15 1658 1659 1660 1661 1662 1663 1664 1665 1666 1667 1668 1669 1670 1671 1672 
1 1673 
4 1674 1675 1676 1677 
9 1678 1679 1680 1681 1682 1683 1684 1685 1686 
4 1687 1688 1689 1690 
18 1691 1692 1693 1694 1695 1696 1697 1698 1699 1700 1701 1702 1703 1704 1705 1706 1707 1708 
16 1709 1710 1711 1712 1713 1714 1715 1716 1717 1718 1719 1720 1721 1722 1723 1724 
9 1725 1726 1727 1728 1729 1730 1731 1732 1733 
20 1734 1735 1736 1737 1738 1739 1740 1741 1742 1743 1744 1745 1746 1747 1748 1749 1750 1751 1752 1753 
20 1754 1755 1756 1757 1758 1759 1760 1761 1762 1763 1764 1765 1766 1767 1768 1769 1770 1771 1772 1773 
4 1774 1775 1776 1777 
19 1778 1779 1780 1781 1782 1783 1784 1785 1786 1787 1788 1789 1790 1791 1792 1793 1794 1795 1796 
5 1797 1798 1799 1800 1801 
16 1802 1803 1804 1805 1806 1807 1808 1809 1810 1811 1812 1813 1814 1815 1816 1817 
12 1818 1819 1820 1821 1822 1823 1824 1825 1826 1827 1828 1829 
8 1830 1831 1832 1833 1834 1835 1836 1837 
13 1838 1839 1840 1841 1842 1843 1844 1845 1846 1847 1848 1849 1850 
10 1851 1852 1853 1854 1855 1856 1857 1858 1859 1860 
8 1861 1862 1863 1864 1865 1866 1867 1868 
17 1869 1870 1871 1872 1873 1874 1875 1876 1877 1878 1879 1880 1881 1882 1883 1884 1885 
19 1886 1887 1888 1889 1890 1891 1892 1893 1894 1895 1896 1897 1898 1899 1900 1901 1902 1903 1904 
5 1905 1906 1907 1908 1909 
2 1910 1911 
7 1912 1913 1914 1915 1916 1917 1918 
2 1919 1920 
1 1921 
9 1922 1923 1924 1925 1926 1927 1928 1929 1930 
8 1931 1932 1933 1934 1935 1936 1937 1938 
11 1939 1940 1941 1942 1943 1944 1945 1946 1947 1948 1949 
17 1950 1951 1952 1953 1954 1955 1956 1957 1958 1959 1960 1961 1962 1963 1964 1965 1966 
5 1967 1968 1969 1970 1971 
29 1972 1973 1974 1975 1976 1977 1978 1979 1980 1981 1982 1983 1984 1985 1986 1987 1988 1989 1990 1991 1992 1993 1994 1995 1996 1997 1998 1999 2000 
1 29 34 80 1 49 20 84 24 60 25 67 8 44 48 48 35 43 3 50 97 1 63 49 68 87 27 36 71 82 36 67 76 40 76 60 98 22 41 71 57 40 47 85 43 46 88 99 44 69 31 2 31 48 7 76 61 46 5 87 30 10 24 40 92 71 85 84 57 17 34 29 91 47 56 86 99 4 70 22 11 18 41 17 55 95 69 91 22 35 55 79 13 53 86 39 94 86 91 25 76 2 17 25 47 33 76 5 97 95 37 14 37 76 53 99 38 41 85 66 67 83 77 9 2 24 42 7 17 21 76 61 67 39 62 56 48 33 20 14 3 56 57 10 23 80 54 64 31 47 69 89 37 91 97 95 51 12 87 63 33 99 75 4 81 100 71 49 11 12 23 68 15 87 9 66 26 79 57 93 28 49 99 18 33 78 38 40 89 32 82 70 5 52 3 50 20 65 33 12 
1111 111