20 100
2 1 9
2 3 4
4 3 14
4 5 5
6 5 10
6 7 9
8 7 2
8 9 4
10 9 15
10 11 14
12 11 14
12 13 11
14 13 5
14 15 15
16 15 10
16 17 11
18 17 1
18 19 9
20 19 4
20 21 14
22 21 3
22 23 4
24 23 14
24 25 5
26 25 10
26 27 15
28 27 9
28 29 6
30 29 11
30 31 2
32 31 14
32 33 7
34 33 15
34 35 12
36 35 10
36 37 15
38 37 13
38 39 14
40 39 12
40 41 5
42 41 14
42 43 15
44 43 6
44 45 11
46 45 2
46 47 3
48 47 14
48 49 14
50 49 3
16 36 5
40 42 4
22 31 2
11 34 9
43 14 6
28 34 6
31 39 9
15 23 10
35 16 11
38 17 15
14 18 14
35 17 13
10 43 10
10 47 4
39 31 1
39 11 12
40 4 4
15 4 14
15 44 15
28 11 8
7 3 10
43 25 10
41 26 2
20 31 3
4 28 1
18 7 14
1 11 13
25 25 6
17 8 7
2 20 15
42 12 5
36 47 15
6 50 14
16 1 3
6 12 15
16 49 4
43 39 12
30 25 1
40 48 12
30 2 15
29 16 9
26 16 4
48 20 13
25 12 10
2 37 13
13 48 3
30 29 5
30 13 9
20 11 11
24 16 1
45 8 13
3 1 2 3 
4 4 5 6 7 
2 8 9 
3 10 11 12 
1 13 
2 14 15 
4 16 17 18 19 
3 20 21 22 
3 23 24 25 
3 26 27 28 
2 29 30 
2 31 32 
4 33 34 35 36 
1 37 
2 38 39 
2 40 41 
1 42 
3 43 44 45 
2 46 47 
3 48 49 50 
76 76 6 19 6 57 41 5 44 98 51 77 60 66 52 13 29 31 78 46 
45 38