814 1000
616215 338232 567724 360052
76569 535019 84241 564064
566476 207297 569409 215435
39069 161481 7473 86470
914601 157088 896502 125723
331415 106666 329423 64484
75167 248292 55684 195100
105485 375846 111216 378962
666186 553132 719464 530399
676116 935034 853101 818526
795913 643004 860490 548732
368935 78441 382870 65030
935145 347909 952988 313258
760320 130775 772109 138479
764824 610618 729949 654166
969146 790557 972359 876117
157 764685 11430 778111
487356 725973 490220 656222
614805 775642 692279 703467
356035 497749 316878 539169
634144 905296 588224 911049
177777 822238 168773 836119
385534 52319 466626 59386
943214 460344 931828 445650
766007 694894 809758 710282
724567 46871 530850 19349
431535 101152 422959 101814
955511 733824 939726 762343
39928 505396 34003 572250
305795 320218 399766 290587
264923 610082 224019 549257
273246 29405 271525 30701
931828 445650 957137 406068
341321 809803 342552 800924
455629 873571 490109 861224
692279 703467 753750 616897
3203 813879 5427 870848
644977 638546 634938 648333
370853 522571 411726 539857
72170 279151 121023 321586
748801 462016 777194 489204
592115 111818 567648 95988
637386 314641 629710 335563
135232 273525 75167 248292
47737 411985 45958 468806
674185 678573 715917 593792
296884 189223 196500 163276
959401 637265 960832 581682
883025 241974 894815 246746
880180 461568 854227 449605
598420 50134 400253 17581
27980 837917 11430 778111
696497 469839 714697 476325
856970 609821 848805 666199
368623 913723 391728 910658
12547 53410 7224 66048
264675 847587 360108 852870
961332 287444 949014 267563
21556 645292 34875 646048
401275 412539 461241 406711
336318 601291 320836 620392
195462 319923 184850 347836
329172 151499 301908 202442
282141 296530 277410 308118
140956 885421 62131 928971
523224 395986 568361 328859
379925 870770 402383 863827
297044 559592 264923 610082
116013 494830 82293 490130
539827 266469 523224 395986
916472 732983 940991 705196
209408 114179 238031 123364
497481 962894 508761 969370
818690 463584 812852 432714
575514 836328 622195 887819
894815 246746 857685 205490
753548 385526 752345 363744
865700 151293 826944 170802
714697 476325 707221 438696
896502 125723 916445 105333
685967 122468 636808 121371
989157 793328 994988 672078
977622 794027 939726 762343
720085 131822 660542 178632
513287 785412 523215 791224
568361 328859 573904 335667
491452 297117 471509 310768
719464 530399 667901 611785
330240 864290 396521 861194
400253 17581 529532 26614
600814 999405 403351 980203
145435 50086 177324 46430
597088 773753 614805 775642
137893 507007 151810 570485
729949 654166 737902 712998
901056 774956 869384 702132
671565 189205 661065 188910
361884 590152 357354 588036
55148 713268 57905 685762
301908 202442 310208 212844
36793 109204 12547 53410
92259 34733 64148 124578
33091 956539 70109 888378
960832 581682 972071 452035
389729 427028 430182 433525
68572 777661 51833 822504
264932 141892 276827 80615
411918 955257 338213 936420
197205 923354 225345 937061
489724 377542 481062 406853
484808 276797 491452 297117
108598 237 150690 81017
580901 545778 578739 566235
380350 531581 352348 559566
795247 177306 790043 179430
147777 425476 156913 389802
972359 876117 977622 794027
83214 452409 102563 491419
599213 134413 593713 68219
461241 406711 463067 405200
423056 144334 423842 131725
109196 640145 99567 634698
530850 19349 821722 33080
487669 825016 513287 785412
293822 569351 268757 627340
668068 907778 693073 901147
775294 136740 806358 128842
44671 468221 10182 578336
433127 880165 455629 873571
916334 360695 935145 347909
823396 535343 781472 546327
997488 256360 971291 302116
822139 718892 856970 609821
302134 244751 280616 251546
352348 559566 370853 522571
410640 783775 408951 738139
184850 347836 152415 347990
502252 123994 488080 137166
553301 261841 557318 255775
18401 25037 24472 16783
229202 602355 249774 657863
162007 719007 128000 713096
957137 406068 958860 368480
490109 861224 514175 884383
588224 911049 611384 914734
418708 827935 408301 817119
69175 255670 24772 171857
847776 775367 895083 783406
238031 123364 264932 141892
534915 811834 550671 845349
994505 466605 999506 425505
704621 379556 722184 364381
855255 175942 813875 204657
276827 80615 288433 104849
285903 557040 297044 559592
62131 928971 103838 946058
621305 293073 630551 266797
556547 684319 560852 667084
249774 657863 236773 706962
828822 588694 760486 683973
835913 990447 652220 974346
158691 833504 177777 822238
224560 800979 220479 840357
161814 507039 154612 438255
895083 783406 901056 774956
391728 910658 468063 908919
291992 488670 336044 438005
208992 899700 297266 907548
806358 128842 791570 136704
933040 638558 916472 732983
450352 977491 508761 969370
529617 883900 567525 912124
157 764685 1645 453565
791498 146615 755195 156852
44451 114989 36793 109204
560852 667084 577686 718815
614718 235032 608201 234214
51505 717104 35505 642124
336694 669695 329784 674254
94326 924048 118058 956724
603771 189471 627150 135640
329784 674254 265975 705848
373077 975219 306343 966794
573904 335667 572194 316138
997428 840224 994069 884500
339373 951685 276838 945564
1757 671186 3617 393467
416552 297935 345816 357319
744068 377371 732120 337448
875510 611295 932335 512484
206514 484912 243606 535324
452434 931171 432514 912842
220479 840357 213805 869256
798234 832109 811362 815418
160795 519354 161814 507039
985500 885314 966167 936380
755195 156852 744897 141571
168519 160048 160309 181736
151410 603703 109196 640145
89249 801300 83713 757152
469363 662870 487356 725973
156913 389802 176276 409679
814082 724813 822139 718892
634938 648333 620163 640170
651605 846630 597088 773753
871747 845771 888561 866707
357354 588036 364141 645327
329423 64484 269759 46947
972071 452035 994505 466605
802113 755943 749646 750257
760037 439637 734248 384632
57205 409733 82293 490130
905967 464058 900580 386402
103738 800197 72134 833963
750140 170660 753645 183619
82366 815139 89249 801300
144261 478553 137893 507007
973612 570565 989157 793328
389404 714300 332897 778981
851570 398447 905967 464058
635266 274156 637386 314641
958860 368480 961332 287444
790793 282047 768853 311420
737902 712998 746664 702427
411726 539857 410671 556018
559950 92086 530166 184743
621156 958423 667277 935845
438602 98672 431535 101152
668788 433374 696497 469839
432979 698678 434199 752384
13952 754068 2927 683569
407370 300023 337163 347516
690925 676642 674185 678573
458564 963684 462183 959053
233835 897096 222977 899257
490220 656222 478100 586294
588491 116102 592115 111818
123507 199008 127526 233720
520946 877250 548653 883380
158787 85869 149715 55480
804955 849251 802520 839071
86550 860686 39787 887408
719571 237281 670987 344785
929235 801199 847776 775367
597865 84600 675364 84769
354181 15502 243322 460
114481 804752 98537 867469
317819 901049 306957 895079
152991 138856 123507 199008
467067 415194 389729 427028
152740 680091 162007 719007
907846 37513 909568 34860
307155 557316 293822 569351
952988 313258 915235 197148
5427 870848 27926 854606
3617 393467 6422 382905
903396 212909 902897 232990
965518 366064 991518 321745
307818 176774 329172 151499
398033 25253 478877 46823
549904 405285 551321 378069
103738 800197 106779 808766
888561 866707 962220 813183
555956 818748 575514 836328
473801 476501 466731 482584
494455 109541 438082 102662
98537 867469 86550 860686
598542 557639 604498 547625
91624 901695 140956 885421
793667 779691 802113 755943
571222 762330 586009 769413
931387 144758 914601 157088
175625 858296 175665 896710
647332 894593 682485 870251
507104 898440 529617 883900
45958 468806 76569 535019
400737 183920 442615 196329
577676 454216 562463 571460
847430 747638 850677 702785
103838 946058 94326 924048
339033 894680 346173 889670
22499 147371 39069 161481
818428 247006 794883 293477
812852 432714 753548 385526
985500 885314 996333 806707
737952 43684 677036 64855
916445 105333 821970 114789
326556 497496 364303 443352
246815 235229 181498 219341
526683 80935 494474 102747
44725 338096 19916 385174
84241 564064 44671 468221
937262 944144 814151 943510
637354 246653 614718 235032
451822 841723 487669 825016
869384 702132 872109 690449
802132 367495 832372 328068
854227 449605 834430 427090
693706 219165 652874 233603
626689 340007 622240 346709
213805 869256 175625 858296
745881 983597 680236 998913
142195 768121 158691 833504
951347 218488 946138 147986
268265 654931 313502 573101
242460 763505 222112 762738
900580 386402 884822 416909
667277 935845 651080 946361
182824 126161 202120 146746
75959 793940 82366 815139
20073 278725 49181 263495
340437 957731 224892 969544
947484 519841 962331 498173
937623 158871 931387 144758
167495 215727 187751 207749
57905 685762 61972 648934
316878 539169 291633 551491
152415 347990 141139 381465
917796 599370 914236 551031
468409 282699 386714 275549
790043 179430 778591 234673
14068 959172 33091 956539
602048 651906 580901 545778
70109 888378 91624 901695
850677 702785 874591 634495
761230 952249 637431 954294
488080 137166 453540 149140
481062 406853 467067 415194
303592 934351 320421 917686
660542 178632 599342 217990
622240 346709 668788 433374
569073 67999 526683 80935
2907 262728 11742 205072
749174 736841 742674 748087
528620 684011 552751 623248
529532 26614 724567 46871
480445 920608 553741 939537
749646 750257 749174 736841
240485 747934 289587 788246
289275 75447 331415 106666
11533 401336 47737 411985
435670 740918 469363 662870
577686 718815 556547 684319
670818 433157 698703 449241
566327 456657 577676 454216
562463 571460 533253 586259
962331 498173 952852 457862
286419 269307 289343 288538
435069 503965 417136 513096
871287 512781 818234 498207
660976 518499 666186 553132
698703 449241 711047 471661
881322 61933 775294 136740
96716 345816 105485 375846
627559 904154 668068 907778
118058 956724 195218 955253
611384 914734 634144 905296
477530 568049 482239 545931
890591 298566 926171 306180
821970 114789 859414 138167
613697 595404 598542 557639
338213 936420 424503 950264
127526 233720 135232 273525
268757 627340 250941 623285
572194 316138 616215 338232
572949 733201 571222 762330
61972 648934 55148 713268
625556 563457 613697 595404
102563 491419 99792 491130
567724 360052 576771 356717
764494 189851 693706 219165
677036 64855 634183 48077
693073 901147 659821 894973
874794 286230 883025 241974
567648 95988 588491 116102
417136 513096 446203 518574
711047 471661 688511 395355
51833 822504 51505 717104
622195 887819 647332 894593
802520 839071 821606 820915
225345 937061 300356 927369
297266 907548 317819 901049
578739 566235 602048 651906
924450 115118 907846 37513
3235 679970 39928 505396
94049 613208 99567 634698
887660 645924 922610 665422
715917 593792 690925 676642
536129 666482 540126 737118
463067 405200 489724 377542
111216 378962 125545 407640
412883 686974 379123 672156
723526 790088 781171 813707
478100 586294 472614 571292
118615 489461 116013 494830
879292 314093 904025 354190
599342 217990 603771 189471
553741 939537 595729 949268
805513 187828 795247 177306
512648 409442 494411 446071
478877 46823 598420 50134
548211 282284 539827 266469
914236 551031 947484 519841
398307 981965 373077 975219
305610 814923 242460 763505
688511 395355 670818 433157
530166 184743 551985 111049
131733 224612 143645 196421
243606 535324 196841 498854
192649 743414 188440 751224
181498 219341 167495 215727
320421 917686 365738 881421
416323 92132 438602 98672
410671 556018 380350 531581
11966 45942 18401 25037
549461 184902 599213 134413
337163 347516 205422 338614
453749 617452 458427 558051
419169 707391 389404 714300
60126 385729 68830 366388
683727 68947 760320 130775
632764 116642 549461 184902
739599 207263 690512 256154
567525 912124 480445 920608
782820 273735 790793 282047
749764 543490 784751 555600
781171 813707 798234 832109
35505 642124 21556 645292
251396 710818 221038 725165
682485 870251 706992 846281
224019 549257 182505 589669
452738 181032 404584 179394
371244 237559 411652 237623
922610 665422 933040 638558
517340 215206 501365 228772
680236 998913 835913 990447
243400 900528 239624 883828
705819 874975 755741 864006
722184 364381 730195 341770
414438 270525 437788 251394
188440 751224 224560 800979
313502 573101 307155 557316
905719 905587 945950 925343
404584 179394 400737 183920
143645 196421 153164 245964
422959 101814 415294 102972
178763 593528 146120 662550
548653 883380 627559 904154
568364 963051 621156 958423
392501 931933 368623 913723
940991 705196 959401 637265
19916 385174 20073 278725
659821 894973 705819 874975
383777 268962 302134 244751
611960 243129 548211 282284
430182 433525 465948 457874
604586 351866 549904 405285
344103 32859 398033 25253
83713 757152 75959 793940
487084 301671 516086 321858
221038 725165 192649 743414
958035 184548 954203 262161
253275 302921 197948 277260
399766 290587 407370 300023
814151 943510 761230 952249
835688 768414 818201 737196
818234 498207 880180 461568
800236 661264 807000 637734
7473 86470 22499 147371
346173 889670 379925 870770
289587 788246 305610 814923
182505 589669 176143 671113
231902 16350 238383 20084
415294 102972 416323 92132
670987 344785 704621 379556
725105 97528 737952 43684
794883 293477 803037 318356
92756 626495 89964 711713
744897 141571 720085 131822
966167 936380 945950 925343
661065 188910 553301 261841
187751 207749 108598 237
516086 321858 503877 285302
379123 672156 399983 634595
755741 864006 804955 849251
342552 800924 309598 789193
18062 43977 92259 34733
444378 71203 501329 86112
375230 397096 401275 412539
358655 75877 385534 52319
593713 68219 559950 92086
792251 159246 750140 170660
168773 836119 156370 879626
932335 512484 946506 500667
847034 172340 865700 151293
884822 416909 802132 367495
471509 310768 468409 282699
166763 273287 246815 235229
494474 102747 494455 109541
446203 518574 385238 601577
903130 169915 847034 172340
999837 485641 997428 840224
503877 285302 487084 301671
239624 883828 233835 897096
64148 124578 152991 138856
813875 204657 776549 264664
343166 270982 304419 316241
552751 623248 536129 666482
909568 34860 881322 61933
151410 603703 151810 570485
651080 946361 668544 938527
438082 102662 341202 104500
236773 706962 251396 710818
472614 571292 453749 617452
148793 980774 202992 958382
364303 443352 396107 490805
196841 498854 178763 593528
586009 769413 651605 846630
432514 912842 457441 914248
177324 46430 273246 29405
645833 881680 691521 818635
668544 938527 676116 935034
545094 961420 441006 915831
216738 260580 154031 280245
904025 354190 916334 360695
141317 196992 137055 200607
146120 662550 106700 660630
202992 958382 254470 954670
675364 84769 683727 68947
520846 857105 520946 877250
466731 482584 435069 503965
652874 233603 637354 246653
437788 251394 484987 233974
150690 81017 137513 35435
271525 30701 344103 32859
620163 640170 631629 700303
27926 854606 3203 813879
493660 497016 501806 489883
336044 438005 331232 437009
781472 546327 749764 543490
468063 908919 507104 898440
434199 752384 435670 740918
430986 939022 452434 931171
999506 425505 998078 523332
278881 265673 286419 269307
458427 558051 493660 497016
670245 254722 635266 274156
853101 818526 929235 801199
631405 706525 651281 709944
790813 408876 806769 326663
771491 241315 764494 189851
312932 233863 216272 257346
777194 489204 818690 463584
942416 95199 924450 115118
460232 962737 450352 977491
977697 684693 955511 733824
557318 255775 538391 266735
29920 289465 44725 338096
977697 684693 973612 570565
224892 969544 148793 980774
377500 76100 368935 78441
361695 579895 336318 601291
784751 555600 806794 563905
480958 192139 510816 215409
91149 582601 90213 594487
576771 356717 604586 351866
310208 212844 275769 206187
411652 237623 431873 243734
291633 551491 285903 557040
986313 298617 997488 256360
247498 841558 264675 847587
442615 196329 312932 233863
472541 534122 477530 568049
484987 233974 414438 270525
102967 768029 106779 808766
332897 778981 385200 726713
345816 357319 375230 397096
407623 679640 412883 686974
778591 234673 771491 241315
341202 104500 358655 75877
151023 52749 145435 50086
859414 138167 792251 159246
238491 769959 251159 804860
915235 197148 903130 169915
306711 470463 291992 488670
768853 311420 744068 377371
634183 48077 597865 84600
809758 710282 800236 661264
732120 337448 743289 214888
2907 262728 6422 382905
377831 621620 361884 590152
280616 251546 343166 270982
154612 438255 176444 493619
364141 645327 377831 621620
370915 430385 326556 497496
250941 623285 229202 602355
365738 881421 446767 894825
791570 136704 791498 146615
806794 563905 828822 588694
636808 121371 632764 116642
135776 740135 142195 768121
913919 252898 903396 212909
7224 66048 11966 45942
834430 427090 851570 398447
102967 768029 89964 711713
27980 837917 27157 843366
55684 195100 44451 114989
2927 683569 10116 724701
721700 179079 671565 189205
832372 328068 879292 314093
717201 121617 685967 122468
848805 666199 875510 611295
385200 726713 419169 707391
743289 214888 739599 207263
946506 500667 951195 497236
408301 817119 451822 841723
402383 863827 450087 854073
407410 151431 423056 144334
417541 713148 432979 698678
936467 143510 977288 50046
482239 545931 472541 534122
652220 974346 745881 983597
946138 147986 936467 143510
604498 547625 660976 518499
82713 692830 72090 783196
396107 490805 356035 497749
430986 939022 462183 959053
514175 884383 520846 857105
453540 149140 490734 195909
859177 845896 871747 845771
342936 21241 354181 15502
826944 170802 805513 187828
533253 586259 542918 610227
121023 321586 93864 293527
441455 915156 441006 915831
510816 215409 452738 181032
431873 243734 414438 254552
414438 254552 383777 268962
630551 266797 601334 283735
251159 804860 247498 841558
361005 775769 410640 783775
150705 411222 147777 425476
872109 690449 887660 645924
289343 288538 249529 325735
776549 264664 782820 273735
538391 266735 484808 276797
153164 245964 168519 160048
954203 262161 951347 218488
659997 863776 645833 881680
550671 845349 555956 818748
524027 56475 569073 67999
137513 35435 158787 85869
651281 709944 572949 733201
951195 497236 943214 460344
69175 255670 93864 293527
309598 789193 336694 669695
254470 954670 340437 957731
134726 718272 151765 729871
202120 146746 209408 114179
34875 646048 13952 754068
303911 26430 342936 21241
360108 852870 341321 809803
578331 961148 568364 963051
551985 111049 502252 123994
90213 594487 82713 692830
501329 86112 524027 56475
408951 738139 417541 713148
288433 104849 307818 176774
39787 887408 14068 959172
841765 198892 855255 175942
196500 163276 182824 126161
857685 205490 841765 198892
306343 966794 398307 981965
1757 671186 1645 453565
627150 135640 566476 207297
216272 257346 258874 263771
382870 65030 377500 76100
569409 215435 517340 215206
494411 446071 525408 432670
881482 919883 859177 845896
706992 846281 723526 790088
690512 256154 670245 254722
60126 385729 83214 452409
742674 748087 793667 779691
753645 183619 721700 179079
967360 206843 958035 184548
276838 945564 303592 934351
94049 613208 92756 626495
807000 637734 855223 590312
860490 548732 823396 535343
386714 275549 416552 297935
354364 203901 335768 194329
855223 590312 871287 512781
24472 16783 18062 43977
300356 927369 339033 894680
971291 302116 977848 249478
490734 195909 480958 192139
466626 59386 444378 71203
222112 762738 238491 769959
265975 705848 301977 730981
791393 369209 790813 408876
962220 813183 969146 790557
465948 457874 371233 426357
979083 946846 937262 944144
269759 46947 289275 75447
160309 181736 141317 196992
151765 729871 135776 740135
176276 409679 206514 484912
753750 616897 764824 610618
988930 19924 971446 15817
730195 341770 719571 237281
821722 33080 725105 97528
752345 363744 791393 369209
501365 228772 371244 237559
205422 338614 195462 319923
10116 724701 3235 679970
949014 267563 937623 158871
637431 954294 600814 999405
734248 384632 732202 400065
156370 879626 105476 916469
175665 896710 208992 899700
12269 528632 11533 401336
149715 55480 151023 52749
306957 895079 330240 864290
998078 523332 999837 485641
525408 432670 512648 409442
760486 683973 795913 643004
141139 381465 150705 411222
385238 601577 361695 579895
72170 279151 68830 366388
746664 702427 766007 694894
895341 629442 917796 599370
243322 460 303911 26430
137055 200607 131733 224612
497481 962894 545094 961420
707221 438696 748801 462016
277410 308118 305795 320218
971446 15817 942416 95199
441455 915156 457441 914248
631629 700303 644977 638546
939372 314682 890591 298566
811362 815418 835688 768414
176444 493619 160795 519354
57205 409733 99792 491130
513288 474607 473801 476501
450087 854073 418708 827935
343407 159597 354364 203901
997278 741097 996333 806707
224668 949868 339373 951685
458564 963684 460232 962737
144261 478553 118615 489461
667901 611785 625556 563457
165526 5116 231902 16350
403351 980203 411918 955257
423842 131725 407410 151431
154031 280245 166763 273287
821606 820915 847430 747638
608201 234214 611960 243129
601334 283735 621305 293073
818201 737196 814082 724813
335768 194329 343407 159597
399983 634595 407623 679640
732202 400065 760037 439637
595729 949268 578331 961148
195218 955253 224668 949868
523215 791224 534915 811834
396521 861194 361005 775769
803037 318356 818428 247006
542918 610227 528620 684011
629710 335563 632262 325054
806769 326663 874794 286230
258874 263771 253275 302921
540126 737118 631405 706525
275769 206187 296884 189223
97033 335245 96716 345816
551321 378069 546272 429406
301977 730981 240485 747934
304419 316241 282141 296530
874591 634495 895341 629442
997278 741097 994988 672078
446767 894825 433127 880165
10182 578336 12269 528632
176143 671113 152740 680091
65674 269262 29920 289465
34003 572250 91149 582601
106700 660630 114481 804752
197948 277260 216738 260580
24772 171857 11742 205072
772109 138479 717201 121617
238383 20084 165526 5116
546272 429406 513288 474607
905719 905587 881482 919883
331232 437009 306711 470463
105476 916469 197205 923354
424503 950264 392501 931933
320836 620392 268265 654931
222977 899257 243400 900528
977288 50046 988930 19924
977848 249478 967360 206843
902897 232990 913919 252898
49181 263495 65674 269262
125545 407640 97033 335245
691521 818635 659997 863776
72090 783196 68572 777661
632262 325054 626689 340007
952852 457862 965518 366064
128000 713096 134726 718272
501806 489883 566327 456657
926171 306180 939372 314682
249529 325735 278881 265673
991518 321745 986313 298617
994069 884500 979083 946846
371233 426357 370915 430385
72134 833963 27157 843366
102874 480407
634199 609502
402484 573073
69867 797430
372333 76303
448360 515321
113271 323611
872144 403234
323594 617275
25956 376172
54349 170778
967610 670297
549067 601399
949880 796953
559859 280034
278940 159842
769344 662734
754306 431638
229067 171827
766631 342672
857993 119899
443510 733490
136723 971264
107037 834153
210324 978817
668094 132993
321789 264673
384571 154203
951156 870856
669389 852951
12792 511015
692248 948329
898466 782136
472463 965053
307724 127532
765931 239093
972583 684216
173978 209440
562092 627805
125120 281015
932508 772416
555588 793214
947417 254296
125151 458658
311608 898573
928087 794540
261367 324400
625036 620334
585386 159832
805864 97498
855091 411609
95824 571794
299733 827673
973977 269802
69316 861825
152739 99096
892310 1823
256119 226826
685484 358226
775298 899770
212808 997093
839992 703384
842217 474175
152506 465027
81024 946102
357710 958370
48662 936115
282286 972034
241835 348395
728719 256262
873858 311151
831474 881458
108283 284667
642893 87592
505861 312266
827858 418190
640073 718669
192843 667850
651376 788
465389 345349
822218 732401
187014 823099
313631 870880
737774 469301
244062 555466
385116 466492
347949 117920
921087 216589
304181 974732
286997 563979
500668 328541
47209 114855
301204 659240
178527 240052
103900 952580
203479 643916
985514 444617
315496 908994
896794 299144
854610 53269
38260 140855
777275 239725
974814 386209
879440 698361
780839 797494
126034 166436
799791 800006
459245 173243
931795 100994
572074 156271
800187 35694
480311 775553
203045 785700
84843 314306
886075 99838
240694 457952
697677 924335
829043 536468
753329 190989
988483 708482
874918 534167
334173 114516
287759 193208
294202 311917
468189 219553
773747 866276
160328 786875
572575 772557
605362 363373
463212 657418
633870 491436
934270 222405
758873 331546
522536 763312
471793 512201
564868 29517
144034 865211
576918 417540
247956 431793
169846 871120
255895 234644
21519 462092
753149 416223
298095 594094
770011 358510
368446 279806
502211 403880
253926 821215
584527 779584
810284 294961
324478 574819
958529 375151
311190 987012
937305 535446
406566 559147
793791 625650
87741 180960
115682 815310
927903 359389
236399 413777
693584 216413
138792 604845
426059 195794
493877 911218
206178 529085
103904 304161
197811 49156
36167 580932
116378 27501
586648 973472
599121 41443
740903 898938
232747 205362
564751 856585
270361 679149
895562 319649
924494 963945
678239 552854
464071 869053
398137 690615
994776 670250
237905 20540
119972 711087
738588 792572
284543 236350
796293 843735
742672 402163
607525 537195
393779 493918
173067 690776
10424 182639
146584 68628
621482 453418
322470 343322
33936 604053
274302 239106
778147 547212
776798 30706
823278 898119
652968 33884
877619 107820
509984 449260
504954 138789
632708 636008
845283 417232
599871 805775
392902 855708
827625 264954
608276 532884
136936 668594
426199 160712
226423 929738
960444 204345
102463 3220
37104 302220
928541 273930
241689 433222
572011 438524
593031 746643
682374 204718
528992 438314
812521 282245
547199 921895
973278 640145
308738 673975
834687 110213
558450 734937
457782 579609
582829 37392
339612 78744
352675 138432
571654 268152
225175 112863
859507 143664
866883 818207
775020 60379
342624 395874
836268 587540
746184 408323
82297 809545
438257 54921
308357 435483
15091 515206
552598 284638
363383 597920
254851 410710
197361 234557
347420 826505
488668 422537
759243 725426
785806 355550
269924 534262
640301 128429
536752 624691
434236 386484
959905 137548
573031 390992
424698 268261
71399 588122
704541 977296
388005 434782
187838 959392
304395 585367
526403 535258
260684 793064
148613 804145
338406 564989
693418 937037
561728 978707
365190 748670
886218 514463
423954 325094
111854 977749
565870 848652
825948 701753
655034 788911
748302 732452
836318 842872
378130 52697
845761 881220
685364 157313
240801 512873
968410 23769
520975 934219
201387 530137
44599 404664
248257 606105
583853 468553
317205 878612
580364 668222
457132 661652
912603 235398
78269 723934
295130 748921
630140 974899
650711 659390
172262 315504
857773 891512
344230 140671
189307 897248
301911 64116
670221 233906
220959 550169
428780 772573
440795 538164
718315 9143
763041 416426
140359 630917
379837 841311
334708 953989
613378 528477
362480 985420
876931 304140
444811 738752
635999 739660
803777 152618
386524 937911
6578 473997
765070 607483
664146 435358
963001 205864
140789 900960
531877 726042
85851 799649
753637 430213
958690 420559
405978 367015
671155 839669
578421 801409
541068 634465
787083 214419
670829 344844
337341 173607
299589 677407
631264 102410
826774 482235
383194 594265
838806 967563
767211 433570
863784 924657
345215 520848
887863 340972
180641 751194
71101 559017
193481 277561
10479 612169
475513 980565
672671 681309
877215 812854
915264 490759
491493 508479
621243 742037
709599 393187
826757 460048
384704 995310
516157 690540
31512 248418
999612 922519
481535 730653
8213 589212
201381 193515
692579 18692
218500 676894
489747 883749
893008 614215
122693 923510
184045 384500
777687 262435
722483 412143
407452 604444
813483 625686
874104 923609
846127 363494
94146 392215
981427 846161
39676 620859
639552 701307
378200 250754
134503 376551
990766 386446
828455 27510
930510 631958
894393 12499
424643 708197
831140 135374
279559 832095
274203 644622
526616 153663
64377 638829
3489 620762
241621 564303
265610 561665
812419 399672
294722 162309
67255 465421
492931 285488
435945 895710
908210 423441
650137 330338
984212 851352
201945 999776
162896 263771
935934 994648
151976 689512
310274 518810
83112 155465
235629 70394
470066 867222
29531 48047
31968 764788
568775 96786
510995 43398
985339 4720
853558 937704
789055 635475
635250 356268
620039 509500
504147 316646
6157 74471
593281 656123
330087 316431
905325 194893
62114 565716
132263 375390
658678 610145
706931 164231
207629 745952
269171 736426
674129 711468
346942 641228
997497 463184
491183 500692
817338 136034
210506 995330
169952 823495
658426 322286
517179 18538
102754 563750
457640 97793
707938 235017
917748 634817
899268 933369
669794 643876
355343 686939
328166 343922
325605 220785
239976 844162
980197 816788
330617 57313
399307 709202
549987 500569
37606 576232
658482 585666
683459 140360
893877 634621
269437 391396
324764 330123
974000 687204
374142 513057
856980 847842
587126 702309
546470 182584
517872 827102
884415 45165
272866 848489
867557 802222
378453 822854
408519 905163
45523 555434
190054 91977
1872 457899
788023 977991
665195 845137
358193 280521
128362 39336
260144 733672
434756 715489
61089 325114
888779 952628
801116 464004
266225 161645
984499 187171
92333 163177
718612 911517
521993 656356
114255 427165
405156 42364
887501 902278
182798 70350
628186 764194
497865 829660
63647 406830
250443 932621
403747 124737
588741 139221
819366 723362
910533 373465
536642 322363
233879 2866
177721 773753
200918 274371
316736 291976
712753 124573
713423 722736
5428 895551
243710 860108
266937 503294
954414 307357
432094 35879
693601 876661
600022 20834
394299 512966
835330 510555
513421 449441
741693 587708
380579 691142
501618 942611
585683 697315
938550 214370
628421 299105
159213 943979
965772 872131
179487 944650
980530 438684
315344 130081
669415 674130
187095 915367
425921 582214
550154 540924
647132 457841
667482 291846
752957 27710
243524 687599
901970 338639
637745 182073
644551 48889
921020 796958
741607 610322
49006 619006
267586 240635
914765 364350
798216 937002
519215 620360
161283 742636
200476 587868
879714 326914
354624 386458
74056 632670
971310 116647
817221 494525
543414 127553
443010 461771
590593 982933
120438 703116
943752 639599
522448 388024
843525 377015
997375 839164
581799 881239
469106 158658
4071 300775
687233 348820
499989 358696
993843 279788
774314 989798
117350 811063
272834 836227
337659 78859
781976 863427
21524 458097
364620 244226
621241 62471
901635 208145
89383 137115
814273 483434
784209 558490
907310 818344
177039 989941
269728 407298
397096 170882
500444 562541
917268 32945
630305 773278
155203 254926
231522 930780
175005 695227
757699 596142
804287 314745
970360 177832
661266 412170
970660 784632
602976 963974
472413 396468
322265 298514
987896 260641
823182 237860
789306 488340
780117 258948
32373 419610
350389 453820
149046 263895
378537 525394
358638 425244
603077 701323
113492 328998
632129 782842
265315 84151
999119 235104
533619 737728
998369 321384
77743 40013
528353 340050
117497 867049
286658 826970
280789 149871
932266 637047
680940 948335
373579 310802
12125 558078
405575 495155
277996 644117
728269 37703
272808 543311
799539 245886
567270 324926
364939 797907
656456 163513
30561 411792
238761 773954
923825 317220
472766 38049
986384 374589
685392 153706
711784 878462
373616 216016
860133 117358
673561 651613
713423 106900
352787 946369
789794 512961
829368 438556
602069 154733
85024 485823
259776 151130
468350 842285
398833 702100
76689 941116
613321 385216
782178 280580
496596 325104
960962 155793
325905 875228
982129 634523
99390 39328
70788 853415
810470 889185
562417 900156
385979 931039
82168 165940
8224 164254
866355 69017
10132 407057
310772 461543
742123 623454
467057 92949
767243 238718
632445 946519
99540 611647
650975 133072
504986 198930
606614 721764
140418 315456
764994 687530
371969 526397
690652 847162
434678 380193
305749 75505
537048 444810
586763 135021
746470 279170
36387 572320
518838 32211
643859 187331
320404 136877
854307 294833
535096 825390
659345 460921
666950 675515
720411 424338
789999 38919
937612 929562
5066 224676
187986 761861
896882 60613
339783 293248
865568 643351
675563 894670
82001 902905
39781 319421
132753 920905
746294 894089
873509 186349
380363 924139
348476 58957
97876 100773
548835 656975
400150 35488
797349 553901
614515 588136
399884 212729
374579 472797
885967 265451
686856 568641
406561 967968
888872 726637
139224 57814
244163 153664
77802 531232
590190 143025
243798 944779
601753 688066
242053 792633
865034 520402
627038 557901
289129 998048
470844 26921
810872 663709
232349 356810
843277 497727
742864 638911
215224 250647
404312 882088
413320 459387
602412 613
945392 522009
210074 364709
675842 65643
104545 970628
528528 59374
57421 731583
758504 817658
999866 46764
403575 569375
585602 750714
908124 765351
15998 328465
729052 123347
582734 938810
939423 660871
182879 703645
586854 403314
987457 911454
882081 262695
840569 92001
823584 929108
265264 897990
944754 100586
188461 265129
15843 866828
632179 774063
621027 923967
47314 648177
586986 350078
529449 148547
370692 44907
966721 712328
623781 957546
738740 954178
564678 24360
953469 579308
477297 906762
525847 218732
2361 940550
807378 714308
6869 536704
979170 439556
606232 627896
496474 544983
693531 711717
756624 25922
256749 64222
21767 241844
196021 399030
423390 279006
858314 279198
185959 895358
632590 335610
276159 230306
944614 634951
690154 602036
41591 951484
97878 669323
214306 647823
878039 594352
138773 907837
490558 634663
876507 395523
794553 30824
309830 591027
388724 736442
631800 168143
22252 93183
323489 264389
417839 816911
418947 268102
738085 107992
777315 979038
145360 835964
948815 991621
417956 23398
176560 606088
1610 427013
457837 53066
162592 314662
51103 286166
972809 551317
162999 201402
465791 995061
330471 486488
754590 883630
991622 749418
728455 11174
365637 287436
279056 873815
415713 314451
920539 215512
642525 592273
163839 440648
273809 618862
905028 326431
396247 324913
526315 396336
391396 559246
564233 510606
394235 721867
989784 837323
848497 904357
191792 236738
629052 214133
47083 989348
204859 44764
637038 486122
445269 365884
503245 800877
645807 719079
562491 926772
323107 560554
638299 607305
117910 233003
473369 202532
39854 30645
453501 463153
218390 406850
139482 645293
153139 847442
892207 186565
191186 876499
242382 529244
848620 636456
874034 264126
190897 494426
54979 436524
43828 514005
265507 693279
414310 680239
229383 738876
720528 454164
379513 682884
846676 938918
786360 518995
224059 999815
876313 678566
726309 415246
570201 637194
901320 574928
587853 962734
399257 92217
124721 161332
373110 961585
160322 390228
647603 787420
760083 389705
72588 368131
825548 139595
177089 919264
919079 611907
808972 401148
334893 313890
951085 53779
147206 423593
386326 370903
463120 735060
896392 785583
265667 106340
15067 269501
575420 425989
334194 662671
549301 335502
993597 406782
844546 374848
986756 170685
571833 282123
596013 314226
368006 425226
848819 65596
436500 515212
768771 235145
539227 418119
42959 665162
453162 323393
749383 58026
239196 28581
882583 602076
8857 788497
163345 394678
565363 371902
654025 668600
501325 655696
80921 768538
352633 869331
903043 448239
683384 307632
244251 190312
373974 741111
64503 287210
863736 345635
892717 332385
934461 102932
891429 775299
169977 461818
833720 54773
241872 253839
909535 6244
293281 743198
131027 508955
957195 645914
472046 552569
742882 159077
900188 716297
3506 116855
462490 483191
815576 867242
970174 355206
649005 268536
730354 380102
434875 337481
591320 82572
607316 195247
938445 19354
528309 900597
65010 69471
622041 485503
644581 537056
253352 883422
518776 63267
546458 256858
642599 499765
373471 880534
149069 131272
511374 540975
878456 397922
480494 464748
659995 988275
7628 87810
506906 598439
186410 535938
539940 571916
108971 326950
728871 703020
766288 880823
656180 247646
265910 831245
711778 298779
430051 639381
180355 379346
777268 459924
924672 577310
565585 776262
382571 103166
701605 573213
109150 407976
979893 406514
251963 167590
870610 607363
6685 980834
746979 636897
468142 662865
480143 12889
652270 698419
596265 428693
888617 351125
928435 892032
668293 331788
434954 494019
67232 569363
977340 136558
61572 694882
862472 475731
601593 832035
812869 733082
