36 100
32 25 37 25
28 95 15 97
84 98 83 75
18 51 19 42
5 69 1 51
83 75 83 72
77 13 67 25
58 83 57 91
19 27 32 25
75 88 82 76
15 5 45 18
95 59 37 25
74 76 78 69
19 27 13 33
70 97 75 96
75 96 74 76
15 97 14 99
14 99 28 95
62 52 95 59
57 91 5 69
26 61 11 71
19 42 20 36
82 76 84 98
1 51 26 61
18 51 32 43
38 50 70 97
32 43 38 50
11 71 58 83
67 25 62 20
78 69 92 61
45 18 54 24
13 33 20 36
54 24 15 5
92 61 62 52
62 20 77 13
83 72 75 88
89 28
49 81
6 63
90 16
8 17
35 26
49 11
99 85
21 41
78 84
83 8
70 93
7 5
82 8
30 47
76 28
8 85
47 91
73 82
65 2
96 82
93 100
84 44
51 58
41 4
80 28
88 91
96 15
23 95
8 43
71 19
4 84
40 46
27 17
20 13
95 92
91 15
25 53
10 75
45 76
71 18
8 91
5 58
52 70
13 95
14 26
9 84
29 85
1 16
29 56
13 88
69 90
42 4
45 94
36 19
37 56
47 6
64 11
47 18
80 82
75 60
10 60
44 50
66 39
62 45
100 95
50 75
45 68
62 93
78 90
46 98
70 81
92 59
43 100
47 38
65 22
82 21
72 75
80 25
37 37
99 41
83 36
70 48
6 27
84 31
95 84
64 96
54 64
29 21
26 97
86 77
98 91
65 67
93 35
73 10
52 96
98 37
85 0
94 67
65 58
