376 1000
810 413 886 312
873 161 825 171
264 110 160 145
362 716 414 739
444 60 451 41
563 967 369 999
754 985 652 984
371 346 423 338
854 112 735 137
90 328 79 263
317 915 402 905
978 194 983 248
464 353 433 345
941 742 935 757
672 295 582 350
168 902 148 936
908 842 966 884
440 565 459 660
369 999 227 983
116 1 122 21
767 416 726 316
200 536 196 518
820 10 116 1
368 424 433 397
892 179 910 169
443 384 464 353
966 884 910 825
83 226 78 155
438 463 370 464
297 479 319 447
363 502 408 519
667 413 710 425
189 827 133 904
414 739 379 712
650 567 658 549
588 144 616 117
987 431 972 677
186 46 220 6
333 667 247 642
692 230 672 295
61 766 76 745
974 544 987 431
247 642 217 515
235 568 263 551
189 889 170 868
767 652 733 648
156 854 189 827
103 181 93 127
915 479 631 453
525 680 591 757
957 476 971 343
935 757 899 748
601 926 585 962
121 237 234 192
476 239 591 217
473 467 450 449
787 508 915 479
153 628 147 626
160 145 116 248
478 81 435 135
423 338 410 312
230 417 237 446
451 41 374 48
23 803 18 855
355 515 363 502
78 155 87 110
282 207 364 240
841 646 767 652
807 528 927 478
336 843 298 841
607 844 564 841
501 377 553 393
652 984 563 967
640 140 735 137
720 477 593 478
340 779 352 826
628 965 601 926
764 445 915 439
625 422 652 430
383 175 478 81
696 776 656 785
76 745 115 636
591 757 528 813
553 393 497 397
329 9 802 20
893 281 929 225
18 855 9 787
972 677 948 758
927 478 955 502
320 626 304 620
358 197 414 239
298 841 292 865
971 343 907 355
112 117 186 46
402 905 397 841
304 620 292 581
44 758 9 765
542 507 559 538
28 865 23 803
561 319 636 191
784 419 802 346
596 756 770 943
273 189 200 301
433 345 474 340
910 169 949 162
850 850 785 761
53 392 108 351
426 204 492 185
148 936 185 889
194 306 121 237
370 160 414 116
109 336 137 329
537 418 551 474
115 563 116 560
408 519 355 515
389 793 437 755
200 284 215 274
564 841 630 841
7 217 13 585
755 177 864 213
119 568 115 563
441 440 438 463
337 678 313 691
489 577 510 626
1000 140 984 809
32 758 74 741
631 541 657 545
108 351 90 328
132 371 109 336
551 41 580 64
748 301 767 416
864 213 777 211
227 983 211 970
766 734 778 792
398 35 255 52
116 248 112 117
493 823 445 804
910 825 817 723
122 21 93 127
133 904 156 854
6 111 24 217
48 958 28 865
901 679 899 660
886 312 893 281
673 736 686 727
182 541 200 536
279 382 371 346
505 832 493 823
963 935 943 946
200 301 200 284
929 225 828 291
73 790 104 771
779 102 894 92
185 889 189 889
414 239 476 239
176 467 90 473
658 484 726 481
825 171 892 179
176 413 132 371
52 258 7 217
445 804 436 687
716 574 585 586
485 866 522 952
106 571 53 487
948 758 941 742
537 233 510 250
9 787 61 766
639 60 588 144
953 83 969 116
407 420 275 439
196 518 209 441
24 217 52 258
899 660 767 674
690 575 756 544
219 517 262 461
726 481 787 508
117 482 176 467
217 515 219 517
401 940 317 915
588 98 580 64
474 340 473 467
435 135 358 197
515 158 426 204
785 938 822 995
13 607 31 753
459 660 320 626
53 487 73 459
65 895 100 828
313 691 340 762
374 48 444 60
90 473 176 413
749 819 757 802
164 630 153 628
289 129 268 77
894 92 885 99
134 703 164 630
802 346 773 330
111 983 73 987
79 263 83 226
535 876 485 866
31 753 32 758
319 447 407 420
820 10 881 57
36 229 6 111
106 3 75 3
671 390 667 413
164 558 119 568
907 355 907 375
527 559 489 577
636 191 714 170
915 439 957 476
185 557 182 541
13 585 44 428
631 453 720 477
585 586 526 611
802 20 881 57
694 206 689 274
777 211 755 177
259 194 273 189
170 868 168 902
224 788 163 759
712 698 696 776
927 66 953 83
977 892 977 965
163 759 116 801
133 634 185 557
700 638 716 574
899 748 901 679
496 268 517 315
983 248 951 187
44 428 39 555
436 488 441 440
802 286 748 301
817 723 908 842
756 544 807 528
209 441 191 411
263 551 297 479
60 543 82 563
497 397 500 490
689 274 692 230
137 329 108 287
510 626 525 680
774 693 749 819
710 425 764 445
436 687 430 686
377 66 307 55
370 464 314 500
285 511 440 565
111 930 65 895
125 526 117 482
757 802 766 734
342 63 377 66
433 397 443 384
486 263 476 287
476 287 496 268
582 350 625 422
87 110 73 87
234 192 264 110
778 792 850 850
273 896 224 788
726 316 671 390
615 561 631 541
977 965 964 985
103 805 111 930
352 826 354 830
248 347 230 417
686 727 712 698
500 490 527 559
517 315 501 377
379 712 362 716
215 274 259 194
314 500 285 511
75 3 7 15
522 952 428 942
116 801 73 790
428 942 505 832
714 170 694 206
964 985 963 935
907 375 810 413
286 976 273 896
220 6 317 39
406 804 401 940
733 648 673 736
789 921 785 938
73 87 56 105
551 41 457 14
263 438 276 383
100 828 103 805
103 181 106 280
262 461 263 438
82 563 59 626
593 478 654 515
615 942 628 965
465 493 436 488
822 995 754 985
551 474 542 507
104 771 134 703
943 946 906 958
275 439 368 424
854 112 786 167
885 99 779 102
528 813 535 876
211 970 111 983
457 14 329 9
191 411 194 306
639 60 616 117
246 788 336 843
410 312 282 207
73 987 48 958
665 934 615 942
773 330 784 419
873 161 786 167
288 130 289 129
364 240 367 252
73 459 53 392
525 146 515 158
578 584 615 561
767 674 841 646
607 726 700 638
955 502 907 519
906 958 789 921
654 515 658 484
397 841 406 804
332 963 286 976
354 830 389 793
828 291 802 286
237 446 248 347
59 626 106 571
949 162 927 66
108 287 106 280
39 555 60 543
280 101 335 109
770 943 665 934
437 755 337 678
526 611 607 726
385 965 332 963
450 449 465 493
953 164 978 194
7 15 36 229
317 39 398 35
656 785 596 756
268 77 280 101
430 686 333 667
147 626 133 634
335 109 357 135
954 809 977 892
414 116 383 175
255 52 288 130
652 430 537 418
276 383 279 382
115 636 164 558
658 549 690 575
367 252 486 263
630 841 607 844
391 993 385 965
116 560 125 526
984 809 954 809
559 538 578 584
591 217 537 233
585 962 391 993
907 519 974 544
340 762 340 779
657 545 650 567
525 146 588 98
640 140 492 185
357 135 370 160
292 865 246 788
74 741 44 758
9 765 13 607
292 581 235 568
969 116 1000 140
56 105 106 3
785 761 774 693
307 55 342 63
510 250 561 319
951 187 953 164
218 757
419 346
448 894
223 629
27 443
6 115
338 656
390 381
90 591
151 674
717 914
848 183
617 304
206 977
529 595
41 31
67 748
331 150
780 205
338 554
669 497
844 35
416 698
979 233
908 196
800 129
2 314
308 337
4 310
595 515
236 533
280 637
787 994
198 611
856 566
754 536
571 214
912 597
830 678
564 890
710 427
431 364
701 712
21 740
254 395
929 617
253 180
173 899
510 39
296 371
597 55
269 49
336 859
226 181
70 165
283 790
844 780
182 714
453 235
630 203
820 397
577 248
147 763
493 440
501 657
402 479
528 98
647 671
542 554
719 563
42 613
82 692
406 577
812 955
158 549
947 131
380 668
431 213
654 527
874 924
402 154
943 275
636 620
173 589
842 178
481 582
274 885
461 253
208 370
919 963
784 366
724 865
769 163
380 154
768 422
576 253
218 169
479 519
798 855
723 342
925 330
905 203
456 889
258 365
17 354
410 867
422 801
655 134
288 190
612 34
288 56
916 878
86 196
741 395
737 575
905 463
666 351
930 809
864 813
857 878
745 571
371 267
401 857
46 716
751 689
435 348
225 729
925 351
436 2
577 666
128 863
905 171
980 485
988 834
712 533
103 844
110 146
2 164
881 511
891 48
86 321
49 15
56 1
3 974
639 492
45 270
441 458
943 950
473 110
333 930
463 184
20 126
291 574
775 22
761 862
873 665
681 537
539 922
895 737
920 542
813 224
682 655
604 944
54 314
934 76
952 77
204 396
970 662
375 185
737 745
99 135
363 609
530 470
898 902
443 424
338 817
471 946
580 710
23 765
531 324
401 647
43 482
835 605
790 703
137 209
34 526
134 928
397 397
298 354
469 294
110 432
67 807
517 271
35 647
971 230
878 567
739 372
667 611
3 263
472 457
673 141
68 507
594 498
852 465
450 893
14 320
127 560
522 81
419 334
564 247
504 389
451 131
432 243
196 118
265 436
267 669
866 938
435 335
490 459
41 978
297 940
190 55
828 424
448 402
649 246
325 703
524 153
86 777
585 957
392 282
641 850
477 659
684 506
656 913
580 864
804 697
443 877
992 684
85 961
206 439
832 424
577 531
998 356
312 353
636 582
121 394
743 276
783 599
201 116
980 128
515 781
657 473
847 958
918 648
778 622
46 814
35 609
965 623
977 723
305 967
50 302
578 426
24 793
599 50
869 916
696 579
742 384
341 353
691 589
210 950
453 468
768 256
570 178
902 422
389 236
228 206
322 129
613 496
237 37
953 211
480 105
489 649
692 222
501 521
160 382
541 401
348 303
482 308
420 918
844 383
279 499
629 762
257 601
328 241
452 494
290 281
620 623
535 779
990 311
383 35
436 840
143 924
922 784
391 625
7 342
841 925
686 286
577 469
400 634
818 906
186 543
165 107
577 806
807 700
425 566
406 189
113 551
335 239
864 725
66 416
31 871
847 598
66 407
40 423
18 157
700 549
656 895
700 865
254 923
179 196
386 679
920 275
514 189
914 945
361 377
938 671
268 82
489 784
897 24
181 220
769 916
810 881
435 114
37 200
396 379
748 216
491 472
661 668
612 4
71 265
626 663
745 8
792 894
608 925
835 688
293 790
360 603
407 103
303 796
174 134
350 389
862 923
280 531
225 212
167 892
555 296
304 793
376 990
914 786
164 985
464 748
40 457
250 824
309 448
582 553
633 174
787 623
844 184
86 66
958 69
55 254
737 202
192 50
836 804
788 796
544 690
147 251
765 584
722 397
641 74
248 995
307 964
147 725
791 150
910 924
177 438
641 656
706 605
408 833
628 231
922 886
136 862
136 759
846 591
665 548
542 176
139 603
327 849
690 977
901 117
556 599
254 768
372 887
409 650
882 470
355 727
589 493
251 181
773 725
272 787
964 127
731 505
43 793
770 748
556 733
22 670
127 111
688 967
617 190
660 96
823 188
371 706
887 101
516 622
98 349
477 479
984 61
545 898
645 717
450 314
674 200
1 162
128 801
991 689
475 435
313 651
46 989
89 684
305 933
973 606
84 94
846 139
36 758
474 390
704 371
262 614
776 377
869 954
333 595
29 859
199 808
796 343
26 245
869 886
181 22
116 531
670 265
713 652
42 396
767 186
491 746
814 28
673 266
861 372
230 5
813 581
924 120
55 299
184 640
352 614
144 55
320 158
811 814
209 723
599 853
288 667
385 89
356 792
163 57
62 907
487 84
204 566
865 410
741 950
564 48
103 92
251 708
212 113
526 61
914 421
778 124
214 201
994 163
220 570
476 847
931 283
849 654
63 134
84 403
141 804
587 338
45 244
47 838
899 948
59 263
387 502
393 837
1000 601
861 386
233 220
193 27
681 163
989 732
134 434
929 763
100 275
209 515
42 836
784 947
209 941
442 843
679 286
888 835
912 369
279 438
155 835
688 162
894 526
961 366
819 718
683 579
784 919
445 582
528 826
766 919
451 427
713 898
422 820
188 290
419 23
548 467
629 574
791 927
292 212
620 751
19 111
720 302
884 803
628 855
773 101
218 83
981 223
734 622
602 92
807 922
79 20
285 354
280 708
611 75
516 263
374 230
533 225
27 784
639 106
899 345
428 101
15 807
428 98
881 749
360 721
741 687
41 439
838 716
481 321
274 448
678 687
912 648
122 901
698 629
974 451
552 596
402 401
189 257
696 521
241 70
757 56
185 672
78 798
810 22
470 559
937 83
422 839
739 848
167 544
685 126
722 140
232 927
184 815
25 421
491 880
626 266
628 248
736 812
834 706
956 235
9 995
833 892
429 431
665 261
388 596
737 349
966 800
304 969
389 149
720 19
285 571
509 35
847 604
309 244
170 371
365 264
155 179
610 888
839 585
180 965
3 917
407 607
575 969
809 711
731 655
916 528
563 706
309 424
668 100
471 309
573 528
707 526
103 419
694 6
971 942
859 874
171 664
323 956
356 746
90 131
349 777
173 5
429 602
702 482
481 788
315 863
78 54
163 713
719 181
814 857
420 380
734 672
317 591
27 56
187 673
450 117
814 226
829 623
795 933
410 220
774 276
20 416
128 852
724 183
730 537
917 537
208 149
741 651
707 215
888 458
265 585
501 27
650 78
702 19
240 135
411 111
217 704
555 121
995 345
883 278
815 724
563 489
139 713
928 994
451 537
812 506
533 717
485 312
332 874
8 186
989 262
966 109
230 205
241 210
179 915
328 814
302 684
397 581
575 132
359 14
210 716
432 170
172 744
617 608
484 194
456 315
424 162
58 111
322 344
949 299
803 191
875 276
857 795
617 962
667 121
838 976
836 877
310 960
257 8
202 617
932 742
904 349
460 45
389 962
951 472
663 27
994 753
238 228
189 541
662 855
831 856
423 189
149 666
364 733
40 96
838 567
916 972
17 432
393 65
538 96
815 34
787 891
118 808
348 715
570 999
544 701
890 90
446 657
390 729
826 811
67 430
91 663
785 673
738 799
586 178
212 966
547 400
898 689
404 355
43 246
947 664
754 588
244 836
255 199
700 324
444 80
433 767
439 226
24 218
86 868
523 300
390 989
367 69
425 288
534 461
124 468
746 170
696 878
768 681
695 951
721 467
925 139
55 154
62 363
230 770
70 148
827 754
513 460
748 193
655 628
787 972
141 469
37 222
903 838
478 805
962 598
427 199
353 886
940 482
251 105
944 860
303 11
472 770
653 817
444 910
572 307
467 921
143 713
240 504
999 45
333 719
918 960
536 450
932 961
65 475
334 874
575 8
468 638
144 737
647 120
118 278
199 218
621 585
88 342
77 552
270 86
736 411
861 878
528 271
746 483
46 593
291 771
408 621
358 759
569 552
830 695
603 687
962 719
60 223
775 49
826 138
239 735
302 562
523 790
963 830
422 960
730 8
320 403
852 828
379 678
62 421
798 899
618 665
578 760
809 368
196 43
778 325
577 435
225 771
600 99
58 187
887 713
115 478
305 206
574 968
78 374
273 636
991 876
635 581
949 568
611 134
459 145
270 79
540 726
825 185
63 139
852 574
742 950
846 658
625 47
421 109
745 393
268 384
655 425
683 904
728 294
129 985
63 186
602 399
275 293
432 116
380 338
978 975
632 122
169 823
932 947
339 280
355 366
791 607
200 9
303 163
147 928
804 432
522 901
193 405
212 797
134 626
600 592
714 111
624 922
868 573
544 245
611 206
503 899
908 91
254 394
11 902
23 402
302 816
911 545
31 496
812 122
715 856
657 101
22 118
692 280
525 890
786 235
824 826
917 979
372 421
322 862
954 384
890 346
581 255
441 490
303 303
158 943
43 708
516 816
95 756
645 207
132 311
136 120
99 956
377 744
605 161
235 389
425 558
503 815
996 6
309 635
577 298
696 467
973 311
66 211
109 68
379 402
212 241
888 205
949 311
163 264
343 243
801 398
213 769
465 995
319 208
196 464
621 586
897 892
793 594
662 654
746 902
143 731
626 958
960 721
985 575
508 122
520 17
786 309
994 423
321 250
714 312
898 207
789 335
