100 1000
99997 39997 99997 20000
20000 40000 20000 59997
80000 80000 80000 99997
59997 80000 40000 80000
59997 40000 40000 40000
19997 20000 0 20000
99997 99997 99997 80000
40000 80000 40000 99997
79997 39997 79997 20000
0 0 19997 0
0 39997 19997 39997
39997 19997 20000 19997
60000 39997 79997 39997
0 0 0 19997
79997 99997 79997 80000
20000 0 39997 0
99997 59997 99997 40000
20000 39997 39997 39997
59997 39997 59997 20000
40000 79997 59997 79997
79997 79997 79997 60000
40000 59997 59997 59997
20000 99997 39997 99997
60000 40000 60000 59997
60000 19997 79997 19997
20000 0 20000 19997
99997 79997 99997 60000
20000 79997 39997 79997
80000 19997 99997 19997
40000 19997 59997 19997
39997 60000 20000 60000
0 60000 19997 60000
0 59997 0 40000
40000 39997 59997 39997
80000 20000 80000 39997
99997 40000 80000 40000
39997 39997 39997 20000
59997 99997 59997 80000
20000 59997 39997 59997
59997 60000 40000 60000
39997 19997 39997 0
19997 39997 19997 20000
39997 80000 20000 80000
19997 99997 19997 80000
40000 60000 40000 79997
20000 80000 20000 99997
80000 0 80000 19997
0 80000 0 99997
79997 19997 79997 0
80000 59997 99997 59997
20000 60000 20000 79997
99997 19997 99997 0
80000 40000 80000 59997
60000 0 60000 19997
79997 60000 60000 60000
79997 40000 60000 40000
39997 99997 39997 80000
99997 20000 80000 20000
39997 79997 39997 60000
0 99997 19997 99997
39997 59997 39997 40000
80000 79997 99997 79997
59997 19997 59997 0
40000 20000 40000 39997
99997 0 80000 0
60000 80000 60000 99997
20000 39997 20000 20000
60000 99997 79997 99997
40000 99997 59997 99997
60000 20000 60000 39997
39997 20000 20000 20000
0 60000 0 79997
79997 59997 79997 40000
79997 80000 60000 80000
80000 39997 99997 39997
99997 80000 80000 80000
60000 59997 79997 59997
59997 79997 59997 60000
40000 0 40000 19997
0 79997 19997 79997
59997 0 40000 0
59997 20000 40000 20000
39997 40000 20000 40000
19997 19997 19997 0
19997 79997 19997 60000
0 39997 0 20000
0 19997 19997 19997
79997 20000 60000 20000
40000 40000 40000 59997
0 59997 19997 59997
60000 79997 79997 79997
99997 60000 80000 60000
79997 0 60000 0
0 80000 19997 80000
19997 40000 0 40000
60000 60000 60000 79997
59997 59997 59997 40000
80000 60000 80000 79997
19997 59997 19997 40000
80000 99997 99997 99997
36449 40535
97701 2324
695 18978
53484 6353
59074 52974
82684 56445
52559 69938
65162 76080
14341 5013
91885 83886
89484 35731
49778 43091
66116 75462
82815 14276
50569 74895
53256 86235
26386 24845
43823 50956
57309 64908
17882 97308
91579 54210
24147 38392
52299 81965
24804 89309
73194 66640
40197 16689
59780 503
75965 27801
79905 63722
38616 58780
82841 30473
55318 91872
42828 47053
11961 99142
34275 37963
92173 67670
6061 63680
45644 16319
43454 96187
62827 70449
24964 54474
54977 40850
68652 22570
24118 68769
65375 48556
79029 62735
54606 48215
95269 72174
71315 35260
73224 45056
12725 43416
7095 3222
19542 56613
52800 90567
98842 822
55297 53453
94303 61632
22028 48100
16868 780
49336 46146
8880 82243
68285 66192
38365 1313
36573 1379
46435 47506
28748 9796
13019 59160
53599 73670
64236 70388
9036 6398
59851 903
62535 2159
50260 54154
92761 84563
30709 4954
25024 42097
46115 77416
78729 31135
32514 22306
7638 15302
62925 78949
75935 74213
47882 13770
21984 29533
73759 49945
50848 31021
33180 33609
25589 51210
73599 21266
64048 18350
98274 42134
19550 89072
20206 82215
42347 98279
51407 90547
69495 49985
24197 52159
65929 83256
50615 9905
59850 87914
56761 24373
57983 48525
99735 27767
86861 21398
77575 11159
53294 50908
77806 75848
95889 10670
46775 98012
26384 38235
88220 98183
50341 95879
16960 50243
60149 54096
42009 67575
91949 57825
6349 36596
64364 87758
9155 43910
55070 51224
39958 86731
404 46190
56860 17763
53601 96294
34528 3634
1816 79985
13689 60575
48644 89984
44080 30649
98224 46619
4444 23915
98339 27998
15755 48620
92531 62702
51752 62738
49468 85427
31616 91710
47299 87699
83992 88476
92110 899
80884 56347
54748 31753
21736 94573
25221 3391
87838 3642
65385 61271
89270 92282
78728 63723
26424 42851
5588 71258
56684 16002
45538 55056
80582 88300
14601 92837
93736 64573
58746 6711
38464 74619
7017 13493
54712 98027
1669 70065
69162 42549
34830 4880
68603 58431
1282 51384
22642 95027
48855 44697
37580 17152
43279 94393
87229 18161
20560 57880
2417 80964
93409 79307
92800 78708
76735 38252
8316 47511
90060 16230
21110 77478
73736 62716
14100 89713
22565 12844
57541 74569
29547 9246
3638 95121
13281 72826
68533 90867
9656 33842
50975 70950
87485 40891
79143 43774
29112 64219
18275 87459
64936 56998
57541 77212
4750 76498
89342 71641
84036 65142
74388 46883
79830 13582
24235 15852
44545 93112
64780 92768
1543 54201
95092 15754
97355 89028
91073 74234
99519 64293
21291 47174
24385 2280
78779 78832
88299 66962
32103 68120
52829 10160
61569 44317
60169 32659
63597 85804
16397 4713
96741 66203
19783 17941
44795 91832
3891 17137
19257 35868
20868 3409
5690 40548
57206 45254
50042 84469
90415 83331
93491 82146
64289 43244
13729 55059
78690 62285
66998 77326
81355 95087
50854 1565
93397 1137
56101 95650
69344 35115
38524 75358
53732 90212
73292 82041
66509 48764
32094 23334
43306 94751
75821 63411
56297 7594
69879 89550
4701 72813
67899 74704
76269 86056
87193 18753
52229 7491
42606 43293
56478 21572
49610 18957
997 10209
96801 22902
84063 5333
83 66721
30132 27368
72789 75904
3279 24255
97068 80495
93025 7980
94036 2792
21545 7119
14610 81228
62347 11600
33172 95044
14000 18824
66861 20609
43511 52824
58157 63661
30381 65400
92768 96067
9796 98340
60421 3382
21703 50902
58882 95315
98108 14727
21846 90744
9797 57479
69080 36457
69327 72145
28795 40078
60687 83327
73977 33482
34969 42024
7423 69961
66027 3177
1516 38017
41400 13650
64552 99765
95079 63103
15657 61261
52004 31012
88492 37503
11786 61802
71773 57571
35475 81113
2265 567
34050 96163
38186 76243
46203 6845
10022 83437
21453 50056
1532 11539
49130 679
1609 3911
65172 82035
13047 17266
92596 55002
16803 1538
96936 4382
23321 88576
26970 32410
28572 25587
1829 98847
5691 4585
88022 85859
73741 15714
65080 47301
85808 75274
79185 14209
96244 25243
42509 82183
37184 47117
48655 72931
77313 91815
18216 45590
78001 634
64048 83013
81859 6572
48984 65877
89562 25377
41091 74832
22133 63302
76402 43997
96033 45767
71010 93413
13421 30102
77220 13518
24275 50606
80247 25874
9291 1588
40049 98463
81476 87292
31690 4096
7799 1160
26537 80675
55506 97361
98489 5454
87278 15465
61232 12717
6129 83310
51239 32241
83586 19551
7983 28458
92159 7861
47276 88230
24518 1449
26567 87325
29247 43820
82808 58258
76759 37046
72233 9344
52626 70091
85557 70721
83438 39903
61040 84615
54683 27394
84772 12278
40736 76095
21782 92755
18810 70721
72171 69058
94209 81155
62802 36564
94822 61282
98328 45609
54953 71580
41671 70560
79108 45405
85309 65054
49668 371
65592 84175
96453 42177
18272 50363
80944 75015
45735 40054
46939 37580
18735 55732
92297 78974
40256 81537
27145 87118
96525 76410
46970 19924
65330 76022
78902 63904
2101 88465
72639 66396
8573 67694
55883 69091
81932 64672
42552 36827
74407 27666
83399 89491
6291 30968
12504 13521
38465 46547
60783 77476
97401 34989
48837 45579
9482 556
89021 27738
31961 49411
17104 99486
6402 40534
5205 72987
47640 88334
53826 47757
75075 22047
53015 37224
88572 81366
65739 3346
80822 27037
99853 26521
72101 16048
16604 48690
14254 19409
68820 43451
80763 46215
24575 23750
34564 87165
13324 67607
53191 82204
42077 67151
42201 66092
85284 32919
74092 30773
57810 51022
15369 54913
70962 95489
44178 25296
82533 25392
6670 96260
80301 89179
12929 87433
12424 4876
10309 85320
67523 25748
30725 63500
67418 47427
18172 72927
41526 52701
41549 92264
47176 37162
32650 56919
20041 55964
19183 76829
10914 40400
29579 25853
13285 91215
33917 80335
65654 63536
89285 82054
83380 71003
18429 20009
30762 50798
3498 36601
28864 72288
9449 45048
39793 13867
7657 42100
56755 97661
38061 26840
90520 5495
96710 67640
47974 41632
5167 68454
88334 13627
22456 94452
52288 71713
22510 40886
15313 83050
93165 63836
46710 44178
95872 2613
82540 86503
84163 3528
68196 77121
82616 22223
27689 58715
346 17152
85606 13489
64943 5514
37792 11765
83478 87400
66112 27906
48783 43815
45477 81425
63429 41947
82387 92187
78689 59300
655 2753
79874 677
60728 68851
65392 62490
79642 88417
39733 65739
9079 3073
14838 4675
29901 84698
12604 36142
17783 96013
77438 61387
41160 63260
55446 40866
37993 23546
26299 71961
72639 38648
45325 44000
6489 71193
97436 48543
14281 86131
27030 37168
79671 61187
45885 79695
15836 9571
5584 96316
57702 33620
34706 20848
99541 36688
98061 27979
99940 37533
14007 62187
6186 10404
81597 97159
45702 12675
36632 79033
16200 97810
58997 1488
81183 33697
43269 42708
39023 34845
68465 86680
45354 34551
71239 40998
68977 44894
20254 69299
69312 68916
17147 72088
69247 75498
25999 98744
15602 52775
50584 457
1945 69630
3326 47407
90115 83128
17973 84422
8927 66964
1514 24264
3088 54281
37002 10579
79879 72065
78808 57256
29343 49190
62515 95955
32524 36416
89191 88514
88972 48127
17756 77602
62835 28743
49698 58909
43331 90777
57740 67671
29761 52258
44366 59255
69834 70677
42741 81368
38623 87539
74556 59375
93156 5792
80036 37070
63410 25680
11633 7052
84654 90208
18951 67216
26124 47489
38265 68649
74146 7281
97367 33831
30912 41733
12409 41732
23099 746
26111 92978
52352 99549
43167 38493
13389 45508
9014 23202
30255 76800
4833 20647
25689 52735
223 23784
30259 89640
96922 76315
47973 4404
83965 94288
73846 78885
17457 96374
89351 96945
34319 43569
82062 41703
25037 77486
688 33278
10077 34051
92525 68770
21504 14910
76522 56040
45679 59555
73696 6780
49012 80427
74714 21668
553 32976
67176 48559
83330 18010
99406 56527
36056 17648
32961 19294
52572 98920
70797 71476
40245 475
15385 1147
57187 61749
21303 29733
74341 2865
83293 95000
54494 23352
94155 95833
82219 55047
10884 61330
17856 65548
21023 10289
29583 91739
90658 91811
63286 82155
82630 61454
62601 41357
40932 35842
65575 19787
60480 62
32888 39915
1093 81599
15257 87382
42429 95248
56578 97476
850 53313
1428 12260
3999 59700
51510 31012
13166 94657
93938 52622
31805 33623
69465 56538
14152 72737
72799 72866
50608 74632
94057 5686
30895 51701
84776 9313
44616 73324
64463 41353
53613 45466
5165 65891
34729 95439
27922 94502
84950 47896
81519 21859
78397 16754
89491 88810
61675 92549
5006 116
5802 12282
1810 36889
84030 36697
47847 86586
65765 28645
11937 50136
53854 57204
52643 54929
87257 88583
74305 80565
2423 72206
88960 55823
82459 18646
11195 78450
78566 44134
56416 54028
28744 22195
96719 96053
82638 12773
79245 82393
32528 48402
43433 91182
83937 86382
12791 96076
14466 71193
43398 87096
80746 54716
73362 32357
48633 63204
7337 22383
76412 65026
25047 1580
97633 5155
55755 21765
4157 18097
4325 34999
26180 74513
98721 47758
81660 10116
81309 11511
98608 96126
50841 62533
32716 17179
80383 24203
84413 81349
84201 25547
64954 60824
3805 9247
68840 62586
18509 59560
32385 10823
85336 22835
70593 58565
6507 84057
33394 90080
86205 25642
88175 69828
87007 74873
36902 20890
40066 5216
30763 21314
19965 24266
71341 95717
96129 61597
58984 78007
88830 14638
37473 91369
87761 11992
96049 45892
35971 94268
19910 67269
37097 60003
34875 45911
4628 24103
67146 9603
30917 44694
6786 97909
31451 88709
50306 15953
93960 27580
42218 9289
38484 20616
32608 17517
1235 26244
20512 66483
33751 75034
35036 78249
61986 70848
32778 7737
17340 66614
49134 99924
35659 86084
74793 93748
9700 67110
94690 25098
72214 41487
62103 74734
30077 10697
74769 94711
61193 69140
44173 95281
11355 32770
3618 17035
24772 73341
77782 74223
74146 79939
66022 64742
58489 47631
14741 78641
41565 6016
47503 47257
59818 13778
62303 47432
79969 27721
96861 37071
70178 78988
11757 78860
95895 19359
30526 53202
27424 58493
38431 8307
10876 39397
87028 42280
20920 69365
75381 39595
86853 312
51917 60710
8141 46670
74391 14219
89117 88110
67097 9078
87938 97121
16479 16681
69883 83833
80152 47006
93140 97308
36704 18583
98690 4015
11207 61558
1153 57436
57748 86588
85125 88006
72502 9665
61711 31092
19202 84719
31623 50828
47948 24125
40806 19561
41220 2254
49260 10689
45823 21371
77781 80226
22068 20353
81911 76470
71733 33275
57689 20890
46722 67307
76972 42813
73906 19223
41769 76510
27337 30934
92886 73392
30779 13111
53192 71519
20034 71999
31197 40278
20504 65857
24036 8977
23274 42572
13673 5946
64664 95007
62313 71362
14175 11385
68436 77112
53621 25907
94668 10204
21422 18784
69722 87553
96898 52202
62027 22914
63192 16931
20614 93224
40028 21522
1920 44650
88424 63302
96135 15593
24782 53087
64472 96274
11211 76784
2690 32907
80938 64832
21442 97358
22736 2360
92389 91165
51905 19634
74392 92242
23292 52923
74446 95007
39656 63320
64448 14192
67613 28079
81166 98409
94682 92395
69178 45638
16371 43720
8551 71868
7051 97310
37496 67821
96812 67614
25074 67711
97779 48716
1638 99467
94473 21070
84390 13910
65930 34128
34 86664
85072 33542
25936 81200
64664 79754
23473 95114
4807 18862
16171 69851
75498 49685
17298 91494
59204 72309
21024 42373
79666 56982
15879 60490
12226 74138
46092 268
86933 15982
49524 46126
65153 72004
89584 13286
8399 67643
86505 50883
58561 51033
38544 40502
31995 34058
6367 55843
36042 91199
86008 65218
63534 53534
27671 1886
39981 13587
29569 11589
57716 64740
74571 79094
30206 60695
66164 64154
52864 76433
27465 52669
93171 11424
83309 66010
59679 25166
54191 27502
30547 33547
87081 78025
17737 94081
45494 52578
64167 57719
60285 75064
91984 59709
20403 34855
36836 22189
98622 86568
77063 89700
38950 63914
67750 8059
71052 60085
87588 65255
36628 63070
41094 18134
50041 23708
14112 58832
54377 95536
70599 78279
75815 14661
87344 408
60424 96218
20611 24179
51705 96873
60786 35500
43560 28481
88566 66362
31616 14611
77681 76153
32113 68244
29778 56602
53260 82155
77690 43890
59995 45463
60124 86115
24349 35809
69854 85294
9472 84773
81645 28291
63792 99004
27484 80257
46618 45178
97616 53877
30029 16060
84304 13123
69725 99970
82124 51908
33624 60811
6273 97640
83754 93620
67255 4223
89518 45929
30701 37108
3226 98990
35820 50173
68256 4844
50022 63304
17180 52701
68761 85464
98587 85037
85006 90892
80626 68311
