800 1000
5364 887 14919 311
12906 84502 7569 72020
8745 64352 7521 47196
9008 29885 10744 25352
46857 75285 36407 74476
73675 26521 79459 33448
70178 89246 47146 91596
98272 35276 98341 43280
48994 52121 51697 49043
29237 86043 18667 78913
39248 4197 78825 5961
8940 7970 12265 5748
10840 63670 8381 50920
84323 39023 85010 48324
79667 38272 79890 39313
24792 93003 19985 91313
95034 14784 96465 22625
97796 49442 96320 78571
52552 53739 41844 56933
26436 34842 28524 33144
21958 65601 19058 55282
80110 26500 80754 27471
59510 9708 62633 10140
67002 96237 57282 97889
17764 72006 13884 65531
32361 78325 30345 77365
64672 43125 63983 44554
40560 46560 42160 43817
88721 31523 89833 35824
14947 10447 26310 7988
219 14113 610 8380
20774 42815 21429 37137
37676 52770 37767 48448
74675 47875 67214 64201
90195 60945 89658 73140
81971 53381 80606 68968
95371 31523 95449 59233
32873 45284 35743 39354
43350 81384 27983 79356
10057 90507 4914 79366
55525 12783 69011 16320
61346 58596 55864 62550
65469 8977 69820 10441
4174 94570 2667 91940
67611 6127 72332 6663
18095 44924 18023 42027
42088 17466 57460 17212
52695 68681 50028 70106
10711 50248 13983 36045
64014 47142 56639 61919
88971 26683 93577 31938
94271 11088 95034 14784
1426 16073 1876 10352
34015 33613 37913 31827
16790 3504 42422 3263
18170 36778 27003 26776
21291 25053 42088 17466
44265 2325 60101 2529
29852 40954 32817 36418
8472 4343 15122 2577
21530 22582 29249 18901
60844 66313 47646 72031
37327 13605 48428 11977
5163 48756 6056 43709
13597 17396 14960 15586
96617 64123 95585 76120
43967 74916 31295 68292
69621 74887 51217 80170
66480 70452 56445 73739
1516 25020 4783 8144
58951 14869 69036 17747
77028 7161 89143 11439
95822 37529 96617 64123
50754 34913 60617 40107
43315 77648 40214 78035
84671 34917 85850 50091
78563 26477 84671 34917
52307 7573 61760 7918
14919 311 89985 980
59099 69927 43967 74916
48421 68028 41207 65703
23403 71247 21557 65147
4914 79366 3328 68474
18656 24842 22497 21481
2597 95653 3922 99115
51640 89777 42788 90500
5065 15705 6727 9782
10459 11327 15243 6961
8381 50920 8181 47122
16943 84405 11038 76262
52509 95576 30483 94060
22642 9608 29290 7852
30502 99746 53345 99682
94747 49699 93758 64728
77478 11500 83728 16024
27936 74343 21958 65601
49552 62227 41971 61676
96465 22625 97798 31768
4767 46871 8709 28360
9544 2483 44265 2325
39745 33182 51339 30333
10714 25667 20228 14467
15639 65227 15032 62648
16228 15656 22642 9608
61259 66798 43975 74904
50524 68546 48421 68028
24695 10921 25215 10662
39520 88350 29237 86043
73091 91148 53334 95440
97349 1578 89985 980
22084 83217 13910 77476
19156 87903 8641 73912
22382 99285 7640 99130
15451 65708 12493 50346
91730 33149 91631 44320
63988 58698 57214 64752
50612 38386 53509 39759
33713 78167 24388 72440
80931 39528 81971 53381
56972 65493 53505 67401
11038 76262 9569 74171
61666 6853 65369 6941
78028 52385 77576 57474
99092 21463 98236 78074
5364 887 610 8380
44422 22877 48014 21926
74616 25915 76782 27433
22127 76234 17806 69818
49668 57132 47510 57665
60894 87232 58355 87637
45296 86692 37479 85918
69964 53315 58468 65240
28458 86894 19674 80919
74492 24000 79681 28946
81007 31664 81456 32438
21155 99233 7359 98204
18246 27772 21297 24642
52799 59619 49552 62227
43397 89424 30380 88829
14960 15586 23985 8492
72034 60070 64060 68998
64907 66144 59099 69927
51697 19812 66864 23013
29560 7660 61666 6853
43461 36662 50754 34913
83683 35559 84323 39023
92069 63274 89713 79140
23420 53483 26700 40849
53505 67401 47781 70101
77980 14381 85065 19754
94704 45564 94747 49699
50243 26149 53349 25902
58468 65240 57434 66136
16760 35595 17944 33568
36700 17236 49113 15665
94041 90462 67002 96237
7934 15323 10344 7360
79681 28946 83683 35559
44469 48016 45922 46272
55783 25811 60022 27117
41844 56933 42212 50174
61617 34551 69634 42232
15768 44450 19254 37768
87821 82444 76328 87429
29249 18901 41545 15530
10004 58692 9268 50713
49630 29704 61161 31195
23706 33299 24735 31925
12493 50346 12085 44982
23471 86751 18721 84185
67836 16460 77234 21496
50356 36239 64672 43125
20228 14467 20849 13784
9636 81221 4346 60445
78982 68920 69621 74887
69280 16401 74943 19334
25102 90320 22497 89342
46492 76059 33351 75856
88461 72865 87855 74416
31295 68292 28149 63939
7521 47196 8870 37924
24059 39997 26436 34842
31466 88488 28458 86894
67989 41103 69031 46648
72084 78833 49514 82828
77873 21147 91730 33149
55864 62550 53558 63493
94226 76595 90979 83593
25013 56582 24954 50766
10627 50073 11612 42002
6686 41856 10714 25667
63153 26306 72566 29899
82686 66913 81681 73617
59700 35446 64592 40743
47255 27646 61474 28554
18736 63245 15653 52733
45080 14650 59945 15698
61161 31195 67381 35805
79890 39313 80478 59067
85065 19754 91007 24974
11774 76934 9178 70514
98285 37454 97796 49442
85850 50091 86376 67227
89833 35824 90195 60945
84343 87726 73091 91148
95271 17157 95605 18248
47646 72031 42374 73144
58079 95829 44831 95872
13542 23786 19106 17080
39156 63668 33551 53951
32333 98632 6867 96978
76986 86469 70178 89246
31892 33781 45620 28203
74943 19334 88721 31523
70178 5625 77028 7161
30879 45631 32868 41777
42160 43817 50574 37926
35743 39354 43963 33335
10744 25352 17735 15553
18380 86185 16943 84405
61513 17820 68872 21547
82474 60511 81657 73115
21106 91172 17207 88474
1959 49753 2625 38433
34407 91693 29518 90254
81657 73115 61169 79382
43770 66011 39156 63668
90979 83593 87934 87054
43293 46710 44887 44431
30830 85254 20227 79762
5218 77446 4539 71071
77234 21496 84106 27691
10995 86558 4638 68522
17114 77014 11633 64622
76479 65609 75547 66821
37767 48448 40644 41458
27983 79356 15639 65227
7640 99130 4174 94570
71403 79785 67409 81505
46404 65698 37800 60099
6394 96000 1580 54475
9086 35642 9350 34287
75801 25674 81007 31664
15433 94041 7346 83873
57434 66136 52695 68681
63983 44554 60826 49632
32909 95388 20786 94477
72573 87096 51640 89777
43827 95791 27794 94403
89143 11439 95271 17157
51731 2562 84412 4387
56639 61919 46404 65698
10344 7360 22795 3526
44952 22243 51612 21461
63998 73936 49610 77562
10052 41294 13497 32056
97205 56393 95864 75363
87855 74416 87470 74758
75867 41510 75778 43758
2820 84243 2265 80071
1866 40754 4326 28789
25986 3829 70178 5625
3280 23504 5065 15705
80754 27471 85306 34628
60617 40107 64916 42470
21200 60191 19702 55501
74497 47066 74675 47875
31477 71200 26664 64722
30345 77365 24176 73252
76703 81577 60894 87232
27003 26776 27372 26540
85306 34628 88279 58574
68872 21547 75801 25674
53593 30884 61617 34551
57337 33383 67989 41103
76782 27433 79047 30288
20786 94477 15433 94041
84219 77329 71574 85579
61474 28554 72275 39013
99380 23063 98645 14028
50574 37926 53538 38147
67214 64201 64907 66144
49113 15665 57170 16220
4338 42725 7035 31742
72332 6663 88649 13162
46308 66384 43770 66011
20849 13784 25747 10808
61248 99856 677 99714
40058 80556 32361 78325
41207 65703 33018 62367
93690 26301 95166 42363
59945 15698 65717 17273
72650 95837 64061 97550
64592 40743 67267 44230
92351 33621 91521 66327
93577 31938 92755 53733
50051 10460 56339 9704
37800 60099 36740 59254
98498 19204 98902 25066
39210 84024 28188 81165
14339 27663 25916 14742
80129 61210 78144 65861
9490 70696 6883 50073
8181 47122 10891 37524
49610 77562 37678 78446
34702 84599 17972 77638
29935 50644 30101 43285
6867 96978 5401 94314
21429 37137 40258 25231
16261 95524 10057 90507
71078 47530 69964 53315
72275 39013 74497 47066
43975 74904 36489 70963
4244 53374 4767 46871
81681 73617 78674 74967
57233 25456 65077 29897
39923 60539 37676 52770
34702 20367 36531 20068
68278 31993 75002 37391
46709 14163 57721 14567
25557 29342 44952 22243
60022 27117 68863 34885
50795 58216 47179 60022
21387 56483 23580 41088
18023 42027 23706 33299
87802 77020 76986 86469
47179 60022 43848 61132
76910 62285 71066 68467
97547 87902 95849 96440
91347 52686 90531 71333
36986 75675 29124 71868
41611 89341 31466 88488
45620 28203 47255 27646
83751 55691 82686 66913
3663 35934 5175 28449
33462 90855 23471 86751
56256 97158 52132 97330
96822 17268 97564 26000
10891 37524 13189 32589
63407 69891 56703 73234
36302 14997 40393 14323
70223 54808 65376 61593
95585 76120 90134 87306
26012 25569 30877 21904
67933 6245 72893 7156
66544 56296 56972 65493
44541 23867 55758 24758
57170 16220 59715 16940
38048 38252 44174 33730
13835 43365 15324 39472
53334 95440 52509 95576
8000 70683 5163 48756
50028 70106 44611 70604
61584 28687 71288 40197
9266 33223 13542 23786
10737 59317 10627 50073
96390 89535 95142 94928
5993 26784 14947 10447
83472 77639 76703 81577
13497 32056 15497 28762
50773 41554 57497 45252
91007 24974 92155 26952
27734 72406 21200 60191
76257 39797 75596 59498
87470 74758 83472 77639
51217 80170 40058 80556
11380 85493 9636 81221
59058 46959 58665 48715
27372 26540 42342 20807
72893 7156 85316 14082
76227 4256 93425 7899
9268 50713 10052 41294
80478 59067 78982 68920
26310 7988 38364 5940
78900 52225 79240 61839
47510 57665 41509 58180
65376 61593 60844 66313
39619 69180 32690 63272
752 61972 483 49048
7569 72020 4244 53374
69031 46648 67770 51995
17972 77638 11644 61833
51697 49043 51597 51300
50761 94855 32721 94159
197 35740 364 89353
43963 33335 50854 32246
17944 33568 26012 25569
16983 90473 11888 87579
49291 29244 61584 28687
3922 99115 30502 99746
47605 19653 51697 19812
2395 94328 2597 95653
26700 40849 30612 34889
85316 14082 92658 20383
42004 61310 40500 56886
98019 84605 97547 87902
98236 78074 98019 84605
18667 78913 14641 74139
74027 27446 75265 29301
42212 50174 43293 46710
90531 71333 90008 73056
57282 97889 24228 97719
72421 49751 70333 55421
44560 26123 57233 25456
65717 17273 78563 26477
82261 99012 22382 99285
56703 73234 45487 75768
9569 74171 5621 47304
52580 18008 62139 18540
28741 34799 35640 31248
67409 81505 57405 84395
43848 61132 42004 61310
76328 87429 60791 93752
64916 42470 64014 47142
8742 25132 13597 17396
69611 41738 71078 47530
79240 61839 76479 65609
2667 91940 752 61972
944 52319 1235 34508
7359 98204 4918 95367
68359 10937 78204 17132
39948 81682 28045 79559
27901 20810 36700 17236
5621 47304 6686 41856
77576 57474 76910 62285
15653 52733 15230 45835
57717 50941 53139 56035
19674 80919 13031 73791
71798 77834 39210 84024
8709 28360 16228 15656
29290 7852 52307 7573
61169 79382 45123 81719
54434 55828 50795 58216
6534 81836 5218 77446
69011 16320 69280 16401
72098 25809 74027 27446
47781 70101 39311 67817
77873 76600 72084 78833
22497 21481 36302 14997
4918 95367 2820 84243
56445 73739 46492 76059
67267 44230 61346 58596
45123 81719 39948 81682
93758 64728 92328 76720
58831 9232 65031 9966
2265 80071 944 52319
30101 43285 39745 33182
95023 91243 72650 95837
84502 60175 81614 74191
53558 63493 46308 66384
32094 940 66106 1361
92658 20383 93967 24816
52531 75412 47433 77114
71167 65678 63407 69891
28045 79559 22127 76234
76328 37169 78028 52385
385 52109 485 74413
44831 95872 32909 95388
57405 84395 45296 86692
19702 55501 20774 42815
84106 27691 88036 33662
30380 88829 22084 83217
44174 33730 54266 33165
72293 48786 70223 54808
62139 18540 74616 25915
22795 3526 39248 4197
56843 3310 76227 4256
60826 49632 52799 59619
65618 91371 47974 93452
30156 91218 25102 90320
28997 42783 29852 40954
94639 80546 91947 87146
48428 11977 67836 16460
63779 63931 61259 66798
90134 87306 79924 90718
71574 85579 63060 87144
95849 96440 82261 99012
80606 68968 66956 77322
4783 8144 8472 4343
52982 32550 57337 33383
40214 78035 27936 74343
50125 98622 32333 98632
47146 91596 34407 91693
85010 48324 84502 60175
91464 99185 53345 99682
4346 60445 3354 52609
82231 76594 57058 86497
95618 5290 99092 21463
6817 48232 9086 35642
4539 71071 2512 51872
75002 37391 76257 39797
78204 17132 92351 33621
1507 10505 8203 1789
364 89353 677 99714
9787 18899 13450 11329
93666 30220 94704 45564
95449 59233 94226 76595
39511 41323 43461 36662
26457 55805 28997 42783
55758 24758 73832 31872
5175 28449 9787 18899
1969 70024 1316 59155
98204 2823 97349 1578
53828 46503 53938 52100
64061 97550 50125 98622
97564 26000 98272 35276
92328 76720 87821 82444
50051 43621 53828 46503
33209 20806 34702 20367
15324 39472 27613 25259
33094 96679 16261 95524
12085 44982 16760 35595
3045 51427 3125 44304
89713 79140 81861 84454
19985 91313 11380 85493
85934 71448 82848 74302
51612 21461 59541 23128
50975 11606 55525 12783
45487 75768 36986 75675
67592 13445 70973 15865
6727 9782 8940 7970
3328 68474 1959 49753
38364 5940 67933 6245
34019 8626 50846 7917
63060 87144 43397 89424
17735 15553 24695 10921
95618 5290 92759 3534
45569 52954 44600 48668
37913 31827 49291 29244
25747 10808 58831 9232
80011 58655 80129 61210
18721 84185 11774 76934
98442 98304 99380 23063
52100 53542 45569 52954
2000 31023 3280 23504
93296 7400 98498 19204
70330 49453 66544 56296
75547 66821 68658 69876
59541 23128 75904 31251
58358 31924 66929 37690
52132 97330 33094 96679
90439 73615 87802 77020
95166 42363 93922 76403
45922 46272 50051 43621
90008 73056 72573 87096
23580 41088 24059 39997
91464 99185 98442 98304
32690 63272 30821 58814
27613 25259 37136 21325
65031 9966 68359 10937
79459 33448 80931 39528
197 35740 219 14113
68658 69876 52531 75412
32817 36418 36963 32891
82636 46773 82474 60511
53349 25902 55783 25811
35640 31248 50243 26149
36531 20068 52580 18008
78761 38515 79938 57288
43315 88928 39520 88350
98902 25066 97696 80183
69036 17747 80110 26500
58761 98763 21155 99233
50846 7917 67016 10226
21557 65147 15768 44450
53139 56035 49668 57132
77715 37529 78900 52225
14641 74139 10840 63670
5401 94314 4452 90372
56443 79800 43350 81384
78144 65861 63998 73936
1235 34508 1516 25020
44887 44431 50773 41554
22533 50714 25190 43200
69634 42232 70330 49453
23318 79291 17764 72006
66864 23013 73675 26521
79924 90718 64470 95119
42342 20807 53213 20354
64470 95119 58079 95829
78825 5961 94271 11088
10725 51274 10711 50248
73832 31872 76328 37169
57497 45252 57549 50034
75904 31251 78761 38515
30483 94060 24792 93003
87341 70832 82231 76594
15243 6961 23506 4214
88036 33662 89864 63961
11888 87579 10995 86558
92942 2396 97633 2801
33351 75856 27734 72406
57214 64752 50524 68546
97851 66722 95023 91243
24954 50766 30874 37513
88649 13162 95189 18376
32165 62699 26457 55805
75596 59498 71167 65678
22147 14681 30771 13314
66956 77322 56443 79800
4326 28789 7934 15323
39311 67817 33058 63535
25916 14742 50975 11606
8203 1789 32094 940
21297 24642 27901 20810
9544 2483 1876 10352
81456 32438 83751 55691
28149 63939 23420 53483
29518 90254 18380 86185
41509 58180 41741 47057
78451 15513 88971 26683
51597 51300 48994 52121
53213 20354 62171 22191
13031 73791 8745 64352
11644 61833 10737 59317
40258 25231 44541 23867
47974 93452 30156 91218
13884 65531 10725 51274
7346 83873 6534 81836
42374 73144 39162 70490
51339 30333 58358 31924
13983 36045 21291 25053
67016 10226 78451 15513
42788 90500 33462 90855
24176 73252 18736 63245
41545 15530 45080 14650
33551 53951 38048 38252
53938 52100 52100 53542
93922 76403 84343 87726
91521 66327 90439 73615
75265 29301 79667 38272
35813 51011 39511 41323
3354 52609 4338 42725
1316 59155 2000 31023
23506 4214 25986 3829
16757 25644 21267 20185
49514 82828 34702 84599
61760 7918 65469 8977
24228 97719 6394 96000
5926 46214 9266 33223
65369 6941 77478 11500
11633 64622 10004 58692
28188 81165 23318 79291
97696 80183 96390 89535
70973 15865 77873 21147
21267 20185 37327 13605
57460 17212 61513 17820
49763 38569 50612 38386
30771 13314 50051 10460
17207 88474 12906 84502
93967 24816 95371 31523
15497 28762 21530 22582
15122 2577 51731 2562
96320 78571 94041 90462
39162 70490 32165 62699
41327 33661 53593 30884
28524 33144 44560 26123
30821 58814 29935 50644
11612 42002 14269 34469
87934 87054 57125 95706
2395 94328 485 74413
67381 35805 72293 48786
13910 77476 9490 70696
4452 90372 1969 70024
61248 99856 95234 99418
71288 40197 72421 49751
92445 24287 93690 26301
36963 32891 49630 29704
71066 68467 66480 70452
8641 73912 8000 70683
58665 48715 57717 50941
66929 37690 69611 41738
31101 53616 30879 45631
42422 3263 56843 3310
40393 14323 46709 14163
41971 61676 39923 60539
97798 31768 98285 37454
14227 4684 16790 3504
1507 10505 1119 18826
30874 37513 34015 33613
27794 94403 16983 90473
91947 87146 72399 93956
62171 22191 72098 25809
72566 29899 77715 37529
53538 38147 62054 43763
33018 62367 32873 45284
58428 51964 54434 55828
57721 14567 58951 14869
84412 4387 93296 7400
47433 77114 43315 77648
24735 31925 32545 27122
83728 16024 92445 24287
16078 27178 18656 24842
88894 65952 87341 70832
2625 38433 7667 16460
32721 94159 21106 91172
32868 41777 41327 33661
59715 16940 74492 24000
385 52109 1119 18826
79047 30288 82636 46773
13189 32589 16078 27178
82335 3049 92759 3534
91631 44320 91347 52686
37479 85918 30830 85254
36740 59254 35813 51011
30877 21904 33209 20806
89658 73140 84219 77329
99762 99270 95234 99418
31375 58034 31101 53616
69820 10441 77980 14381
9178 70514 5926 46214
81614 74191 77873 76600
98341 43280 97851 66722
32545 27122 44422 22877
19058 55282 18095 44924
64060 68998 46857 75285
31827 5264 67611 6127
99198 16536 99573 29207
79938 57288 80011 58655
57549 50034 52552 53739
95189 18376 95822 37529
23985 8492 29560 7660
67770 51995 63988 58698
41741 47057 49763 38569
60531 49783 58428 51964
75778 43758 72034 60070
25190 43200 28741 34799
98645 14028 97633 2801
89864 63961 88461 72865
15032 62648 12339 48023
62054 43763 60531 49783
78674 74967 71798 77834
95605 18248 97205 56393
15230 45835 18170 36778
92155 26952 93666 30220
93425 7899 96822 17268
60791 93752 50761 94855
53509 39759 59058 46959
483 49048 1426 16073
36489 70963 25013 56582
37136 21325 47605 19653
62633 10140 67592 13445
17806 69818 15451 65708
92755 53733 92069 63274
9350 34287 14339 27663
88279 58574 88894 65952
56339 9704 59510 9708
48014 21926 63153 26306
95864 75363 94639 80546
66106 1361 92942 2396
7035 31742 8742 25132
26664 64722 22533 50714
99852 49807 99762 99270
29124 71868 24407 65148
3125 44304 5993 26784
36407 74476 34857 74281
81861 84454 65618 91371
57125 95706 43827 95791
25215 10662 34019 8626
40644 41458 50356 36239
82335 3049 60101 2529
44611 70604 39619 69180
12265 5748 14227 4684
70333 55421 63779 63931
30612 34889 31892 33781
40500 56886 40560 46560
86376 67227 85934 71448
24141 5097 31827 5264
68863 34885 75867 41510
44600 48668 44469 48016
24407 65148 21387 56483
17109 7722 24141 5097
95142 94928 58761 98763
8870 37924 16757 25644
58355 87637 41611 89341
13450 11329 17109 7722
54266 33165 59700 35446
2512 51872 3663 35934
7667 16460 10459 11327
14269 34469 18246 27772
6056 43709 9008 29885
6883 50073 6817 48232
57058 86497 43315 88928
4638 68522 3045 51427
50854 32246 52982 32550
19106 17080 22147 14681
33058 63535 31375 58034
99198 16536 98204 2823
20227 79762 17114 77014
24388 72440 23403 71247
34857 74281 31477 71200
22497 89342 19156 87903
19254 37768 25557 29342
82848 74302 71403 79785
65077 29897 68278 31993
72399 93956 56256 97158
1580 54475 1866 40754
99573 29207 99852 49807
37678 78446 33713 78167
12339 48023 13835 43365
85850 50092
98204 2824
15229 45835
44175 33730
30484 94060
39311 67816
47510 57664
90134 87307
30771 13313
94638 80546
385 52108
99762 99271
4638 68521
92941 2396
47433 77115
9544 2484
62172 22191
18379 86185
78145 65861
16943 84406
12265 5749
17114 77013
66543 56296
5993 26783
75264 29301
482 49048
4918 95366
77234 21495
38049 38252
80755 27471
50028 70105
91947 87147
29248 18901
44560 26122
33017 62367
11632 64622
50761 94854
55865 62550
58428 51965
40559 46560
44888 44431
75596 59499
85933 71448
75546 66821
88970 26683
95271 17156
76257 39796
90439 73616
52508 95576
51216 80170
10627 50072
24175 73252
72084 78832
82261 99013
50523 68546
15244 6961
9489 70696
19255 37768
40500 56885
19106 17081
4914 79367
42423 3263
24059 39998
78562 26477
19157 87903
43826 95791
196 35740
2511 51872
33058 63534
98272 35277
59058 46958
18657 24842
39209 84024
24141 5096
66928 37690
4337 42725
28148 63939
18023 42028
61583 28687
99093 21463
27612 25259
85316 14081
81970 53381
88461 72864
4767 46872
42789 90500
51340 30333
10724 51274
90438 73615
56702 73234
62634 10140
22794 3526
39312 67817
9268 50714
56843 3311
29249 18900
23421 53483
66106 1360
60844 66314
18246 27773
80011 58656
88894 65951
75778 43757
78900 52224
1958 49753
61168 79382
21105 91172
47974 93453
24387 72440
69011 16321
37767 48447
21106 91171
2820 84244
30155 91218
85851 50091
37675 52770
80111 26500
55864 62549
42213 50174
39923 60538
94747 49700
24735 31926
48014 21927
15434 94041
72574 87096
50051 10459
88721 31522
25557 29343
83684 35559
41844 56934
55757 24758
67988 41103
30156 91217
52551 53739
85010 48323
88648 13162
1581 54475
90008 73057
47179 60023
65618 91372
39618 69180
63983 44553
84412 4388
46403 65698
93690 26300
57214 64751
27735 72406
98235 78074
42373 73144
43316 88928
19985 91314
65469 8976
44542 23867
25916 14743
49552 62228
69612 41738
8709 28361
49515 82828
37479 85919
12085 44983
97564 25999
21430 37137
70178 89245
2598 95653
92445 24288
1999 31023
63154 26306
88972 26683
61248 99855
92755 53732
21154 99233
99380 23064
51597 51299
22496 21481
68863 34886
44600 48669
4540 71071
58468 65241
32868 41778
65369 6942
27372 26541
97851 66721
89865 63961
65617 91371
41207 65704
8743 25132
27937 74343
95189 18375
72034 60069
69633 42232
39156 63669
72098 25808
5174 28449
33095 96679
7569 72019
32165 62700
46309 66384
99199 16536
26665 64722
63778 63931
13188 32589
56442 79800
7641 99130
91632 44320
99853 49807
82232 76594
5365 887
39924 60539
13031 73790
50574 37925
14961 15586
61247 99856
62171 22192
66544 56297
9569 74170
57171 16220
24955 50766
78143 65861
19985 91312
52306 7573
43769 66011
7569 72021
90196 60945
75904 31250
19674 80920
61169 79383
53539 38147
57406 84395
44887 44430
7568 72020
88650 13162
87856 74416
21106 91173
67933 6246
63059 87144
82261 99011
1506 10505
70223 54807
85317 14082
26701 40849
57282 97890
61249 99856
943 52319
62633 10139
91463 99185
34020 8626
5994 26784
13885 65531
1970 70024
41207 65702
18737 63245
57169 16220
8471 4343
70178 5626
4244 53375
90134 87305
96390 89534
99380 23062
97798 31769
33057 63535
87855 74417
89143 11438
77980 14380
44611 70603
95141 94928
93297 7400
45080 14651
77577 57474
24407 65149
94271 11087
10745 25352
22147 14682
49513 82828
71168 65678
91630 44320
54266 33166
82230 76594
50357 36239
14268 34469
30821 58813
22498 21481
63060 87143
49290 29244
63407 69890
36532 20068
41611 89342
98285 37455
6867 96977
44265 2324
31296 68292
15654 52733
83752 55691
92327 76720
61665 6853
76910 62286
16261 95525
88280 58574
41844 56932
42343 20807
30875 37513
37912 31827
7520 47196
94704 45563
67016 10227
72566 29900
20786 94476
65619 91371
3125 44305
33209 20807
7036 31742
79241 61839
43315 88929
54434 55827
77029 7161
944 52318
72420 49751
65377 61593
32721 94160
69030 46648
17206 88474
61666 6854
48014 21925
24408 65148
94226 76596
9491 70696
69622 74887
50029 70106
1427 16073
52695 68682
22148 14681
74674 47875
17115 77014
61513 17819
84343 87725
25215 10661
81657 73114
21529 22582
50051 43622
10057 90506
7521 47195
13451 11329
71574 85580
58951 14868
16789 3504
90531 71332
73676 26521
2396 94328
15433 94040
4917 95367
78563 26478
5400 94314
15497 28763
92069 63275
74498 47066
1969 70023
62139 18541
71078 47531
32690 63273
37913 31828
25558 29342
57460 17213
80754 27470
75903 31251
47432 77114
88720 31523
3045 51426
85064 19754
85305 34628
15243 6962
50774 41554
78204 17133
95605 18249
81457 32438
28524 33145
15768 44449
75801 25673
36302 14996
43770 66012
97547 87901
39948 81683
8180 47122
53538 38146
98441 98304
22642 9609
10051 41294
2265 80070
52131 97330
97205 56394
43398 89424
91006 24974
19986 91313
93425 7898
39922 60539
32361 78326
10005 58692
97563 26000
73090 91148
13542 23785
34856 74281
12905 84502
10004 58693
26699 40849
41327 33660
44469 48017
65717 17272
55759 24758
61160 31195
83728 16023
67837 16460
69820 10442
75547 66822
96320 78572
71798 77835
78144 65862
75802 25674
61616 34551
11039 76262
36985 75675
91464 99186
67267 44229
17944 33569
72275 39014
45487 75769
45296 86693
74616 25916
58428 51963
6687 41856
38047 38252
5175 28448
28189 81165
30101 43284
43351 81384
18170 36779
43966 74916
25746 10808
87933 87054
39521 88350
16943 84404
40499 56886
20227 79763
87801 77020
21958 65600
51697 49042
33350 75856
37913 31826
31375 58035
197 35741
2001 31023
8940 7971
58080 95829
97564 26001
197 35739
10713 25667
78029 52385
23317 79291
36986 75676
64671 43125
91008 24974
61161 31194
59946 15698
69036 17746
8870 37925
21556 65147
44174 33729
70330 49452
43849 61132
5219 77446
52101 53542
16760 35596
2512 51873
15032 62647
15323 39472
3354 52608
67593 13445
33713 78168
64907 66145
22534 50714
5363 887
1517 25020
72398 93956
78901 52225
70179 5625
57497 45253
11381 85493
96389 89535
58952 14869
62139 18539
57721 14568
52553 53739
95618 5291
70178 89247
34407 91694
73091 91149
27613 25258
46856 75285
13983 36046
9635 81221
31478 71200
26458 55805
57215 64752
95142 94929
64592 40744
65716 17273
82231 76593
60826 49631
47604 19653
19106 17079
98019 84604
80478 59068
40393 14324
7668 16460
66864 23012
20774 42814
83728 16025
50845 7917
37137 21325
88279 58575
89834 35824
43963 33334
14270 34469
15640 65227
53827 46503
59509 9708
21156 99233
9490 70697
78826 5961
32361 78324
64908 66144
66956 77323
84219 77330
58354 87637
34701 84599
8642 73912
43396 89424
10004 58691
57125 95707
87822 82444
43462 36662
48427 11977
72098 25810
72097 25809
13982 36045
14641 74140
40214 78034
50846 7918
58469 65240
37679 78446
21959 65601
82637 46773
82849 74302
363 89353
30379 88829
36963 32892
43770 66010
49609 77562
96823 17268
10839 63670
77872 76600
46308 66385
41545 15529
44468 48016
44952 22242
49114 15665
42089 17466
97799 31768
19155 87903
44264 2325
11613 42002
71167 65679
52799 59618
55864 62551
32165 62698
50613 38386
58830 9232
20848 13784
87820 82444
13983 36044
57459 17212
2667 91939
14228 4684
76911 62285
65030 9966
76228 4256
33208 20806
45123 81720
33210 20806
60827 49632
79939 57288
8473 4343
69634 42231
80129 61211
12265 5747
37678 78445
87934 87055
10344 7361
76329 87429
35813 51012
71403 79786
12492 50346
32689 63272
32362 78325
43350 81383
95604 18248
78028 52384
79681 28945
76703 81576
23471 86750
70332 55421
35743 39353
15432 94041
36700 17235
94040 90462
37136 21326
5364 888
98273 35276
98342 43280
7035 31743
22126 76234
82334 3049
56703 73235
52982 32549
57405 84394
16262 95524
20850 13784
55525 12782
65368 6941
72292 48786
99573 29206
95864 75364
60531 49784
60617 40106
47255 27645
39248 4198
37914 31827
14226 4684
39923 60540
37136 21324
18095 44925
67770 51994
37678 78447
2624 38433
98498 19203
29560 7659
1426 16072
25747 10807
61347 58596
385 52110
44470 48016
5064 15705
28524 33143
15498 28762
3664 35934
49762 38569
46857 75286
40258 25232
44610 70604
32873 45283
49113 15666
15122 2576
91631 44319
40257 25231
78675 74967
13835 43366
95863 75363
49514 82827
49630 29703
50125 98621
3329 68474
8641 73913
50975 11607
52307 7574
24736 31925
28187 81165
76329 37169
35640 31247
81861 84455
57232 25456
45619 28203
52509 95575
25012 56582
47782 70101
36986 75674
23580 41089
39248 4196
15242 6961
48995 52121
24388 72439
95022 91243
49630 29705
384 52109
94746 49699
79240 61838
6393 96000
39512 41323
80477 59067
43975 74905
72035 60070
67989 41102
68279 31993
93667 30220
91346 52686
27373 26540
64061 97549
50760 94855
67214 64202
13597 17395
74497 47067
93758 64729
37135 21325
36987 75675
74027 27447
11889 87579
55524 12783
37328 13605
56972 65492
92446 24287
5927 46214
89713 79141
67380 35805
91465 99185
97350 1578
84502 60176
16078 27177
9544 2482
6867 96979
51698 19812
14919 312
21290 25053
87470 74759
96822 17269
91464 99184
6056 43708
64014 47143
1235 34507
41972 61676
97546 87902
55784 25811
52580 18009
47255 27647
5217 77446
30820 58814
45923 46272
95143 94928
6817 48233
13884 65532
30772 13314
21292 25053
32872 45284
33094 96678
4173 94570
32546 27122
4345 60445
49291 29243
30874 37512
99197 16536
24696 10921
56842 3310
97850 66722
67611 6128
25102 90319
8940 7969
98236 78075
56443 79799
98020 84605
68872 21548
51639 89777
77028 7160
15123 2577
40560 46561
68278 31994
23506 4215
92350 33621
56256 97159
50761 94856
78027 52385
37327 13604
4346 60444
57716 50941
60791 93751
24228 97720
75595 59498
34857 74282
42374 73143
74943 19333
92942 2395
12906 84503
16759 35595
92328 76721
8472 4342
40214 78036
36489 70962
72573 87097
198 35740
63153 26305
50976 11606
4639 68522
43962 33335
71574 85578
57170 16219
98236 78073
44832 95872
81682 73617
25014 56582
50125 98623
21200 60192
7346 83874
92659 20383
364 89354
88460 72865
17806 69817
69281 16401
8380 50920
80931 39529
36740 59255
47509 57665
31376 58034
30878 45631
9267 33223
90978 83593
1507 10506
40394 14323
78981 68920
42341 20807
82848 74303
47606 19653
40259 25231
40644 41459
7640 99131
11038 76261
3922 99116
29936 50644
7347 83873
8870 37923
8710 28360
27614 25259
5065 15706
95449 59232
2266 80071
17208 88474
53510 39759
50243 26148
82475 60511
95167 42363
29290 7851
59700 35447
1960 49753
83471 77639
79668 38272
59510 9707
19702 55502
75265 29302
15768 44451
13190 32589
36407 74475
94041 90463
70972 15865
50762 94855
52133 97330
17109 7723
3328 68473
43349 81384
97696 80182
30877 21903
30156 91219
8709 28359
31826 5264
45081 14650
43964 33335
56703 73233
21297 24643
40561 46560
56340 9704
70973 15866
99762 99269
27002 26776
27983 79357
23984 8492
85935 71448
91946 87146
72649 95837
81680 73617
13189 32590
66544 56295
39510 41323
64013 47142
1580 54476
26012 25568
44561 26123
67934 6245
23402 71247
21558 65147
10737 59318
1865 40754
14641 74138
79460 33448
52099 53542
43827 95792
48993 52121
11612 42003
50524 68547
92658 20384
50355 36239
13497 32057
96617 64124
47147 91596
85011 48324
78982 68921
15652 52733
72099 25809
56339 9705
10714 25668
44422 22878
34858 74281
31892 33780
95035 14784
15497 28761
50975 11605
24229 97719
84411 4387
22643 9608
80129 61209
13884 65530
39519 88350
4174 94571
33094 96680
77980 14382
97348 1578
99091 21463
9786 18899
24734 31925
33461 90855
4782 8144
71288 40198
53138 56035
58468 65239
75866 41510
18666 78913
58950 14869
27984 79356
25748 10808
39511 41324
72572 87096
90532 71333
47254 27646
57433 66136
31893 33781
89142 11439
48013 21926
58951 14870
44952 22244
28525 33144
10737 59316
51611 21461
79889 39313
27983 79355
9085 35642
61666 6852
98499 19204
47646 72032
22084 83218
8381 50919
30613 34889
1317 59155
29291 7852
59099 69928
18096 44924
24793 93003
93665 30220
60894 87233
8745 64351
30878 21904
6726 9782
87470 74757
41328 33661
77478 11499
85850 50090
14269 34468
20228 79762
41971 61677
25013 56581
95023 91242
95370 31523
98018 84605
59945 15699
75002 37392
67002 96236
5364 886
57233 25457
99761 99270
15767 44450
95166 42364
76987 86469
12906 84501
2597 95652
22497 89341
33712 78167
83682 35559
56443 79801
59715 16939
94639 80547
