807 1000
476768 808383 474254 803392
32859 139696 42137 98567
469320 578010 502237 538027
725178 191407 750733 182585
875733 992865 677628 998697
757805 579423 783830 587535
915939 749608 900295 681894
17915 139679 30728 205393
429213 217515 383715 212843
157823 510610 136531 552425
91407 486188 35822 383578
259242 710143 262414 735606
899902 356523 848663 283303
906811 114240 905241 90662
319697 254883 233598 359859
358391 57146 371644 59212
528229 489161 537648 482139
492379 141369 528698 95015
518919 449239 490171 458139
600424 86974 611977 67811
861974 834745 908653 841386
528596 382472 587936 327115
475987 80771 371588 70783
665255 773566 605440 773694
520018 277919 527244 205450
93884 745759 214623 687037
792066 843391 824140 870366
179821 757309 168100 763709
210062 922641 228732 930607
617668 103529 614308 108327
351640 555658 334901 660908
371887 110071 350490 115488
582057 326479 518791 329590
630656 29952 591098 20618
73545 383939 84925 430077
240609 312868 271392 269771
38668 443715 51459 473638
270206 855843 259157 879939
477295 592148 469320 578010
160463 571420 136753 559042
693761 148468 697740 143613
457953 979244 473789 943874
131998 512111 122479 365329
430921 398923 413845 404695
652179 382565 640378 400724
151291 312498 138541 293180
122682 302277 148109 388903
383715 212843 403211 225707
73814 21827 62798 36727
802867 945707 750836 937700
636636 290500 634307 258977
900295 681894 920307 603510
487670 745011 495071 740195
74497 26564 102680 61246
376140 936982 375068 973561
103795 84217 113169 124973
591098 20618 540112 24134
233247 297719 231017 307854
356430 94912 459090 170120
296931 39638 219510 51052
453625 376825 437896 356195
12015 305435 9629 286898
817324 228242 825920 243718
227610 749540 225143 808907
559801 814527 484864 829471
628582 295024 610310 199254
778771 589432 733202 645357
944750 163931 957452 131100
78077 627526 69463 717397
863214 462820 807968 561679
975710 688874 958488 741972
429518 573822 403584 578087
242447 382523 250681 366069
874619 539630 840717 643513
919533 116649 910118 89390
727383 965825 784436 977814
492978 871693 486461 874400
577266 466330 584814 412299
803387 376921 727827 454671
614308 108327 710427 67129
225458 109581 238075 104684
84925 430077 107493 487187
873552 582868 882102 583396
995645 473369 987180 480601
313825 404185 323986 434051
744821 131796 796777 156646
540789 306379 520018 277919
310677 782298 303669 821678
549739 717858 557676 709184
303669 821678 298680 808142
170018 258317 149300 231398
283389 93461 262282 67528
931650 110960 919533 116649
463537 769729 478327 756416
138541 293180 122682 302277
971013 31374 973368 355899
235157 745210 273670 798661
748054 478712 837725 384701
709472 786862 760046 759459
741260 733026 729882 740800
879529 27763 897711 60052
121975 961564 161296 984298
579794 46162 581489 67599
656253 921695 802867 945707
859295 978578 926844 986693
390665 230095 400951 246259
30728 205393 28026 218628
868006 205857 865748 180291
516005 159175 479183 160214
167784 343614 176024 368945
55453 953395 16010 938487
14471 525872 6901 490934
123485 565810 114912 677041
28026 218628 25351 249220
753200 395479 772573 373030
939862 907136 901216 891239
535158 724584 508817 710480
843415 810870 817895 833130
747791 857903 760731 876109
130433 239353 168520 331561
459954 547701 416739 472584
209802 451444 284325 499990
926088 960317 876605 967985
774600 648988 842772 592805
57352 408271 91407 486188
772573 373030 803387 376921
849760 261005 903600 349435
45580 119492 67744 228733
207141 637650 230433 617829
472998 416887 465369 383746
343884 78946 365454 75274
524224 745451 463537 769729
802617 769361 793878 769956
689207 185880 725178 191407
425665 961261 417389 955974
840128 729493 857800 739420
441196 17419 545958 20608
550647 376769 628582 295024
149300 231398 189556 191754
238075 104684 232958 66416
528242 893662 530685 879680
284858 236886 293483 251491
316534 584066 209802 451444
473360 809423 507559 820588
866342 830765 861974 834745
611107 601339 613275 555708
882102 583396 829532 683620
883697 430439 863214 462820
904005 755092 907674 774411
784406 659651 774207 661734
137874 448364 129728 453283
989834 183513 995645 473369
221242 942318 244616 951893
88573 905989 104749 910462
949071 615377 950571 741254
840717 643513 784406 659651
407677 206147 312767 202521
336010 34506 322065 12137
857800 739420 845000 716095
786484 470131 817972 448904
472512 266844 451644 247688
231538 892456 315109 945234
583470 40728 579794 46162
922756 403587 922486 413026
837826 962088 835458 952753
438661 914923 437157 916784
802821 677165 740137 693138
537982 88816 552180 84038
103902 118166 81169 53087
323891 950259 388064 928723
876605 967985 979392 972793
168578 250308 233247 297719
741866 84107 737254 95253
971213 793075 975710 688874
82800 853953 125682 846285
403584 578087 410548 607124
953623 55478 971811 1780
969447 95001 971013 31374
536207 729264 584041 720108
136531 552425 123485 565810
62798 36727 57980 75690
19993 721174 30504 639943
985083 215454 981338 332370
634307 258977 632403 258966
349371 780625 354262 767329
408020 377758 430921 398923
826699 184500 833886 177025
740137 693138 735645 690635
472090 883638 492978 871693
551749 120930 533680 110512
880092 607864 878980 722650
910047 10311 953623 55478
201397 399946 226224 430798
42137 98567 49092 94983
536978 669949 524404 627576
237652 122829 259266 139035
862345 962055 837826 962088
596197 465307 640378 400724
259266 139035 305496 151374
8526 8237 73217 13691
526187 544109 528229 489161
542406 781038 580669 773222
435989 156581 371887 110071
508828 475573 518919 449239
635400 980803 875733 992865
178043 892647 165231 905098
662319 710161 638783 708194
758017 96951 741866 84107
636805 716367 534245 643654
473789 943874 556031 925753
923639 496861 910726 524596
765545 175940 748350 154908
833371 702000 787257 736653
216819 126691 237652 122829
756746 875884 729103 854757
730874 942973 731389 936826
232958 66416 283389 93461
610310 199254 584237 170488
197577 945941 221242 942318
220699 242768 194176 253720
355018 488794 351640 555658
817972 448904 836788 457115
220350 638150 207141 637650
493435 42083 390972 20841
845617 888774 732406 852213
255086 608602 222266 597562
863587 794309 843415 810870
951624 167391 965961 192156
69463 717397 62157 752196
960193 614112 949071 615377
701128 484249 709149 457181
965961 192156 970024 154173
350895 897575 390868 851182
122479 365329 93504 319772
540112 24134 516643 52109
81853 969526 55453 953395
44575 22661 73814 21827
323996 56868 336010 34506
533680 110512 600424 86974
524404 627576 554764 682050
751819 940601 730874 942973
906811 114240 858656 138293
982536 992823 987892 855652
527244 205450 516005 159175
431752 931428 449774 947609
507559 820588 430515 835461
298764 395401 280686 430745
703429 753149 709472 786862
236094 710460 259242 710143
368740 622310 425076 678107
131385 233748 130433 239353
824140 870366 863026 882961
789115 351372 848602 315772
785316 353931 770277 339401
557676 709184 557402 696414
502237 538027 500488 503328
831548 25711 879529 27763
194176 253720 184910 249376
686361 365534 714020 382418
570423 81996 522566 67845
390289 747628 401020 741489
323986 434051 363193 442048
479095 735981 487670 745011
737254 95253 726575 122576
475454 442398 528596 382472
262414 735606 248714 721932
811738 911246 853019 898589
85883 948394 197577 945941
228732 930607 295632 968202
814608 789028 802617 769361
113169 124973 138593 134469
739049 604712 657189 573231
636209 512091 666498 536025
784436 977814 649764 972042
954446 596063 913691 543410
440391 176754 407677 206147
831739 768707 845179 808291
539859 266960 583693 219706
596734 142056 545196 155538
609636 478572 596197 465307
662867 611087 686484 630555
547010 994266 635400 980803
284858 236886 319697 254883
129728 453283 131079 415104
741461 590220 757805 579423
199495 497597 203245 555457
963919 349060 928697 294017
67744 228733 32859 139696
354262 767329 378671 737928
825920 243718 849760 261005
378643 364415 363974 230856
490171 458139 515907 433933
284325 499990 318397 574657
419756 807249 420307 791609
251662 231177 255577 243341
932978 338469 912364 321258
987892 855652 994696 763920
695902 8020 712236 5098
455545 231632 503834 311152
677628 998697 547010 994266
486461 874400 462697 862801
444448 978958 425665 961261
957452 131100 924748 91623
908653 841386 976422 909440
462697 862801 411916 844530
979109 140941 982476 202202
710427 67129 724653 141265
979392 972793 937903 968464
266699 163038 228327 183496
910475 716328 915939 749608
750733 182585 827239 208781
788038 244961 801953 230610
989834 183513 998914 35434
388064 928723 406984 884678
53358 796536 34709 855722
657189 573231 655492 573870
973368 355899 980404 359057
159244 76035 150283 70385
525578 754872 524224 745451
395843 952089 376140 936982
900427 379135 899902 356523
741007 553572 778995 551994
686484 630555 690326 596595
615412 52431 730098 44911
787257 736653 774673 728660
782662 123350 795743 113779
878544 877826 867947 901323
410548 607124 405309 630920
260961 637238 215949 738239
352104 977116 305509 989250
732406 852213 747791 857903
938282 819564 919471 795426
15636 306612 118773 510890
143697 174543 131385 233748
660951 330412 652179 382565
352882 684167 390289 747628
932199 548209 932980 515111
474254 803392 525578 754872
829532 683620 802821 677165
950571 741254 904005 755092
663013 941781 688922 947220
421786 765573 476768 808383
138593 134469 152495 157280
484864 829471 523847 882839
336966 940712 323891 950259
836788 457115 786484 470131
223831 895278 231538 892456
219510 51052 84214 29635
760731 876109 781076 874464
421090 952080 395843 952089
145219 966725 121975 961564
593477 131543 596734 142056
335473 75728 358391 57146
528698 95015 537982 88816
939827 287341 958897 292042
404263 841479 421009 836607
462025 373737 453625 376825
849886 22278 831548 25711
161877 385366 157823 510610
605440 773694 594123 773197
150283 70385 209923 106379
748350 154908 826699 184500
931650 110960 897711 60052
522566 67845 549181 78772
781076 874464 651275 918138
534245 643654 523464 622912
203245 555457 160463 571420
971430 134869 951624 167391
627323 157529 673088 148915
835458 952753 862345 962055
401020 741489 371243 770157
36867 835914 46253 753726
417389 955974 421090 952080
361007 11832 361862 9116
137912 578416 145495 577149
294397 221623 251662 231177
493949 342516 468245 334544
938354 950378 938811 936791
649443 5903 695902 8020
231017 307854 230892 365477
115729 773544 155399 761352
670678 432678 688322 380377
293483 251491 278903 256870
867336 703690 873590 745127
468245 334544 472512 266844
437896 356195 462025 373737
151895 834267 81340 840966
716501 762480 703429 753149
831073 168457 834000 129123
408938 451736 382710 397104
472867 614793 442151 618412
707283 235332 674560 218389
924748 91623 969447 95001
931560 449520 951479 422592
235449 403088 242447 382523
93504 319772 73545 383939
276921 445774 313825 404185
11710 724047 3415 538578
161296 984298 81853 969526
669626 556055 734308 523532
136753 559042 199495 497597
315109 945234 336966 940712
249388 481798 316534 584066
328487 803921 310677 782298
243776 597477 228156 556527
711247 39533 711395 32839
207079 921633 218125 877527
425076 678107 441209 754764
880788 457854 841623 568380
81340 840966 82800 853953
225143 808907 166533 857942
27969 511430 25677 504751
128387 495695 131998 512111
268791 763497 256097 749455
721703 268151 788038 244961
928697 294017 932978 338469
827239 208781 817324 228242
735556 114315 782662 123350
503834 311152 464945 171983
733202 645357 628696 632432
323063 860552 291248 846768
228327 183496 304190 175083
750836 937700 727593 936502
189556 191754 266699 163038
449774 947609 438661 914923
774673 728660 741260 733026
24073 818529 19993 721174
75660 556480 27969 511430
46253 753726 24073 818529
612868 185785 606504 152853
785393 529841 738786 508530
930257 421893 931560 449520
465369 383746 493949 342516
810054 148619 831073 168457
785393 529841 734308 523532
675110 167040 693761 148468
112259 739216 93884 745759
451073 694814 429518 573822
575437 887040 605370 850792
910047 10311 849886 22278
561010 424509 543068 431268
821728 581975 778771 589432
735595 687993 662319 710161
865748 180291 896769 284333
668118 242616 642095 285909
62157 752196 96743 730372
833886 177025 868006 205857
714020 382418 708995 354528
922486 413026 925221 426734
523464 622912 519187 606138
298680 808142 275948 779419
255577 243341 220699 242768
514546 1776 441196 17419
335862 892072 323063 860552
704636 671078 707038 673910
304190 175083 294397 221623
305509 989250 378480 996352
932980 515111 923639 496861
275948 779419 268791 763497
615412 52431 630656 29952
896769 284333 939827 287341
364922 839573 328487 803921
360713 339037 298764 395401
244641 790472 223831 895278
168100 763709 115729 773544
697740 143613 675110 167040
356741 287824 378643 364415
622446 191842 654689 213725
25677 504751 52538 532462
729882 740800 707426 710719
837725 384701 883697 430439
817895 833130 809121 844335
363974 230856 356741 287824
707426 710719 683216 728435
762424 647826 774600 648988
155399 761352 103411 756151
305496 151374 339811 131848
233598 359859 240609 312868
627495 507370 636209 512091
81169 53087 103795 84217
584814 412299 567469 517962
96743 730372 53358 796536
683216 728435 663594 721382
996423 612402 960193 614112
177256 140039 225458 109581
90177 367115 113964 485513
230433 617829 220350 638150
271392 269771 278903 256870
594123 773197 665255 773566
407745 526742 355018 488794
932929 798825 938282 819564
107493 487187 90177 367115
580669 773222 586581 791404
459090 170120 422466 138260
859755 323498 878582 353200
655492 573870 662867 611087
361862 9116 353426 6748
989537 557262 954446 596063
350490 115488 355324 84628
606504 152853 593477 131543
508817 710480 477295 592148
587936 327115 526476 369356
738888 668956 743206 683874
21454 908438 22707 908901
172852 686205 137912 578416
495071 740195 473036 622512
786933 805620 814608 789028
329044 670809 260961 637238
473069 687523 451073 694814
519187 606138 508828 475573
793878 769956 833371 702000
549181 78772 511610 78068
103411 756151 112259 739216
994696 763920 985443 787235
780502 959715 859295 978578
390972 20841 361007 11832
795192 108564 758017 96951
778995 551994 807968 561679
363193 442048 407745 526742
570507 613857 531790 594396
641564 637351 611396 630204
651275 918138 661891 940175
731389 936826 751819 940601
168520 331561 167784 343614
729103 854757 721826 864566
226224 430798 222421 427804
99477 534511 118447 537746
439969 450712 475454 442398
673088 148915 648479 180283
690374 878630 575437 887040
665794 944336 663013 941781
562258 850314 528242 893662
214623 687037 179821 757309
34709 855722 31510 855916
165231 905098 207079 921633
727827 454671 701128 484249
545196 155538 551749 120930
586581 791404 542406 781038
544083 969438 519906 969766
35822 383578 13812 329567
605370 850792 605007 819452
853019 898589 845617 888774
88279 126984 75875 150489
390868 851182 364922 839573
118773 510890 132673 528199
475868 757952 479095 735981
711395 32839 682827 27333
981338 332370 979109 140941
670555 664914 641564 637351
985443 787235 996423 612402
895240 595125 880092 607864
925221 426734 916675 445004
632403 258966 622446 191842
228156 556527 261314 597993
727687 392725 670678 432678
733954 225790 721703 268151
222421 427804 201397 399946
958488 741972 932929 798825
936749 651326 943711 621551
365454 75274 475987 80771
545958 20608 514546 1776
564912 414489 634951 343453
980404 359057 939003 460131
522370 413136 524870 406113
152495 157280 142014 235628
760046 759459 716501 762480
222266 597562 243776 597477
9629 286898 17915 139679
4805 11153 41671 68008
639678 751850 536207 729264
511610 78068 516643 52109
339811 131848 435989 156581
912364 321258 911929 371563
184910 249376 168578 250308
821728 581975 841623 568380
567469 517962 577266 466330
473036 622512 472867 614793
848663 283303 859755 323498
402016 52022 411229 54163
634951 343453 636925 310305
770702 634677 738888 668956
699345 783492 695674 785797
840397 8226 869571 2650
980962 518630 989537 557262
291248 846768 270206 855843
280686 430745 276921 445774
132673 528199 82654 563346
172852 686205 145495 577149
920307 603510 910475 716328
726575 122576 744821 131796
649443 5903 682827 27333
421009 836607 419756 807249
891988 526107 873552 582868
244616 951893 171697 965497
789115 351372 785316 353931
801953 230610 710516 220826
530685 879680 518956 887198
775995 614909 770702 634677
451644 247688 455545 231632
885334 775174 831739 768707
695674 785797 696603 805301
295632 968202 352104 977116
937903 968464 926088 960317
688322 380377 686361 365534
905289 488198 874619 539630
371644 59212 402016 52022
411916 844530 404263 841479
809121 844335 792066 843391
31510 855916 36867 835914
976422 909440 971213 793075
16010 938487 21454 908438
355324 84628 216819 126691
867947 901323 811738 911246
430515 835461 473360 809423
943711 621551 914138 678375
426550 752808 421786 765573
527875 272176 539859 266960
406984 884678 350895 897575
446154 40949 493435 42083
248714 721932 236094 710460
748054 478712 738786 508530
914138 678375 936749 651326
581489 67599 583470 40728
422466 138260 356430 94912
100089 184188 45580 119492
142014 235628 170018 258317
674560 218389 703838 253640
910726 524596 890745 689046
30504 639943 11710 724047
842772 592805 775995 614909
523847 882839 559801 814527
708995 354528 727687 392725
148109 388903 151291 312498
913691 543410 932199 548209
858656 138293 778772 31179
583693 219706 527875 272176
22707 908901 88573 905989
548734 352529 582057 326479
25351 249220 15636 306612
556031 925753 554619 907205
84214 29635 165504 38772
724653 141265 765545 175940
741461 590220 669626 556055
642095 285909 660951 330412
378671 737928 358660 729515
519906 969766 625603 968020
611396 630204 570507 613857
52538 532462 99477 534511
6423 488703 12015 305435
569596 898071 614484 905907
416739 472584 408938 451736
358660 729515 352882 684167
209923 106379 159244 76035
75875 150489 100089 184188
878582 353200 887499 359119
250681 366069 360713 339037
648479 180283 689207 185880
707038 673910 670555 664914
845000 716095 840128 729493
552180 84038 570423 81996
611107 601339 628696 632432
631882 833412 690374 878630
500488 503328 478721 507500
614484 905907 565774 905242
104749 910462 85883 948394
57980 75690 103902 118166
105154 131524 143697 174543
524870 406113 550647 376769
907674 774411 863587 794309
584041 720108 535158 724584
479183 160214 492379 141369
546190 463199 553440 456001
371588 70783 335473 75728
863026 882961 853207 838860
605007 819452 631882 833412
721826 864566 756746 875884
507157 927697 502311 910306
375068 973561 444448 978958
554764 682050 536978 669949
565774 905242 569596 898071
703838 253640 707283 235332
584237 170488 612868 185785
49092 94983 88279 126984
531790 594396 529843 544052
901216 891239 938354 950378
688922 947220 665794 944336
870063 6388 840397 8226
880788 457854 908592 430441
442151 618412 459954 547701
834000 129123 795192 108564
557402 696414 578373 698746
215949 738239 227610 749540
735556 114315 795743 113779
3415 538578 4805 11153
712236 5098 711247 39533
508882 90636 432199 80694
318397 574657 249388 481798
916675 445004 889829 463303
878980 722650 867336 703690
554619 907205 507157 927697
69812 509317 38668 443715
308361 13356 296931 39638
403211 225707 390665 230095
735645 690635 735595 687993
661891 940175 780502 959715
537648 482139 546190 463199
102680 61246 177256 140039
845179 808291 786933 805620
413845 404695 472998 416887
378480 996352 457953 979244
710516 220826 733954 225790
774207 661734 762424 647826
259157 879939 335862 892072
6901 490934 6423 488703
256097 749455 235157 745210
890745 689046 895240 595125
654689 213725 627323 157529
926844 986693 982536 992823
113964 485513 128387 495695
518956 887198 543905 905370
741007 553572 783830 587535
464945 171983 508882 90636
543905 905370 562258 850314
611977 67811 617668 103529
165504 38772 74497 26564
262282 67528 323996 56868
176024 368945 161877 385366
938811 936791 939862 907136
553440 456001 561010 424509
13812 329567 57352 408271
926639 148711 944750 163931
51459 473638 69812 509317
905241 90662 910118 89390
911929 371563 930257 421893
518791 329590 540789 306379
770277 339401 668118 242616
848602 315772 908592 430441
970024 154173 971430 134869
796777 156646 810054 148619
889829 463303 905289 488198
939003 460131 891988 526107
730098 44911 778772 31179
110646 701857 78077 627526
218125 877527 210062 922641
478327 756416 475868 757952
118447 537746 75660 556480
903600 349435 922756 403587
76494 619891 14471 525872
371243 770157 426550 752808
432199 80694 343884 78946
543068 431268 564912 414489
939250 834249 866342 830765
690326 596595 739049 604712
638783 708194 636805 716367
958897 292042 926639 148711
515907 433933 522370 413136
987180 480601 980962 518630
853207 838860 878544 877826
273670 798661 244641 790472
649764 972042 552042 953798
230892 365477 235449 403088
312767 202521 429213 217515
625603 968020 544083 969438
727593 936502 656253 921695
171697 965497 145219 966725
82654 563346 76494 619891
446571 230561 440391 176754
636925 310305 636636 290500
951479 422592 963919 349060
41671 68008 105154 131524
478721 507500 461415 451903
873590 745127 885334 775174
552042 953798 727383 965825
666498 536025 563909 544147
998914 35434 971811 1780
919471 795426 939250 834249
322065 12137 308361 13356
441209 754764 473069 687523
411229 54163 446154 40949
502311 910306 472090 883638
982476 202202 985083 215454
125682 846285 178043 892647
461415 451903 439969 450712
73217 13691 44575 22661
382710 397104 408020 377758
405309 630920 368740 622310
114912 677041 110646 701857
131079 415104 137874 448364
613275 555708 563909 544147
663594 721382 639678 751850
420307 791609 349371 780625
578373 698746 549739 717858
437157 916784 431752 931428
400951 246259 446571 230561
273284 638536 255086 608602
526476 369356 548734 352529
696603 805301 699345 783492
261314 597993 273284 638536
887499 359119 900427 379135
627495 507370 609636 478572
353426 6748 8526 8237
743206 683874 704636 671078
166533 857942 151895 834267
334901 660908 329044 670809
869571 2650 870063 6388
529843 544052 526187 544109
709149 457181 753200 395479
524405 627576
131997 512111
473360 809422
865747 180291
821727 581975
845617 888773
12015 305434
34708 855722
843416 810870
425664 961261
802821 677166
104748 910462
55453 953394
28025 218628
848664 283303
938811 936790
439969 450711
319697 254882
654689 213724
201397 399947
486460 874400
149301 231398
57981 75690
549180 78772
315109 945233
500488 503327
831548 25710
943711 621550
315108 945234
218125 877528
524870 406112
371588 70784
788037 244961
463536 769729
528596 382473
716502 762480
118774 510890
226224 430797
350894 897575
355018 488793
545958 20609
81853 969527
575437 887041
610311 199254
355323 84628
508881 90636
611107 601338
390868 851181
57353 408271
926845 986693
411917 844530
910476 716328
612868 185784
741260 733025
760046 759460
4804 11153
793878 769955
688921 947220
874619 539631
165503 38772
519906 969765
534244 643654
85882 948394
487670 745010
395843 952088
973369 355899
688922 947219
989537 557263
30727 205393
989833 183513
689207 185879
329044 670808
230893 365477
425076 678108
936749 651325
548733 352529
280687 430745
248713 721932
835458 952752
559800 814527
758018 96951
519186 606138
11710 724048
44574 22661
584813 412299
923639 496862
284858 236885
419756 807248
114912 677042
41671 68009
413846 404695
446155 40949
730873 942973
13812 329568
587937 327115
171696 965497
657189 573230
451072 694814
750836 937699
668117 242616
906810 114240
606504 152854
53358 796537
885333 775174
118447 537745
437896 356196
615413 52431
522369 413136
294397 221622
910047 10310
971430 134870
410548 607125
750733 182584
960194 614112
151896 834267
430515 835460
944750 163932
273671 798661
508816 710480
189555 191754
502310 910306
760045 759459
486461 874399
233599 359859
266700 163038
352104 977117
15636 306613
508817 710479
360713 339036
960192 614112
352881 684167
291249 846768
849760 261004
368739 622310
733954 225791
477296 592148
421009 836608
76494 619892
402015 52022
209801 451444
775995 614908
75660 556479
802618 769361
735645 690636
426549 752808
84924 430077
913691 543409
507158 927697
421008 836607
13812 329566
536977 669949
473359 809423
662868 611087
712236 5097
686484 630556
35823 383578
275947 779419
161878 385366
926843 986693
132673 528200
527244 205451
457953 979245
741867 84107
880788 457853
356741 287823
971212 793075
240610 312868
142013 235628
925220 426734
136754 559042
371887 110072
606503 152853
611397 630204
870063 6389
378479 996352
472868 614793
564913 414489
42137 98568
634306 258977
214623 687038
527875 272175
738888 668955
102680 61247
416739 472583
778994 551994
161877 385367
453625 376824
543905 905371
244616 951892
455544 231632
121976 961564
84215 29635
334901 660907
930256 421893
989834 183512
528597 382472
981338 332369
943711 621552
870064 6388
889829 463302
437897 356195
30505 639943
634308 258977
740137 693137
474254 803393
710428 67129
900294 681894
405309 630921
845000 716096
951623 167391
880788 457855
45581 119492
305510 989250
451073 694815
540112 24135
928698 294017
552180 84039
741259 733026
982476 202203
829531 683620
666499 536025
440391 176753
729881 740800
256097 749456
495072 740195
782663 123350
903601 349435
429517 573822
118773 510889
446571 230562
965962 192156
786484 470130
836788 457114
131998 512110
536207 729265
268791 763496
358659 729515
831073 168456
296931 39639
710426 67129
57980 75691
232958 66415
729103 854758
533679 110512
112259 739215
255086 608601
778995 551993
207141 637649
222266 597563
113965 485513
548735 352529
349371 780624
675110 167041
352882 684168
6902 490934
969446 95001
74496 26564
707039 673910
350895 897574
478327 756415
136753 559041
420306 791609
567470 517962
549182 78772
579793 46162
451643 247688
76494 619890
11711 724047
931561 449520
859755 323499
868007 205857
971213 793076
636209 512090
73813 21827
99477 534510
900296 681894
642095 285910
361863 9116
503834 311151
789115 351371
829532 683619
155399 761353
710427 67130
836787 457115
753200 395478
382710 397103
868006 205858
250682 366069
168101 763709
390868 851183
473035 622512
878545 877826
404263 841480
551750 120930
675110 167039
425665 961262
989538 557262
949072 615377
457954 979244
215948 738239
540790 306379
547010 994267
413845 404694
459090 170119
358390 57146
421785 765573
641564 637352
803388 376921
710516 220825
873589 745127
462697 862802
665255 773565
789114 351372
980405 359057
546190 463200
376140 936981
189556 191753
533681 110512
237651 122829
378671 737927
172851 686205
189556 191755
924747 91623
378644 364415
256098 749455
123486 565810
669625 556055
103412 756151
557402 696415
473068 687523
998914 35435
551749 120931
889828 463303
669626 556054
528699 95015
62797 36727
709472 786863
843414 810870
528242 893663
837725 384700
543069 431268
772572 373030
207078 921633
703838 253639
242447 382524
107493 487188
100089 184189
976422 909441
631883 833412
865748 180290
350895 897576
355018 488795
523847 882838
231539 892456
495071 740196
259157 879938
442152 618412
284857 236886
622447 191842
925221 426733
867336 703689
565773 905242
636804 716367
744822 131796
472090 883639
75660 556481
661892 940175
103902 118165
473069 687522
244640 790472
62799 36727
262282 67529
421010 836607
12014 305435
663595 721382
540789 306380
82800 853954
403585 578087
78078 627526
96743 730373
172852 686204
209802 451445
938282 819563
943712 621551
785393 529840
107494 487187
863587 794308
220699 242769
100088 184188
557403 696414
220351 638150
280685 430745
6901 490935
461414 451903
878543 877826
810053 148619
235448 403088
472513 266844
932981 515111
390288 747628
994696 763921
19992 721174
323891 950258
630655 29952
429214 217515
219509 51052
969448 95001
123485 565809
520018 277918
425665 961260
826700 184500
363974 230857
795191 108564
131078 415104
879529 27762
487670 745012
741007 553573
989835 183513
826699 184499
784407 659651
552179 84038
785393 529842
490171 458138
371886 110071
727687 392726
939826 287341
661891 940176
441208 754764
160462 571420
51458 473638
376140 936983
721702 268151
824140 870367
220698 242768
845617 888775
420308 791609
530685 879679
137874 448365
770701 634677
931560 449521
318398 574657
550647 376770
863214 462821
36868 835914
556031 925752
817894 833130
479095 735982
583694 219706
231016 307854
730098 44912
770278 339401
81170 53087
708994 354528
218125 877526
721704 268151
262413 735606
328488 803921
316535 584066
899902 356524
81853 969525
559801 814526
403584 578086
535157 724584
250680 366069
979110 140941
760731 876110
795192 108563
171698 965497
906811 114241
922486 413027
74498 26564
371588 70782
651275 918139
84213 29635
493948 342516
537982 88817
885335 775174
75875 150488
596733 142056
305509 989249
296930 39638
787257 736654
938354 950379
304190 175084
778996 551994
554619 907206
670555 664913
305496 151375
308361 13357
762424 647825
824140 870365
261314 597994
228327 183495
971429 134869
887500 359119
762423 647826
237652 122830
502237 538026
390972 20840
465370 383746
642095 285908
774600 648989
336010 34507
525578 754871
865748 180292
756747 875884
543904 905370
533680 110513
873590 745128
273670 798662
932928 798825
648480 180283
613275 555709
148109 388904
641564 637350
478722 507500
695902 8021
49092 94984
223830 895278
103902 118167
639678 751849
596197 465306
405310 630920
899903 356523
748053 478712
6900 490934
788038 244962
636925 310304
840716 643513
874619 539629
465368 383746
695674 785798
944751 163931
639679 751850
743206 683873
743206 683875
553440 456000
459091 170120
740136 693138
371644 59213
817324 228241
663594 721383
802616 769361
17914 139679
429518 573823
137912 578417
655493 573870
540788 306379
987180 480602
848602 315771
259241 710143
323985 434051
584237 170487
500488 503329
545197 155538
371643 59212
179822 757309
350490 115489
575437 887039
760731 876108
885334 775173
853018 898589
636637 290500
737255 95253
677628 998698
90176 367115
242448 382523
268792 763497
919471 795425
594123 773196
230892 365476
355324 84629
549181 78771
228326 183496
118446 537746
353425 6748
52537 532462
858655 138293
522565 67845
711394 32839
529844 544052
228327 183497
690325 596595
971013 31375
145220 966725
390971 20841
502312 910306
15636 306611
906812 114240
695675 785797
537648 482138
750836 937701
862346 962055
353426 6749
22707 908900
130433 239354
519188 606138
821728 581974
349371 780626
405308 630920
922756 403588
741460 590220
670678 432679
112258 739216
176024 368946
785316 353932
335472 75728
91408 486188
451645 247688
817972 448905
582057 326478
817896 833130
151292 312498
930258 421893
115729 773543
704637 671078
878544 877827
444448 978959
475868 757953
260961 637237
231018 307854
526188 544109
695903 8020
727594 936502
911929 371562
417388 955974
781076 874465
479183 160215
840397 8225
431751 931428
228156 556526
429519 573822
228732 930606
910727 524596
518790 329590
57352 408272
138542 293180
735555 114315
390869 851182
792066 843390
957452 131101
69463 717396
553439 456001
809120 844335
628582 295025
318397 574658
867947 901322
500489 503328
151291 312497
760732 876109
976422 909439
128387 495694
834001 129123
32858 139696
878979 722650
295632 968201
543906 905370
882102 583395
465369 383747
975709 688874
765544 175940
632404 258966
76495 619891
310678 782298
225143 808906
171697 965496
319696 254883
426550 752807
459954 547702
782661 123350
733955 225790
390867 851182
236094 710459
938281 819564
915940 749608
770702 634678
259157 879940
710515 220826
614485 905907
531791 594396
476768 808384
354261 767329
905240 90662
879528 27763
227610 749541
920308 603510
231017 307853
544083 969437
137912 578415
641563 637351
910474 716328
870063 6387
551749 120929
363193 442047
810054 148618
259267 139035
401019 741489
358661 729515
748055 478712
631882 833411
437156 916784
336009 34506
975711 688874
971214 793075
207080 921633
711395 32840
519187 606139
670677 432678
298680 808141
727686 392725
833885 177025
612867 185785
390665 230096
150283 70386
295632 968203
741461 590221
365453 75274
634952 343453
865749 180291
796778 156646
649443 5902
863026 882962
987892 855651
446153 40949
652180 382565
913690 543410
375067 973561
24072 818529
231538 892457
605441 773694
102680 61245
184909 249376
994697 763920
907674 774412
259266 139034
998913 35434
753201 395479
75661 556480
636806 716367
711248 39533
971213 793074
835458 952754
104750 910462
611106 601339
735556 114314
578373 698747
641565 637351
622446 191841
138592 134469
906811 114239
312768 202521
102679 61246
376139 936982
129727 453283
11710 724046
421089 952080
463537 769728
425075 678107
973368 355898
982536 992822
313824 404185
105153 131524
406984 884679
551748 120930
727688 392725
926088 960316
998914 35433
721825 864566
527244 205449
919534 116649
880787 457854
304189 175083
69813 509317
730874 942974
104749 910463
293483 251490
148110 388903
371887 110070
565774 905243
298680 808143
781077 874464
515907 433934
548734 352528
303669 821679
243776 597478
407677 206148
996422 612402
617669 103529
630656 29951
401020 741490
716501 762481
731390 936826
880789 457854
801953 230609
233247 297720
210062 922642
319697 254884
81854 969526
758017 96950
430921 398924
84926 430077
857800 739419
611107 601340
531789 594396
627495 507371
88280 126984
837825 962088
261313 597993
683216 728436
273283 638536
121974 961564
936749 651327
786933 805619
688321 380377
244641 790471
545957 20608
416740 472584
627495 507369
707427 710719
115729 773545
954445 596063
570423 81997
518957 887198
958897 292043
544082 969438
28027 218628
270206 855844
980962 518631
833370 702000
407677 206146
810054 148620
811738 911247
74497 26563
725179 191407
235158 745210
519907 969766
789115 351373
762425 647826
316533 584066
365454 75273
853020 898589
701128 484250
378643 364416
361861 9116
525578 754873
890744 689046
407745 526743
610310 199255
649765 972042
378480 996351
261315 597993
615412 52432
757805 579422
939828 287341
931649 110960
295633 968202
565775 905242
91407 486187
103903 118166
103411 756150
849886 22277
615411 52431
711247 39534
472998 416886
876604 967985
880093 607864
439968 450712
660950 330412
242446 382523
995645 473368
11709 724047
128387 495696
817971 448904
390973 20841
609636 478573
284324 499990
519187 606137
222420 427804
636805 716368
542407 781038
578374 698746
413845 404696
335862 892071
932979 338469
122682 302276
793878 769957
939862 907137
748350 154907
697739 143613
255086 608603
351640 555657
788039 244961
132674 528199
905288 488198
363193 442049
90177 367116
31511 855916
207142 637650
382709 397104
707038 673911
122681 302277
216819 126692
848602 315773
638783 708193
155400 761352
220699 242767
103794 84217
662318 710161
113170 124973
472512 266845
88573 905990
354262 767330
429518 573821
591097 20618
408939 451736
874620 539630
368741 622310
735595 687994
511610 78069
778771 589431
639678 751851
430921 398922
756745 875884
951624 167392
579794 46161
88279 126983
142014 235627
437895 356195
502311 910305
709149 457182
62798 36728
172852 686206
873552 582867
85883 948395
151291 312499
863214 462819
473789 943875
46254 753726
81169 53088
600424 86973
565774 905241
567469 517961
835459 952753
939004 460131
400950 246259
905242 90662
557676 709185
982477 202202
271393 269771
545196 155539
55454 953395
883698 430439
103901 118166
155398 761352
561009 424509
255577 243342
765545 175941
724653 141264
559801 814528
923639 496860
478721 507499
561011 424509
591099 20618
240609 312867
88573 905988
335473 75729
73544 383939
118772 510890
784437 977814
449774 947610
81341 840966
238075 104685
699345 783491
363975 230856
430514 835461
93505 319772
520019 277919
130433 239352
519906 969767
756746 875883
446154 40950
545196 155537
308361 13355
900295 681895
570508 613857
463537 769730
825920 243719
312767 202522
758016 96951
435989 156582
52538 532461
931651 110960
556031 925754
950570 741254
837826 962089
27968 511430
259156 879939
593477 131544
786483 470131
233248 297719
