807 1000
476768 808383 474254 803392
32859 139696 42137 98567
469320 578010 502237 538027
725178 191407 750733 182585
875733 992865 677628 998697
757805 579423 783830 587535
915939 749608 900295 681894
17915 139679 30728 205393
429213 217515 383715 212843
157823 510610 136531 552425
91407 486188 35822 383578
259242 710143 262414 735606
899902 356523 848663 283303
906811 114240 905241 90662
319697 254883 233598 359859
358391 57146 371644 59212
528229 489161 537648 482139
492379 141369 528698 95015
518919 449239 490171 458139
600424 86974 611977 67811
861974 834745 908653 841386
528596 382472 587936 327115
475987 80771 371588 70783
665255 773566 605440 773694
520018 277919 527244 205450
93884 745759 214623 687037
792066 843391 824140 870366
179821 757309 168100 763709
210062 922641 228732 930607
617668 103529 614308 108327
351640 555658 334901 660908
371887 110071 350490 115488
582057 326479 518791 329590
630656 29952 591098 20618
73545 383939 84925 430077
240609 312868 271392 269771
38668 443715 51459 473638
270206 855843 259157 879939
477295 592148 469320 578010
160463 571420 136753 559042
693761 148468 697740 143613
457953 979244 473789 943874
131998 512111 122479 365329
430921 398923 413845 404695
652179 382565 640378 400724
151291 312498 138541 293180
122682 302277 148109 388903
383715 212843 403211 225707
73814 21827 62798 36727
802867 945707 750836 937700
636636 290500 634307 258977
900295 681894 920307 603510
487670 745011 495071 740195
74497 26564 102680 61246
376140 936982 375068 973561
103795 84217 113169 124973
591098 20618 540112 24134
233247 297719 231017 307854
356430 94912 459090 170120
296931 39638 219510 51052
453625 376825 437896 356195
12015 305435 9629 286898
817324 228242 825920 243718
227610 749540 225143 808907
559801 814527 484864 829471
628582 295024 610310 199254
778771 589432 733202 645357
944750 163931 957452 131100
78077 627526 69463 717397
863214 462820 807968 561679
975710 688874 958488 741972
429518 573822 403584 578087
242447 382523 250681 366069
874619 539630 840717 643513
919533 116649 910118 89390
727383 965825 784436 977814
492978 871693 486461 874400
577266 466330 584814 412299
803387 376921 727827 454671
614308 108327 710427 67129
225458 109581 238075 104684
84925 430077 107493 487187
873552 582868 882102 583396
995645 473369 987180 480601
313825 404185 323986 434051
744821 131796 796777 156646
540789 306379 520018 277919
310677 782298 303669 821678
549739 717858 557676 709184
303669 821678 298680 808142
170018 258317 149300 231398
283389 93461 262282 67528
931650 110960 919533 116649
463537 769729 478327 756416
138541 293180 122682 302277
971013 31374 973368 355899
235157 745210 273670 798661
748054 478712 837725 384701
709472 786862 760046 759459
741260 733026 729882 740800
879529 27763 897711 60052
121975 961564 161296 984298
579794 46162 581489 67599
656253 921695 802867 945707
859295 978578 926844 986693
390665 230095 400951 246259
30728 205393 28026 218628
868006 205857 865748 180291
516005 159175 479183 160214
167784 343614 176024 368945
55453 953395 16010 938487
14471 525872 6901 490934
123485 565810 114912 677041
28026 218628 25351 249220
753200 395479 772573 373030
939862 907136 901216 891239
535158 724584 508817 710480
843415 810870 817895 833130
747791 857903 760731 876109
130433 239353 168520 331561
459954 547701 416739 472584
209802 451444 284325 499990
926088 960317 876605 967985
774600 648988 842772 592805
57352 408271 91407 486188
772573 373030 803387 376921
849760 261005 903600 349435
45580 119492 67744 228733
207141 637650 230433 617829
472998 416887 465369 383746
343884 78946 365454 75274
524224 745451 463537 769729
802617 769361 793878 769956
689207 185880 725178 191407
425665 961261 417389 955974
840128 729493 857800 739420
441196 17419 545958 20608
550647 376769 628582 295024
149300 231398 189556 191754
238075 104684 232958 66416
528242 893662 530685 879680
284858 236886 293483 251491
316534 584066 209802 451444
473360 809423 507559 820588
866342 830765 861974 834745
611107 601339 613275 555708
882102 583396 829532 683620
883697 430439 863214 462820
904005 755092 907674 774411
784406 659651 774207 661734
137874 448364 129728 453283
989834 183513 995645 473369
221242 942318 244616 951893
88573 905989 104749 910462
949071 615377 950571 741254
840717 643513 784406 659651
407677 206147 312767 202521
336010 34506 322065 12137
857800 739420 845000 716095
786484 470131 817972 448904
472512 266844 451644 247688
231538 892456 315109 945234
583470 40728 579794 46162
922756 403587 922486 413026
837826 962088 835458 952753
438661 914923 437157 916784
802821 677165 740137 693138
537982 88816 552180 84038
103902 118166 81169 53087
323891 950259 388064 928723
876605 967985 979392 972793
168578 250308 233247 297719
741866 84107 737254 95253
971213 793075 975710 688874
82800 853953 125682 846285
403584 578087 410548 607124
953623 55478 971811 1780
969447 95001 971013 31374
536207 729264 584041 720108
136531 552425 123485 565810
62798 36727 57980 75690
19993 721174 30504 639943
985083 215454 981338 332370
634307 258977 632403 258966
349371 780625 354262 767329
408020 377758 430921 398923
826699 184500 833886 177025
740137 693138 735645 690635
472090 883638 492978 871693
551749 120930 533680 110512
880092 607864 878980 722650
910047 10311 953623 55478
201397 399946 226224 430798
42137 98567 49092 94983
536978 669949 524404 627576
237652 122829 259266 139035
862345 962055 837826 962088
596197 465307 640378 400724
259266 139035 305496 151374
8526 8237 73217 13691
526187 544109 528229 489161
542406 781038 580669 773222
435989 156581 371887 110071
508828 475573 518919 449239
635400 980803 875733 992865
178043 892647 165231 905098
662319 710161 638783 708194
758017 96951 741866 84107
636805 716367 534245 643654
473789 943874 556031 925753
923639 496861 910726 524596
765545 175940 748350 154908
833371 702000 787257 736653
216819 126691 237652 122829
756746 875884 729103 854757
730874 942973 731389 936826
232958 66416 283389 93461
610310 199254 584237 170488
197577 945941 221242 942318
220699 242768 194176 253720
355018 488794 351640 555658
817972 448904 836788 457115
220350 638150 207141 637650
493435 42083 390972 20841
845617 888774 732406 852213
255086 608602 222266 597562
863587 794309 843415 810870
951624 167391 965961 192156
69463 717397 62157 752196
960193 614112 949071 615377
701128 484249 709149 457181
965961 192156 970024 154173
350895 897575 390868 851182
122479 365329 93504 319772
540112 24134 516643 52109
81853 969526 55453 953395
44575 22661 73814 21827
323996 56868 336010 34506
533680 110512 600424 86974
524404 627576 554764 682050
751819 940601 730874 942973
906811 114240 858656 138293
982536 992823 987892 855652
527244 205450 516005 159175
431752 931428 449774 947609
507559 820588 430515 835461
298764 395401 280686 430745
703429 753149 709472 786862
236094 710460 259242 710143
368740 622310 425076 678107
131385 233748 130433 239353
824140 870366 863026 882961
789115 351372 848602 315772
785316 353931 770277 339401
557676 709184 557402 696414
502237 538027 500488 503328
831548 25711 879529 27763
194176 253720 184910 249376
686361 365534 714020 382418
570423 81996 522566 67845
390289 747628 401020 741489
323986 434051 363193 442048
479095 735981 487670 745011
737254 95253 726575 122576
475454 442398 528596 382472
262414 735606 248714 721932
811738 911246 853019 898589
85883 948394 197577 945941
228732 930607 295632 968202
814608 789028 802617 769361
113169 124973 138593 134469
739049 604712 657189 573231
636209 512091 666498 536025
784436 977814 649764 972042
954446 596063 913691 543410
440391 176754 407677 206147
831739 768707 845179 808291
539859 266960 583693 219706
596734 142056 545196 155538
609636 478572 596197 465307
662867 611087 686484 630555
547010 994266 635400 980803
284858 236886 319697 254883
129728 453283 131079 415104
741461 590220 757805 579423
199495 497597 203245 555457
963919 349060 928697 294017
67744 228733 32859 139696
354262 767329 378671 737928
825920 243718 849760 261005
378643 364415 363974 230856
490171 458139 515907 433933
284325 499990 318397 574657
419756 807249 420307 791609
251662 231177 255577 243341
932978 338469 912364 321258
987892 855652 994696 763920
695902 8020 712236 5098
455545 231632 503834 311152
677628 998697 547010 994266
486461 874400 462697 862801
444448 978958 425665 961261
957452 131100 924748 91623
908653 841386 976422 909440
462697 862801 411916 844530
979109 140941 982476 202202
710427 67129 724653 141265
979392 972793 937903 968464
266699 163038 228327 183496
910475 716328 915939 749608
750733 182585 827239 208781
788038 244961 801953 230610
989834 183513 998914 35434
388064 928723 406984 884678
53358 796536 34709 855722
657189 573231 655492 573870
973368 355899 980404 359057
159244 76035 150283 70385
525578 754872 524224 745451
395843 952089 376140 936982
900427 379135 899902 356523
741007 553572 778995 551994
686484 630555 690326 596595
615412 52431 730098 44911
787257 736653 774673 728660
782662 123350 795743 113779
878544 877826 867947 901323
410548 607124 405309 630920
260961 637238 215949 738239
352104 977116 305509 989250
732406 852213 747791 857903
938282 819564 919471 795426
15636 306612 118773 510890
143697 174543 131385 233748
660951 330412 652179 382565
352882 684167 390289 747628
932199 548209 932980 515111
474254 803392 525578 754872
829532 683620 802821 677165
950571 741254 904005 755092
663013 941781 688922 947220
421786 765573 476768 808383
138593 134469 152495 157280
484864 829471 523847 882839
336966 940712 323891 950259
836788 457115 786484 470131
223831 895278 231538 892456
219510 51052 84214 29635
760731 876109 781076 874464
421090 952080 395843 952089
145219 966725 121975 961564
593477 131543 596734 142056
335473 75728 358391 57146
528698 95015 537982 88816
939827 287341 958897 292042
404263 841479 421009 836607
462025 373737 453625 376825
849886 22278 831548 25711
161877 385366 157823 510610
605440 773694 594123 773197
150283 70385 209923 106379
748350 154908 826699 184500
931650 110960 897711 60052
522566 67845 549181 78772
781076 874464 651275 918138
534245 643654 523464 622912
203245 555457 160463 571420
971430 134869 951624 167391
627323 157529 673088 148915
835458 952753 862345 962055
401020 741489 371243 770157
36867 835914 46253 753726
417389 955974 421090 952080
361007 11832 361862 9116
137912 578416 145495 577149
294397 221623 251662 231177
493949 342516 468245 334544
938354 950378 938811 936791
649443 5903 695902 8020
231017 307854 230892 365477
115729 773544 155399 761352
670678 432678 688322 380377
293483 251491 278903 256870
867336 703690 873590 745127
468245 334544 472512 266844
437896 356195 462025 373737
151895 834267 81340 840966
716501 762480 703429 753149
831073 168457 834000 129123
408938 451736 382710 397104
472867 614793 442151 618412
707283 235332 674560 218389
924748 91623 969447 95001
931560 449520 951479 422592
235449 403088 242447 382523
93504 319772 73545 383939
276921 445774 313825 404185
11710 724047 3415 538578
161296 984298 81853 969526
669626 556055 734308 523532
136753 559042 199495 497597
315109 945234 336966 940712
249388 481798 316534 584066
328487 803921 310677 782298
243776 597477 228156 556527
711247 39533 711395 32839
207079 921633 218125 877527
425076 678107 441209 754764
880788 457854 841623 568380
81340 840966 82800 853953
225143 808907 166533 857942
27969 511430 25677 504751
128387 495695 131998 512111
268791 763497 256097 749455
721703 268151 788038 244961
928697 294017 932978 338469
827239 208781 817324 228242
735556 114315 782662 123350
503834 311152 464945 171983
733202 645357 628696 632432
323063 860552 291248 846768
228327 183496 304190 175083
750836 937700 727593 936502
189556 191754 266699 163038
449774 947609 438661 914923
774673 728660 741260 733026
24073 818529 19993 721174
75660 556480 27969 511430
46253 753726 24073 818529
612868 185785 606504 152853
785393 529841 738786 508530
930257 421893 931560 449520
465369 383746 493949 342516
810054 148619 831073 168457
785393 529841 734308 523532
675110 167040 693761 148468
112259 739216 93884 745759
451073 694814 429518 573822
575437 887040 605370 850792
910047 10311 849886 22278
561010 424509 543068 431268
821728 581975 778771 589432
735595 687993 662319 710161
865748 180291 896769 284333
668118 242616 642095 285909
62157 752196 96743 730372
833886 177025 868006 205857
714020 382418 708995 354528
922486 413026 925221 426734
523464 622912 519187 606138
298680 808142 275948 779419
255577 243341 220699 242768
514546 1776 441196 17419
335862 892072 323063 860552
704636 671078 707038 673910
304190 175083 294397 221623
305509 989250 378480 996352
932980 515111 923639 496861
275948 779419 268791 763497
615412 52431 630656 29952
896769 284333 939827 287341
364922 839573 328487 803921
360713 339037 298764 395401
244641 790472 223831 895278
168100 763709 115729 773544
697740 143613 675110 167040
356741 287824 378643 364415
622446 191842 654689 213725
25677 504751 52538 532462
729882 740800 707426 710719
837725 384701 883697 430439
817895 833130 809121 844335
363974 230856 356741 287824
707426 710719 683216 728435
762424 647826 774600 648988
155399 761352 103411 756151
305496 151374 339811 131848
233598 359859 240609 312868
627495 507370 636209 512091
81169 53087 103795 84217
584814 412299 567469 517962
96743 730372 53358 796536
683216 728435 663594 721382
996423 612402 960193 614112
177256 140039 225458 109581
90177 367115 113964 485513
230433 617829 220350 638150
271392 269771 278903 256870
594123 773197 665255 773566
407745 526742 355018 488794
932929 798825 938282 819564
107493 487187 90177 367115
580669 773222 586581 791404
459090 170120 422466 138260
859755 323498 878582 353200
655492 573870 662867 611087
361862 9116 353426 6748
989537 557262 954446 596063
350490 115488 355324 84628
606504 152853 593477 131543
508817 710480 477295 592148
587936 327115 526476 369356
738888 668956 743206 683874
21454 908438 22707 908901
172852 686205 137912 578416
495071 740195 473036 622512
786933 805620 814608 789028
329044 670809 260961 637238
473069 687523 451073 694814
519187 606138 508828 475573
793878 769956 833371 702000
549181 78772 511610 78068
103411 756151 112259 739216
994696 763920 985443 787235
780502 959715 859295 978578
390972 20841 361007 11832
795192 108564 758017 96951
778995 551994 807968 561679
363193 442048 407745 526742
570507 613857 531790 594396
641564 637351 611396 630204
651275 918138 661891 940175
731389 936826 751819 940601
168520 331561 167784 343614
729103 854757 721826 864566
226224 430798 222421 427804
99477 534511 118447 537746
439969 450712 475454 442398
673088 148915 648479 180283
690374 878630 575437 887040
665794 944336 663013 941781
562258 850314 528242 893662
214623 687037 179821 757309
34709 855722 31510 855916
165231 905098 207079 921633
727827 454671 701128 484249
545196 155538 551749 120930
586581 791404 542406 781038
544083 969438 519906 969766
35822 383578 13812 329567
605370 850792 605007 819452
853019 898589 845617 888774
88279 126984 75875 150489
390868 851182 364922 839573
118773 510890 132673 528199
475868 757952 479095 735981
711395 32839 682827 27333
981338 332370 979109 140941
670555 664914 641564 637351
985443 787235 996423 612402
895240 595125 880092 607864
925221 426734 916675 445004
632403 258966 622446 191842
228156 556527 261314 597993
727687 392725 670678 432678
733954 225790 721703 268151
222421 427804 201397 399946
958488 741972 932929 798825
936749 651326 943711 621551
365454 75274 475987 80771
545958 20608 514546 1776
564912 414489 634951 343453
980404 359057 939003 460131
522370 413136 524870 406113
152495 157280 142014 235628
760046 759459 716501 762480
222266 597562 243776 597477
9629 286898 17915 139679
4805 11153 41671 68008
639678 751850 536207 729264
511610 78068 516643 52109
339811 131848 435989 156581
912364 321258 911929 371563
184910 249376 168578 250308
821728 581975 841623 568380
567469 517962 577266 466330
473036 622512 472867 614793
848663 283303 859755 323498
402016 52022 411229 54163
634951 343453 636925 310305
770702 634677 738888 668956
699345 783492 695674 785797
840397 8226 869571 2650
980962 518630 989537 557262
291248 846768 270206 855843
280686 430745 276921 445774
132673 528199 82654 563346
172852 686205 145495 577149
920307 603510 910475 716328
726575 122576 744821 131796
649443 5903 682827 27333
421009 836607 419756 807249
891988 526107 873552 582868
244616 951893 171697 965497
789115 351372 785316 353931
801953 230610 710516 220826
530685 879680 518956 887198
775995 614909 770702 634677
451644 247688 455545 231632
885334 775174 831739 768707
695674 785797 696603 805301
295632 968202 352104 977116
937903 968464 926088 960317
688322 380377 686361 365534
905289 488198 874619 539630
371644 59212 402016 52022
411916 844530 404263 841479
809121 844335 792066 843391
31510 855916 36867 835914
976422 909440 971213 793075
16010 938487 21454 908438
355324 84628 216819 126691
867947 901323 811738 911246
430515 835461 473360 809423
943711 621551 914138 678375
426550 752808 421786 765573
527875 272176 539859 266960
406984 884678 350895 897575
446154 40949 493435 42083
248714 721932 236094 710460
748054 478712 738786 508530
914138 678375 936749 651326
581489 67599 583470 40728
422466 138260 356430 94912
100089 184188 45580 119492
142014 235628 170018 258317
674560 218389 703838 253640
910726 524596 890745 689046
30504 639943 11710 724047
842772 592805 775995 614909
523847 882839 559801 814527
708995 354528 727687 392725
148109 388903 151291 312498
913691 543410 932199 548209
858656 138293 778772 31179
583693 219706 527875 272176
22707 908901 88573 905989
548734 352529 582057 326479
25351 249220 15636 306612
556031 925753 554619 907205
84214 29635 165504 38772
724653 141265 765545 175940
741461 590220 669626 556055
642095 285909 660951 330412
378671 737928 358660 729515
519906 969766 625603 968020
611396 630204 570507 613857
52538 532462 99477 534511
6423 488703 12015 305435
569596 898071 614484 905907
416739 472584 408938 451736
358660 729515 352882 684167
209923 106379 159244 76035
75875 150489 100089 184188
878582 353200 887499 359119
250681 366069 360713 339037
648479 180283 689207 185880
707038 673910 670555 664914
845000 716095 840128 729493
552180 84038 570423 81996
611107 601339 628696 632432
631882 833412 690374 878630
500488 503328 478721 507500
614484 905907 565774 905242
104749 910462 85883 948394
57980 75690 103902 118166
105154 131524 143697 174543
524870 406113 550647 376769
907674 774411 863587 794309
584041 720108 535158 724584
479183 160214 492379 141369
546190 463199 553440 456001
371588 70783 335473 75728
863026 882961 853207 838860
605007 819452 631882 833412
721826 864566 756746 875884
507157 927697 502311 910306
375068 973561 444448 978958
554764 682050 536978 669949
565774 905242 569596 898071
703838 253640 707283 235332
584237 170488 612868 185785
49092 94983 88279 126984
531790 594396 529843 544052
901216 891239 938354 950378
688922 947220 665794 944336
870063 6388 840397 8226
880788 457854 908592 430441
442151 618412 459954 547701
834000 129123 795192 108564
557402 696414 578373 698746
215949 738239 227610 749540
735556 114315 795743 113779
3415 538578 4805 11153
712236 5098 711247 39533
508882 90636 432199 80694
318397 574657 249388 481798
916675 445004 889829 463303
878980 722650 867336 703690
554619 907205 507157 927697
69812 509317 38668 443715
308361 13356 296931 39638
403211 225707 390665 230095
735645 690635 735595 687993
661891 940175 780502 959715
537648 482139 546190 463199
102680 61246 177256 140039
845179 808291 786933 805620
413845 404695 472998 416887
378480 996352 457953 979244
710516 220826 733954 225790
774207 661734 762424 647826
259157 879939 335862 892072
6901 490934 6423 488703
256097 749455 235157 745210
890745 689046 895240 595125
654689 213725 627323 157529
926844 986693 982536 992823
113964 485513 128387 495695
518956 887198 543905 905370
741007 553572 783830 587535
464945 171983 508882 90636
543905 905370 562258 850314
611977 67811 617668 103529
165504 38772 74497 26564
262282 67528 323996 56868
176024 368945 161877 385366
938811 936791 939862 907136
553440 456001 561010 424509
13812 329567 57352 408271
926639 148711 944750 163931
51459 473638 69812 509317
905241 90662 910118 89390
911929 371563 930257 421893
518791 329590 540789 306379
770277 339401 668118 242616
848602 315772 908592 430441
970024 154173 971430 134869
796777 156646 810054 148619
889829 463303 905289 488198
939003 460131 891988 526107
730098 44911 778772 31179
110646 701857 78077 627526
218125 877527 210062 922641
478327 756416 475868 757952
118447 537746 75660 556480
903600 349435 922756 403587
76494 619891 14471 525872
371243 770157 426550 752808
432199 80694 343884 78946
543068 431268 564912 414489
939250 834249 866342 830765
690326 596595 739049 604712
638783 708194 636805 716367
958897 292042 926639 148711
515907 433933 522370 413136
987180 480601 980962 518630
853207 838860 878544 877826
273670 798661 244641 790472
649764 972042 552042 953798
230892 365477 235449 403088
312767 202521 429213 217515
625603 968020 544083 969438
727593 936502 656253 921695
171697 965497 145219 966725
82654 563346 76494 619891
446571 230561 440391 176754
636925 310305 636636 290500
951479 422592 963919 349060
41671 68008 105154 131524
478721 507500 461415 451903
873590 745127 885334 775174
552042 953798 727383 965825
666498 536025 563909 544147
998914 35434 971811 1780
919471 795426 939250 834249
322065 12137 308361 13356
441209 754764 473069 687523
411229 54163 446154 40949
502311 910306 472090 883638
982476 202202 985083 215454
125682 846285 178043 892647
461415 451903 439969 450712
73217 13691 44575 22661
382710 397104 408020 377758
405309 630920 368740 622310
114912 677041 110646 701857
131079 415104 137874 448364
613275 555708 563909 544147
663594 721382 639678 751850
420307 791609 349371 780625
578373 698746 549739 717858
437157 916784 431752 931428
400951 246259 446571 230561
273284 638536 255086 608602
526476 369356 548734 352529
696603 805301 699345 783492
261314 597993 273284 638536
887499 359119 900427 379135
627495 507370 609636 478572
353426 6748 8526 8237
743206 683874 704636 671078
166533 857942 151895 834267
334901 660908 329044 670809
869571 2650 870063 6388
529843 544052 526187 544109
709149 457181 753200 395479
172852 682050
583470 365329
479095 820588
230433 284333
32859 568380
441209 852213
425076 286898
979392 855916
712236 833130
270206 955974
911929 693138
122682 948394
442151 938487
727827 249220
709472 323498
845000 907136
867947 442398
546190 359859
932980 157529
782662 430798
827239 862801
931650 191754
546190 118166
73217 78068
594123 940712
9629 507500
641564 27763
203245 678375
938811 940712
319697 922641
786933 376769
716501 75728
673088 230610
817324 756416
45580 327115
741007 753149
226224 528199
249388 427804
701128 851182
913691 555658
492978 1776
157823 953395
131998 850792
582057 170488
949071 126691
388064 80694
328487 632432
915939 839573
627495 486188
611107 992823
695902 841479
408020 749608
179821 118166
170018 152853
416739 740800
587936 762480
353426 68008
8526 702000
553440 944336
938282 643513
41671 26564
733202 968020
670678 622912
938282 945941
969447 740195
508817 936982
30504 359057
82800 944336
266699 596063
910047 218628
994696 473369
518956 191407
378671 637238
951624 403088
792066 754764
802821 621551
276921 326479
270206 445774
712236 710460
780502 962055
442151 829471
115729 84107
540789 475573
457953 538578
21454 21827
716501 517962
943711 524596
365454 251491
138541 791609
88279 701857
231017 131524
695674 416887
260961 42083
785393 326479
457953 936826
209802 701857
617668 408271
784436 369356
283389 966725
42137 573870
548734 573822
52538 936502
711247 285909
634951 138293
355018 131543
908653 855722
730874 768707
789115 556480
473036 373737
735595 427804
172852 29952
845617 406113
686361 231177
15636 596063
878582 55478
30504 167391
708995 630920
873590 208781
925221 615377
511610 840966
69812 809423
236094 131100
757805 790472
932199 592148
197577 163038
492978 883638
938354 762480
689207 862801
556031 312868
584041 183496
721826 989250
648479 510890
90177 592148
13812 395401
457953 615377
38668 747628
249388 855843
938354 349435
674560 678107
863026 268151
835458 578010
62157 807249
911929 525872
735556 54163
614308 754764
402016 499990
704636 634677
802617 511430
905241 769956
508828 687993
965961 765573
540112 487187
758017 548209
492978 126691
150283 910306
256097 807249
610310 408271
584041 627576
552042 820588
895240 630555
527244 39533
177256 596595
421009 329567
546190 763497
939827 510610
537982 992823
887499 563346
557676 159175
73814 943874
926844 95253
727593 568380
741866 364415
611107 688874
857800 269771
336010 258317
939827 445004
890745 497597
689207 115488
938282 131543
69812 613857
161296 8226
979392 979244
611107 618412
930257 343453
518791 94983
865748 258966
569596 757309
670555 266960
358660 683874
583470 140039
298680 451736
744821 561679
472867 510610
69812 356195
845179 850314
295632 965497
655492 311152
665794 984298
500488 38772
507157 670809
136531 449520
336010 35434
209802 327115
168520 140941
833886 678375
932980 8226
533680 488198
378643 373737
62157 724047
390868 258966
446154 690635
230433 754872
662867 141265
663594 603510
73814 622310
81340 729493
922756 192156
283389 568380
904005 228733
730098 996352
969447 573822
835458 52109
248714 338469
323996 81996
688922 740800
67744 215454
88573 677165
271392 544147
105154 206147
785316 710719
583470 745210
382710 622512
515907 113779
251662 992823
203245 403587
493949 578087
979109 528199
221242 556480
910047 176754
356430 154173
383715 448904
350490 470131
88573 365329
159244 720108
407745 90662
639678 749455
14471 684167
259242 129123
455545 51052
52538 141265
938354 118166
431752 93461
334901 864566
782662 86974
837725 745759
451073 597562
339811 561679
365454 617829
904005 597477
228327 495695
787257 326479
615412 767329
721703 148468
474254 747628
996423 488703
268791 31374
44575 61246
733202 664914
549739 851182
793878 757952
583470 497597
55453 780625
230892 466330
969447 78068
189556 67599
699345 231632
100089 525872
197577 525872
440391 851182
131079 538578
827239 790472
75875 422592
527244 353200
639678 180291
652179 688874
821728 536025
748054 36727
356741 537746
965961 603510
166533 330412
785393 6748
596734 171983
161877 315772
878544 677165
770277 756151
228732 141265
554619 470131
582057 373030
817972 377758
137874 284333
936749 180291
529843 597477
963919 339037
102680 773544
486461 561679
73814 839573
840717 614793
479183 901323
57980 836607
863026 110512
474254 148468
581489 955974
283389 615377
73814 596063
689207 741254
479095 943874
809121 749540
605370 67599
222266 277919
62157 980803
518919 416887
233598 138260
906811 59212
401020 808383
417389 630204
904005 454671
216819 225790
125682 775174
364922 844530
275948 773694
559801 353931
81169 460131
104749 456001
695674 973561
352882 163038
787257 86974
905241 139035
923639 729515
861974 577149
486461 163038
587936 95001
550647 230856
74497 677041
382710 523532
740137 739216
167784 698746
727687 694814
243776 1780
350895 110512
46253 488198
207141 523532
803387 88816
461415 75690
688322 759459
15636 833130
425076 879680
383715 430439
449774 578416
235157 414489
695902 940712
741461 376921
155399 877527
730874 235332
227610 366069
878582 230856
834000 367115
870063 119492
869571 793075
845179 878630
411229 284333
980962 851182
118773 555658
222266 814527
928697 945234
980404 622512
363974 892072
989834 547701
243776 251491
103795 442398
552180 213725
353426 445004
627323 745127
408020 898071
294397 643654
358660 156646
472512 871693
880788 511430
931650 959715
413845 53087
390972 694814
268791 895278
740137 75690
922756 56868
354262 807249
463537 286898
867947 751850
203245 277919
809121 846285
293483 445004
81169 607124
522566 717397
655492 796536
649443 809423
422466 577149
343884 499990
75660 795426
939827 528199
462697 678375
161296 561679
402016 523532
735556 367115
733202 810870
136753 258317
835458 253720
44575 119492
735556 698746
781076 589432
703429 637650
358660 445774
102680 488703
614308 450712
748350 901323
461415 168457
400951 637238
840128 936826
670555 877527
148109 382523
833371 247688
817972 131100
34709 163038
979392 496861
283389 741489
683216 787235
490171 639943
848602 928723
866342 20618
605440 212843
741461 29635
383715 31374
924748 677041
363193 205450
503834 955974
251662 177025
785316 287824
303669 96951
429213 448364
751819 86974
939250 60052
774600 762480
518791 454671
14471 740195
453625 587535
390289 35434
407745 177025
455545 661734
82800 26564
900295 81996
477295 523532
879529 690635
475868 433933
739049 115488
14471 432678
878582 292042
123485 959715
100089 687523
546190 559042
295632 323498
995645 509317
230892 973561
508828 244961
938282 882961
690326 253720
878582 852213
128387 780625
440391 887198
729882 453283
661891 129123
110646 668956
395843 422592
178043 481798
848663 295024
256097 561679
642095 753726
774673 907205
303669 887198
834000 844335
214623 745011
271392 272176
896769 365477
91407 31179
313825 242616
786484 84217
138541 392725
296931 922641
913691 244961
931560 721932
953623 782298
919471 451444
461415 283303
298680 953395
670555 829471
878544 607124
209923 710480
655492 339037
726575 202202
492978 874464
584041 96951
985083 953395
906811 966725
216819 138293
760731 613857
744821 426734
649443 427804
231017 61246
343884 762480
817895 75728
834000 940175
548734 38772
594123 334544
168520 84038
390972 249220
842772 768707
507157 555658
969447 184188
310677 698746
36867 851182
703838 155538
519906 996352
593477 202202
559801 51052
51459 728660
477295 936791
923639 221623
520018 561679
901216 927697
878582 637351
304190 131848
686484 39638
291248 648988
670555 882961
690374 638536
714020 175083
4805 167391
75660 379135
336010 648988
151291 94983
107493 139035
259157 503328
696603 11832
709472 342516
519187 330412
949071 592805
492379 12137
707426 745451
511610 284333
810054 854757
233598 955974
336966 850314
256097 86974
6901 775174
709149 488703
579794 790472
73814 819564
457953 185880
774600 430441
534245 544147
859295 312498
708995 630204
703838 451903
207079 5098
549181 284333
323063 126984
775995 639943
479095 966725
511610 892456
785316 53087
951479 729264
971013 400724
508882 729493
544083 622310
446571 283303
378671 384701
615412 488703
363193 230610
31510 846285
896769 290500
741461 659651
932199 643513
351640 342516
914138 231632
31510 805301
635400 131100
30728 729264
228327 251491
130433 671078
915939 671078
939003 424509
858656 138260
869571 52109
81340 690635
883697 52022
230892 243718
382710 751850
194176 769956
912364 205393
523464 578087
131079 577149
405309 611087
548734 277919
225458 138293
44575 518630
375068 430441
750836 735606
298764 892456
165231 442048
413845 339037
365454 185785
786933 507500
22707 120930
437896 52022
507157 159175
615412 763709
781076 84628
24073 850792
651275 627576
400951 874464
539859 768707
355324 622512
712236 888774
166533 258977
981338 122576
114912 959715
315109 994266
210062 485513
129728 366069
657189 749455
284858 671078
660951 834249
236094 773566
531790 403088
957452 126691
243776 78068
900295 175083
407677 643654
686361 556480
542406 8237
916675 534511
238075 639943
473069 191407
178043 84038
750836 31179
837725 78772
971213 27333
951624 544109
695674 175083
944750 604712
455545 355899
778995 844335
565774 961564
343884 11832
473069 883638
248714 510890
404263 138293
137912 805301
976422 463199
214623 936502
910726 852213
867947 962088
38668 8237
831548 20618
910726 905989
821728 44911
526476 331561
729882 349435
724653 475573
787257 589432
426550 767329
774673 622310
634951 413026
774207 556055
741260 380377
922486 745759
762424 385366
564912 339401
207141 57146
520018 383578
143697 518630
926844 231632
165504 413026
390972 457115
500488 497597
24073 329590
91407 844335
858656 293180
690374 449520
915939 761352
91407 724047
981338 673910
985443 901323
651275 961261
88573 630204
729882 735981
932199 738239
580669 365477
695674 355899
474254 489161
919533 5098
951479 921695
416739 421893
161877 850792
259242 952080
42137 918138
611107 141369
582057 2650
262282 947609
171697 597993
490171 578087
136753 968202
407745 689046
152495 306379
322065 486188
750836 302277
554619 113779
446154 745127
319697 839573
516005 928723
294397 870366
318397 91623
176024 752196
657189 424509
973368 968020
654689 536025
867336 843391
814608 473369
938811 199254
880092 870366
41671 481798
699345 911246
472090 507500
751819 953395
243776 293180
429518 874464
580669 215454
430921 793075
361007 512111
931650 489161
657189 108564
15636 98567
166533 703690
727593 977116
837725 850314
704636 683620
695674 342516
472998 741972
979109 751850
179821 154908
545958 191842
226224 525872
707283 821678
606504 857942
355324 966725
407745 168457
675110 331561
91407 359859
932980 536025
617668 765573
625603 472584
93504 113779
276921 268151
231017 864566
402016 839573
354262 710143
472090 795426
390289 681894
570423 668956
231017 403088
151895 892072
520018 225790
165504 905242
441209 544052
107493 231177
782662 737928
870063 89390
284325 406113
486461 60052
421090 808907
44575 716328
451073 365477
743206 6748
490171 969766
865748 577149
130433 630204
197577 749608
408020 8226
235157 110512
371887 526742
569596 168457
605440 151374
905289 770157
837725 684167
222421 384701
439969 878630
540112 931428
96743 12137
586581 741972
963919 765573
260961 688874
683216 877527
199495 27333
848663 475573
227610 380377
17915 779419
569596 432678
843415 643654
308361 205857
437896 152853
741461 779419
539859 246259
390665 106379
785393 977116
81340 556055
845000 80771
857800 310305
525578 607124
439969 284333
105154 148619
670678 27333
474254 838860
165504 199254
528698 763920
262282 42083
479095 148619
870063 400724
243776 380377
403584 548209
750733 978958
612868 721174
259266 945234
136531 152853
256097 773197
378643 140039
407745 250308
547010 787235
634951 794309
336010 151374
91407 1780
670555 26564
41671 373030
474254 511430
971013 643654
938811 787235
802617 32839
81340 55478
748054 688874
214623 508530
352104 962055
840128 948394
401020 632432
522566 123350
932980 717858
295632 630204
609636 213725
189556 157280
355324 138293
284325 217515
910475 140039
882102 973561
298764 415104
305509 538578
861974 416887
739049 773694
880788 952089
652179 877527
57980 756416
176024 754764
41671 359057
142014 630204
103795 855652
782662 434051
477295 174543
425076 897575
371588 110512
363974 432678
400951 403088
631882 967985
611107 205393
259266 1780
232958 875884
951479 159175
580669 89390
350895 430441
527244 221623
916675 443715
382710 311152
476768 936826
721826 948394
122682 754764
334901 256870
352882 106379
683216 312498
556031 115488
709149 430439
62798 898071
171697 936826
524224 780625
103411 779419
76494 918138
741260 413136
703429 326479
712236 56868
449774 808142
829532 556527
30504 35434
371588 747628
469320 202521
472090 874464
611107 614112
404263 108327
431752 20618
528229 659651
714020 231177
699345 770157
395843 753149
296931 940601
561010 568380
989537 220826
42137 307854
835458 930607
178043 359859
906811 953395
774673 84107
557402 404695
242447 472584
166533 487187
44575 716095
294397 632432
493435 544052
390665 478572
780502 150489
437157 952753
649764 638536
318397 721382
528698 608602
358660 984298
536207 621551
31510 789028
985443 365534
760046 367115
912364 895278
244641 1776
502237 451736
627323 115488
665255 512091
591098 728435
81169 761352
401020 943874
203245 543410
656253 67845
150283 905370
837725 148711
335862 969766
953623 249220
371644 879939
508817 557262
536207 736653
537648 202521
351640 168457
958897 898589
840397 61246
440391 182585
3415 798661
401020 968020
76494 315772
837826 648988
737254 451444
168520 312868
649443 80771
530685 888774
525578 457181
199495 230856
354262 6748
552042 258966
490171 745451
756746 905370
152495 595125
757805 488794
876605 779419
735645 170488
34709 953798
138541 979244
817972 638536
985443 29952
536978 587535
577266 75690
989834 292042
735556 60052
716501 977116
312767 664914
27969 898071
612868 383578
