1000 1000
107493 487187 122479 365329
916675 445004 910726 524596
493435 42083 583470 40728
170018 258317 305496 151374
765545 175940 825920 243718
457953 979244 444448 978958
817324 228242 848663 283303
525578 754872 463537 769729
118447 537746 113964 485513
792066 843391 629390 902776
255577 243341 294397 221623
211439 293122 284858 236886
615412 52431 784616 89711
897711 60052 924748 91623
312363 291760 400951 246259
319697 254883 390665 230095
840397 8226 865159 12739
516005 159175 627323 157529
155399 761352 114912 677041
971811 1780 514546 1776
827801 26645 863364 55219
84925 430077 90177 367115
996423 612402 998914 35434
782662 123350 810054 148619
902801 138264 919472 187296
747791 857903 690374 878630
401020 741489 376748 722608
228327 183496 266699 163038
328487 803921 268791 763497
686361 365534 727827 454671
223831 895278 192663 880232
62019 556246 73545 383939
442151 618412 407745 526742
795743 113779 868006 205857
969447 95001 982476 202202
336966 940712 210062 922641
289738 264359 383846 231081
413845 404695 453625 376825
27969 511430 38385 339647
210062 922641 207079 921633
25677 504751 30728 205393
980404 359057 980870 462707
102680 61246 165504 38772
735696 886107 651275 918138
372200 953403 323891 950259
432984 345706 468245 334544
745331 850391 721826 864566
192663 880232 166533 857942
62798 36727 73814 21827
985083 215454 989537 557262
953785 76033 969447 95001
165231 905098 81340 840966
834000 129123 865748 180291
665255 773566 559801 814527
453172 919563 437157 916784
266082 653257 243776 597477
629390 902776 554619 907205
48611 603226 51459 473638
896769 284333 910262 340600
355018 488794 363193 442048
81853 969526 111573 978815
987180 480601 971213 793075
22707 908901 13649 652134
209802 451444 231017 307854
420307 791609 354262 767329
430921 398923 465369 383746
518919 449239 546190 463199
519187 606138 475454 442398
901216 891239 860916 949977
227610 749540 136753 559042
831548 25711 910118 89390
263824 748436 236094 710460
675110 167040 725178 191407
975710 688874 938811 936791
314420 893799 259157 879939
853207 838860 781076 874464
825920 243718 878582 353200
13812 329567 15636 306612
142014 235628 195227 170444
390289 747628 358660 729515
970024 154173 980404 359057
308361 13356 361007 11832
469515 902234 406984 884678
238075 104684 283389 93461
182601 779823 168100 763709
689207 185880 733954 225790
218125 877527 112259 739216
322065 12137 649443 5903
938811 936791 911279 963345
112259 739216 75660 556480
31510 855916 24073 818529
537982 88816 726575 122576
82654 563346 109891 288750
335862 892072 270206 855843
514546 1776 8526 8237
279587 265157 363974 230856
408938 451736 408020 377758
298764 395401 356741 287824
673088 148915 758391 188540
215949 738239 137912 578416
477295 592148 469320 578010
312767 202521 479183 160214
69463 717397 48611 603226
375344 417480 432984 345706
136526 51268 336010 34506
971811 1780 998914 35434
464945 171983 584237 170488
406984 884678 323063 860552
802821 677165 774673 728660
887499 359119 889829 463303
919533 116649 944750 163931
222266 597562 209802 451444
910047 10311 869571 2650
709149 457181 718777 496910
693761 148468 750733 182585
697740 143613 765545 175940
201397 399946 233247 297719
530685 879680 492978 871693
360713 339037 527875 272176
741461 590220 739049 604712
655492 573870 611396 630204
425076 678107 405309 630920
100089 184188 123723 152405
371588 70783 522566 67845
376649 364325 520018 277919
128387 495695 129728 453283
507559 820588 419756 807249
979392 972793 926844 986693
802617 769361 732406 852213
738888 668956 663594 721382
463537 769729 378671 737928
122682 302277 142014 235628
750209 87319 795192 108564
273284 638536 261314 597993
910726 524596 878980 722650
19993 721174 14471 525872
868978 442379 854466 576284
863026 882961 811738 911246
85883 948394 22707 908901
686008 920361 487519 936459
510197 850445 430515 835461
905289 488198 867336 703690
508817 710480 473069 687523
593477 131543 673088 148915
638783 708194 524224 745451
636805 716367 475868 757952
557402 696414 462258 653735
878544 877826 853019 898589
552042 953798 395843 952089
493763 854674 421009 836607
818939 120316 834000 129123
168100 763709 99477 534511
536207 729264 495071 740195
605440 773694 476768 808383
268791 763497 220531 710310
529843 544052 526187 544109
93884 745759 59660 618569
582057 326479 618965 359388
906811 114240 926639 148711
645990 668315 584041 720108
770277 339401 817972 448904
383846 231081 403211 225707
113964 485513 138541 293180
919472 187296 933125 281131
149300 231398 189556 191754
335473 75728 371588 70783
741866 84107 750209 87319
531790 594396 519187 606138
885334 775174 866342 830765
577266 466330 567469 517962
250681 366069 312363 291760
801953 230610 848602 315772
431752 931428 253774 890602
910821 349094 916675 445004
264880 740642 248714 721932
508828 475573 537648 482139
262414 735606 220350 638150
780502 959715 417389 955974
278903 256870 322291 229152
105979 41033 390972 20841
259157 879939 160849 770892
982536 992823 898731 995403
405309 630920 323986 434051
136753 559042 132673 528199
78077 627526 76494 619891
903600 349435 911929 371563
734308 523532 686484 630555
564912 414489 609636 478572
425665 961261 221242 942318
221242 942318 157342 921008
356430 94912 475987 80771
179019 585701 167784 343614
350827 343459 360713 339037
38385 339647 75875 150489
579794 46162 710427 67129
845321 449116 821728 581975
230433 617829 222421 427804
695674 785797 605007 819452
437157 916784 314420 893799
49092 94983 57980 75690
323996 56868 493435 42083
727687 392725 748054 478712
537648 482139 528229 489161
235449 403088 254661 334678
449774 947609 376140 936982
256097 749455 214623 687037
199512 581720 189121 471312
865038 20126 879529 27763
867947 901323 802867 945707
171697 965497 88573 905989
275948 779419 235157 745210
863587 794309 853207 838860
913691 543410 890745 689046
985981 390329 987180 480601
461415 451903 472998 416887
860916 949977 837826 962088
435989 156581 596734 142056
88279 126984 150283 70385
908653 841386 835458 952753
648479 180283 707283 235332
459954 547701 439969 450712
807968 561679 774207 661734
865159 12739 953785 76033
522566 67845 581489 67599
429213 217515 527244 205450
545196 155538 606504 152853
110646 701857 82654 563346
980870 462707 958488 741972
617668 103529 744821 131796
490171 458139 518919 449239
878980 722650 863587 794309
810054 148619 831073 168457
911929 371563 913812 398205
845179 808291 843415 810870
174664 188076 237652 122829
857800 739420 817895 833130
841623 568380 802821 677165
833575 436942 774600 648988
661891 940175 466577 939858
430515 835461 299958 774170
30504 639943 27969 511430
939250 834249 886855 944669
743206 683874 735645 690635
395843 952089 315109 945234
915939 749608 878544 877826
493949 342516 548734 352529
528596 382472 564912 414489
305509 989250 161296 984298
758391 188540 801953 230610
276921 445774 277192 367826
222421 427804 232789 348089
474254 803392 460325 801442
503834 311152 540789 306379
502237 538027 490171 458139
634307 258977 753200 395479
914138 678375 910475 716328
703838 253640 785316 353931
205320 291265 255577 243341
677628 998697 231373 996591
735645 690635 683216 728435
248714 721932 199512 581720
82800 853953 53358 796536
390665 230095 426813 227630
891988 526107 880092 607864
725178 191407 788038 244961
9289 954672 66946 970857
522370 413136 543068 431268
833830 421854 833575 436942
473069 687523 410548 607124
470867 888188 428134 876363
979109 140941 985083 215454
729103 854757 575437 887040
795192 108564 818939 120316
786933 805620 745331 850391
729882 740800 716501 762480
160463 571420 157823 510610
75660 556480 84925 430077
721703 268151 789115 351372
43280 555535 38668 443715
859755 323498 880788 457854
627530 665252 536207 729264
45580 119492 81169 53087
228156 556527 226224 430798
727827 454671 734308 523532
542406 781038 421786 765573
492379 141369 593477 131543
166533 857942 103411 756151
336010 34506 540112 24134
543905 905370 470867 888188
368272 784640 259242 710143
951479 422592 943711 621551
459090 170120 516005 159175
131079 415104 151291 312498
519906 969766 425665 961261
101646 176113 138593 134469
194176 253720 304190 175083
889829 463303 882102 583396
688922 947220 421090 952080
28026 218628 45580 119492
361862 9116 73814 21827
295632 968202 197577 945941
660951 330412 688322 380377
787257 736653 760046 759459
609636 478572 524404 627576
157857 304537 184910 249376
66260 244889 105154 131524
7250 212296 7631 97190
958897 292042 953049 544294
726575 122576 796777 156646
544083 969438 519906 969766
540789 306379 587936 327115
439969 450712 461644 396595
315109 945234 228732 930607
273670 798661 215949 738239
895240 595125 873590 745127
611107 601339 554764 682050
883697 430439 873552 582868
612868 185785 674560 218389
115729 773544 78077 627526
296931 39638 682827 27333
378671 737928 273284 638536
775995 614909 762424 647826
840128 729493 814608 789028
473036 622512 429518 573822
873552 582868 833371 702000
167067 313330 220699 242768
160849 770892 110646 701857
692038 449632 669626 556055
711395 32839 857015 86712
81340 840966 62157 752196
220350 638150 203245 555457
973368 355899 964547 532591
172284 116455 371644 59212
280686 430745 298764 395401
220699 242768 324361 179746
849886 22278 897711 60052
83238 257234 101646 176113
123723 152405 172284 116455
922756 403587 925221 426734
670555 664914 638783 708194
7631 97190 15989 68240
262282 67528 323996 56868
922486 413026 913691 543410
618965 359388 670678 432678
363974 230856 429213 217515
710427 67129 833664 100894
375068 973561 295632 968202
835458 952753 780502 959715
900427 379135 891988 526107
460325 801442 371243 770157
925221 426734 923639 496861
985443 787235 976422 909440
868006 205857 912364 321258
57980 75690 84214 29635
42137 98567 74497 26564
495071 740195 479095 735981
910118 89390 931650 110960
284858 236886 440391 176754
751819 940601 730874 942973
789115 351372 833830 421854
714020 382418 738786 508530
920307 603510 914138 678375
122479 365329 149300 231398
561010 424509 596197 465307
323063 860552 291248 846768
426813 227630 583693 219706
167784 343614 168520 331561
735556 114315 833886 177025
944750 163931 958897 292042
634951 343453 692038 449632
259266 139035 350490 115488
843415 810870 809121 844335
817895 833130 756746 875884
760046 759459 682841 822664
271392 269771 279587 265157
225143 808907 182601 779823
385715 525688 368486 418888
323891 950259 209506 935512
476768 808383 472969 807386
845617 888774 731389 936826
740137 693138 586581 791404
472969 807386 420307 791609
233845 149836 259266 139035
526476 369356 550647 376769
932978 338469 932980 515111
244641 790472 172852 686205
130433 239353 131385 233748
964918 72312 979109 140941
662319 710161 525578 754872
69812 509317 93504 319772
853019 898589 751819 940601
901288 979593 547010 994266
30728 205393 102680 61246
849760 261005 900427 379135
402016 52022 579794 46162
733202 645357 707038 673910
323986 434051 376649 364325
627495 507370 570507 613857
237652 122829 356430 94912
936749 651326 915939 749608
376748 722608 329044 670809
189121 471312 211439 293122
371887 110071 508882 90636
159244 76035 232958 66416
583470 40728 711247 39533
305496 151374 429513 124081
466577 939858 231538 892456
428134 876363 303669 821678
388064 928723 223831 895278
703429 753149 665255 773566
113169 124973 262282 67528
788038 244961 859095 408053
836788 457115 807968 561679
429518 573822 408938 451736
829532 683620 802617 769361
565774 905242 472090 883638
707283 235332 840273 414326
778995 551994 738888 668956
971430 134869 981338 332370
376402 816998 310677 782298
518149 983762 352104 977116
662867 611087 627530 665252
75875 150489 103795 84217
17915 139679 9629 286898
539859 266960 636636 290500
8526 8237 4805 11153
84214 29635 308361 13356
56353 848724 30504 639943
4805 11153 3415 538578
524870 406113 561010 424509
770702 634677 740137 693138
17915 139679 41671 68008
109891 288750 122714 244344
219510 51052 296931 39638
923639 496861 900295 681894
702679 806097 605370 850792
864186 138806 928697 294017
910475 716328 904005 755092
656253 921695 556031 925753
422554 221156 575835 205822
964547 532591 960193 614112
989834 183513 971013 31374
607858 325851 634951 343453
583693 219706 634307 258977
965961 192156 973368 355899
979392 972793 987892 855652
529954 270034 628582 295024
880788 457854 874619 539630
837725 384701 845321 449116
329044 670809 284325 499990
235157 745210 145495 577149
701348 433012 701128 484249
403211 225707 422554 221156
6423 488703 6322 557764
840273 414326 836788 457115
214623 687037 179019 585701
926639 148711 939827 287341
145219 966725 121975 961564
772573 373030 786484 470131
691529 527928 662867 611087
462697 862801 411916 844530
266699 163038 339811 131848
821728 581975 784406 659651
446154 40949 630656 29952
752030 906447 686008 920361
520018 277919 607858 325851
351640 555658 313825 404185
112362 908407 36867 835914
784406 659651 741260 733026
811738 911246 750836 937700
111573 978815 212519 991526
410548 607124 355018 488794
939827 287341 951479 422592
500488 503328 508828 475573
657189 573231 628696 632432
582577 884869 523847 882839
642095 285909 714020 382418
716501 762480 699345 783492
419756 807249 349371 780625
533680 110512 697740 143613
81169 53087 105979 41033
293483 251491 383715 212843
353426 6748 73217 13691
549739 717858 535158 724584
76494 619891 69812 509317
236094 710460 207141 637650
785393 529841 778771 589432
59660 618569 52538 532462
938282 819564 901216 891239
614308 108327 724653 141265
527875 272176 636925 310305
632403 258966 708995 354528
421090 952080 336966 940712
535158 724584 451073 694814
310677 782298 256097 749455
358660 729515 260961 637238
989537 557262 985443 787235
518791 329590 586279 333054
38668 443715 67744 228733
235410 130934 387469 91884
649443 5903 840397 8226
688322 380377 709149 457181
949071 615377 937891 779595
636636 290500 686361 365534
283389 93461 343884 78946
707426 710719 639678 751850
856883 413597 841623 568380
152495 157280 209923 106379
106843 293490 143697 174543
132673 528199 128387 495695
879529 27763 971430 134869
867336 703690 857800 739420
62157 752196 43280 555535
793878 769956 582577 884869
863364 55219 905241 90662
882102 583396 845000 716095
683216 728435 605440 773694
781076 874464 656253 921695
614959 389797 636209 512091
7888 858957 3415 538578
487519 936459 431752 931428
858656 138293 914419 284886
581489 67599 611977 67811
465369 383746 528596 382472
840717 643513 793878 769956
963919 349060 954446 596063
930257 421893 931560 449520
724653 141265 748350 154908
475454 442398 478864 428398
197577 945941 104749 910462
16010 938487 13203 895157
575437 887040 518956 887198
795392 212983 859755 323498
610310 199254 668118 242616
549181 78772 758017 96951
553440 456001 531790 594396
67744 228733 103902 118166
721826 864566 569596 898071
261314 597993 249388 481798
628696 632432 557676 709184
748350 154908 817324 228242
958488 741972 939862 907136
596734 142056 622458 141420
403584 578087 385715 525688
24073 818529 19993 721174
863214 462820 842772 592805
809121 844335 760731 876109
284325 499990 276921 445774
35822 383578 88279 126984
294062 768556 264880 740642
709472 786862 696603 805301
784616 89711 858656 138293
231373 996591 140434 987564
954446 596063 938282 819564
563909 544147 523379 626075
778772 31179 845251 61681
356741 287824 472512 266844
209923 106379 335473 75728
426550 752808 401020 741489
911279 963345 876605 967985
13649 652134 11400 352580
322291 229152 407677 206147
103902 118166 159244 76035
62798 36727 41671 68008
32859 139696 49092 94983
669626 556055 641564 637351
177256 140039 225458 109581
298680 808142 227610 749540
670678 432678 655492 573870
611977 67811 741866 84107
861974 834745 824140 870366
951624 167391 963919 349060
586279 333054 640378 400724
53358 796536 46253 753726
104749 910462 34709 855722
173947 623658 160463 571420
74497 26564 322065 12137
249388 481798 242447 382523
550647 376769 584814 412299
524404 627576 477295 592148
91407 486188 130433 239353
710516 220826 837725 384701
686484 630555 670555 664914
382710 397104 440664 330514
13203 895157 6322 557764
446571 230561 455545 231632
472867 614793 416739 472584
931560 449520 920307 603510
168578 250308 228327 183496
90177 367115 106843 293490
411229 54163 516643 52109
472090 883638 390868 851182
910047 10311 971013 31374
994696 763920 996423 612402
207141 637650 195761 570640
184910 249376 317400 163224
118773 510890 131079 415104
523379 626075 459954 547701
613275 555708 536978 669949
52538 532462 57352 408271
774673 728660 702679 806097
932980 515111 932199 548209
46253 753726 35822 383578
739049 604712 704636 671078
750836 937700 665794 944336
73217 13691 44575 22661
995645 473369 989834 183513
570423 81996 737254 95253
15636 306612 32859 139696
778771 589432 735595 687993
354262 767329 230433 617829
704636 671078 636805 716367
371243 770157 266082 653257
971213 793075 938354 950378
580669 773222 542406 781038
980962 518630 975710 688874
681186 440521 666498 536025
277192 367826 334463 284864
15989 68240 44575 22661
253774 890602 218125 877527
817972 448904 783830 587535
708995 354528 727687 392725
99477 534511 122682 302277
243776 597477 228156 556527
898731 995403 677628 998697
195227 170444 235410 130934
361007 11832 695902 8020
919471 795426 867947 901323
515907 433933 553440 456001
548734 352529 614959 389797
631882 833412 562258 850314
16010 938487 81853 969526
125682 846285 69463 717397
225458 109581 238075 104684
440664 330514 582057 326479
157342 921008 56353 848724
270206 855843 155399 761352
833371 702000 786933 805620
318397 574657 297312 484446
659038 433341 611107 601339
103411 756151 96743 730372
730098 44911 902801 138264
129728 453283 157857 304537
382199 662864 368740 622310
953049 544294 949071 615377
830837 428930 770702 634677
534245 643654 472867 614793
453625 376825 462025 373737
451073 694814 425076 678107
25351 249220 28026 218628
833664 100894 864186 138806
596197 465307 563909 544147
960193 614112 950571 741254
461644 396595 524870 406113
557240 552964 523464 622912
611396 630204 557402 696414
654689 213725 703838 253640
418854 444868 430921 398923
854466 576284 850480 601786
540112 24134 827801 26645
350895 897575 335862 892072
378643 364415 427925 334300
926844 986693 875733 992865
744821 131796 827239 208781
416739 472584 413845 404695
538195 539107 529843 544052
906137 267890 922756 403587
407677 206147 612868 185785
396431 718045 352882 684167
943711 621551 919471 795426
554619 907205 543905 905370
441196 17419 849886 22278
641564 637351 578373 698746
260961 637238 255086 608602
55453 953395 21454 908438
96743 730372 62019 556246
733954 225790 856883 413597
123485 565810 107493 487187
981338 332370 980962 518630
233247 297719 278903 256870
244616 951893 112362 908407
976422 909440 937903 968464
479183 160214 545196 155538
591098 20618 831548 25711
179821 757309 123485 565810
666498 536025 657189 573231
339811 131848 528698 95015
12015 305435 27447 138041
562258 850314 510197 850445
36867 835914 25677 504751
232789 348089 240609 312868
145495 577149 136531 552425
682827 27333 778772 31179
429513 124081 533680 110512
569596 898071 528242 893662
161877 385366 167067 313330
785316 353931 803387 376921
762424 647826 743206 683874
20227 319568 25351 249220
353426 6748 869571 2650
912364 321258 922486 413026
475868 757952 441209 754764
528229 489161 500488 503328
578373 698746 549739 717858
144700 905459 82800 853953
390972 20841 441196 17419
378480 996352 875733 992865
826699 184500 899902 356523
422466 138260 551749 120930
575835 205822 772573 373030
456307 633582 442151 618412
625980 155898 689207 185880
451644 247688 642095 285909
878667 967089 649764 972042
523847 882839 486461 874400
735595 687993 707426 710719
136531 552425 131998 512111
93504 319772 107384 223735
639678 751850 594123 773197
622446 191842 654689 213725
178043 892647 93884 745759
932199 548209 909446 764256
528242 893662 364922 839573
907674 774411 863026 882961
987892 855652 995645 473369
712236 5098 361862 9116
848602 315772 868978 442379
939003 460131 936749 651326
432199 80694 511610 78068
502311 910306 469515 902234
527244 205450 610310 199254
360269 303327 444518 278954
462258 653735 403584 578087
216819 126691 355324 84628
663594 721382 580669 773222
857015 86712 906811 114240
437896 356195 493949 342516
427925 334300 503834 311152
600424 86974 735556 114315
559801 814527 507559 820588
324361 179746 435989 156581
627323 157529 710516 220826
34709 855722 20227 319568
57352 408271 83238 257234
486461 874400 404263 841479
931650 110960 965961 192156
231017 307854 261644 274837
286832 438033 360269 303327
758017 96951 795743 113779
727593 936502 661891 940175
845251 61681 919533 116649
469320 578010 418854 444868
507157 927697 453172 919563
73545 383939 100089 184188
890745 689046 861974 834745
351177 643007 318397 574657
358391 57146 402016 52022
904005 755092 845617 888774
161296 984298 55453 953395
511610 78068 570423 81996
833886 177025 903600 349435
873590 745127 845179 808291
831073 168457 896769 284333
261644 274837 293483 251491
183045 450426 176024 368945
862345 962055 727383 965825
383715 212843 622446 191842
140434 987564 66946 970857
636925 310305 701348 433012
148109 388903 165933 293771
441209 754764 426550 752808
913812 398205 895240 595125
165504 38772 545958 20608
628582 295024 660951 330412
802867 945707 552042 953798
440391 176754 464945 171983
475987 80771 552180 84038
313825 404185 350827 343459
255086 608602 235449 403088
251662 231177 312767 202521
554764 682050 456307 633582
594123 773197 474254 803392
421009 836607 376402 816998
6901 490934 9629 286898
350490 115488 371887 110071
473360 809423 368272 784640
937891 779595 932929 798825
570507 613857 534245 643654
699345 783492 695674 785797
933125 281131 939003 460131
105154 131524 113169 124973
138541 293180 168578 250308
622458 141420 675110 167040
937903 968464 901288 979593
518956 887198 298680 808142
635400 980803 457953 979244
878582 353200 883697 430439
138593 134469 167383 110092
551749 120930 693761 148468
760731 876109 735696 886107
303669 821678 179821 757309
417389 955974 372200 953403
355324 84628 432199 80694
908592 430441 905289 488198
953623 55478 964918 72312
665794 944336 449774 947609
932929 798825 908653 841386
404263 841479 275948 779419
730874 942973 688922 947220
462025 373737 526476 369356
536978 669949 473036 622512
814608 789028 747791 857903
473789 943874 388064 928723
859095 408053 863214 462820
737254 95253 782662 123350
21454 908438 11710 724047
209506 935512 144700 905459
371644 59212 411229 54163
545958 20608 591098 20618
107384 223735 152495 157280
189556 191754 233845 149836
131998 512111 137874 448364
334463 284864 451644 247688
584041 720108 487670 745011
376140 936982 178043 892647
556031 925753 507157 927697
928697 294017 932978 338469
400951 246259 446571 230561
199495 497597 201397 399946
606504 152853 625980 155898
516643 52109 615412 52431
316534 584066 280686 430745
784436 977814 635400 980803
732406 852213 729103 854757
837826 962088 544083 969438
88573 905989 31510 855916
526187 544109 502237 538027
909012 411710 908592 430441
614484 905907 502311 910306
938354 950378 926088 960317
468245 334544 518791 329590
6423 488703 7250 212296
352882 684167 334901 660908
508882 90636 617668 103529
783830 587535 775995 614909
226224 430798 230892 365477
586581 791404 473360 809423
690326 596595 645990 668315
718777 496910 690326 596595
880092 607864 831739 768707
368486 418888 382710 397104
11400 352580 12015 305435
682841 822664 530685 879680
167383 110092 358391 57146
803387 376921 830837 428930
674560 218389 721703 268151
866342 830765 827195 876253
701128 484249 691529 527928
870063 6388 953623 55478
14471 525872 13153 422821
487670 745011 351177 643007
254661 334678 319697 254883
479095 735981 382199 662864
695902 8020 865038 20126
478327 756416 396431 718045
605370 850792 493763 854674
478864 428398 515907 433933
421786 765573 390289 747628
831739 768707 792066 843391
786484 470131 785393 529841
649764 972042 375068 973561
121975 961564 85883 948394
731389 936826 663013 941781
584237 170488 648479 180283
845000 716095 840128 729493
407745 526742 375344 417480
668118 242616 770277 339401
640378 400724 659038 433341
625603 968020 509643 970221
524224 745451 478327 756416
122714 244344 216819 126691
232958 66416 446154 40949
870063 6388 712236 5098
176024 368945 205320 291265
543068 431268 577266 466330
408020 377758 437896 356195
567469 517962 557240 552964
756746 875884 691021 897578
707038 673910 662319 710161
711247 39533 730098 44911
343884 78946 365454 75274
547010 994266 305509 989250
165933 293771 194176 253720
363193 442048 378643 364415
926088 960317 859295 978578
741007 553572 741461 590220
13153 422821 13812 329567
982476 202202 985981 390329
557676 709184 508817 710480
455545 231632 632403 258966
859295 978578 518149 983762
230892 365477 233598 359859
131385 233748 174664 188076
291248 846768 225143 808907
27447 138041 42137 98567
696603 805301 631882 833412
850480 601786 840717 643513
774207 661734 729882 740800
11710 724047 6901 490934
220531 710310 173947 623658
297312 484446 286832 438033
636209 512091 613275 555708
472998 416887 522370 413136
364922 839573 273670 798661
587936 327115 652179 382565
157823 510610 161877 385366
304190 175083 492379 141369
509643 970221 244616 951893
774600 648988 703429 753149
352104 977116 145219 966725
444448 978958 343229 975248
738786 508530 741007 553572
827239 208781 849760 261005
349371 780625 262414 735606
899902 356523 909012 411710
390868 851182 244641 790472
207079 921633 125682 846285
299958 774170 263824 748436
750733 182585 795392 212983
848663 283303 887499 359119
909446 764256 907674 774411
343229 975248 171697 965497
842772 592805 787257 736653
690374 878630 565774 905242
757805 579423 733202 645357
151895 834267 115729 773544
950571 741254 939250 834249
827195 876253 727593 936502
982536 992823 994696 763920
753200 395479 778995 551994
212519 991526 378480 996352
150283 70385 219510 51052
900295 681894 885334 775174
103795 84217 136526 51268
552180 84038 600424 86974
630656 29952 711395 32839
411916 844530 328487 803921
151291 312498 170018 258317
172852 686205 118447 537746
865748 180291 906137 267890
259242 710143 222266 597562
472512 266844 539859 266960
168520 331561 251662 231177
886855 944669 862345 962055
294397 221623 459090 170120
605007 819452 484864 829471
438661 914923 350895 897575
195761 570640 183045 450426
748054 478712 757805 579423
203245 555457 199495 497597
365454 75274 549181 78772
691021 897578 614484 905907
228732 930607 165231 905098
924748 91623 957452 131100
652179 382565 681186 440521
478721 507500 461415 451903
143697 174543 177256 140039
957452 131100 970024 154173
334901 660908 316534 584066
114912 677041 91407 486188
876605 967985 784436 977814
546190 463199 538195 539107
242447 382523 250681 366069
387469 91884 537982 88816
523464 622912 478721 507500
663013 941781 473789 943874
939862 907136 878667 967089
741260 733026 709472 786862
137912 578416 118773 510890
317400 163224 422466 138260
796777 156646 826699 184500
874619 539630 829532 683620
137874 448364 148109 388903
233598 359859 289738 264359
910262 340600 910821 349094
240609 312868 271392 269771
7888 858957 9289 954672
914419 284886 930257 421893
651275 918138 438661 914923
727383 965825 625603 968020
231538 892456 151895 834267
905241 90662 951624 167391
584814 412299 627495 507370
368740 622310 351640 555658
484864 829471 294062 768556
492978 871693 462697 862801
51459 473638 66260 244889
444518 278954 529954 270034
528698 95015 614308 108327
824140 870366 752030 906447
500972 498911
876646 786445
435992 349419
368036 776559
550270 556845
724381 68470
282884 308925
835946 257156
515227 485853
500223 500027
828953 200042
472805 509501
524855 512938
498943 498651
967188 393713
594294 519802
206791 681446
492387 505351
504183 497676
239205 520671
499634 498587
519429 454786
508480 551959
248455 454668
499523 494498
643199 545225
545319 314142
575321 403257
147462 376215
569057 396093
624338 449414
277108 812631
561162 504902
232792 590278
71283 569546
935952 461689
500076 516934
179944 482841
388423 489013
499401 499678
472698 483868
635050 356901
549953 548415
520730 762491
535474 725891
501117 503068
512917 496433
353163 487031
371536 952412
877622 232305
736353 323056
876741 384030
495931 489991
422787 426999
479159 500274
480919 505412
501586 496958
448765 514590
926392 644777
330331 329787
505803 461992
186892 621661
326213 703158
362004 65331
687077 392831
337999 582419
168498 519114
569250 483113
508498 486339
373779 613333
511180 444508
191890 671117
593144 659739
141457 365467
478388 490084
483375 500482
558675 500751
892113 696113
551611 458083
797533 540099
264760 727065
428910 430178
669140 162765
663659 550945
608182 690981
593131 499435
440246 946907
418190 468942
474205 591996
496299 494538
391290 855236
503194 510880
538264 523282
480063 466782
952126 657171
554204 271533
562869 568403
474093 580235
956543 488940
455475 459097
502467 486761
643911 624854
501242 500282
275240 517525
512267 447238
503688 509510
499058 503367
441962 552526
466759 435727
499306 500852
470452 237187
505798 508930
150177 370133
544417 404962
552454 356540
480173 406221
661011 558118
272861 240420
495881 499947
493351 503659
495816 541379
370475 634442
656361 506601
764897 394903
574168 280481
462622 524374
365931 548578
371481 595957
500000 500000
477692 492132
306918 214538
468399 518600
702893 650120
500410 498771
583540 661770
519025 484630
547847 415766
534817 499921
849438 541577
62018 445558
524802 835863
236798 840450
266956 508658
386188 240615
632076 474960
483514 523076
304667 488978
349815 750297
573962 329048
502124 509178
191889 879954
494962 502398
487598 513286
590404 517005
448911 555475
538361 645891
317865 526518
460796 654036
308700 930945
26814 530977
509712 539925
799272 315835
292047 344080
484932 526868
434487 557404
376322 582352
338446 275344
820191 360451
499981 500205
109631 752327
300256 483078
512095 690423
704447 945846
636143 466428
375996 497330
522030 400661
437214 748112
276250 594430
874310 365650
392830 774574
478948 550444
728534 615662
59768 352265
500041 499996
828473 444439
426761 524081
618225 507755
264830 533883
503577 518080
464602 410497
700877 333532
395787 542943
507591 514171
844581 665212
495713 494682
431552 523422
875312 758919
618869 433327
294308 459089
103047 591605
464238 622173
916485 477378
462656 471892
390223 501556
781911 314408
483034 495192
334133 228959
976670 429149
714999 226293
501083 499658
388458 554165
423953 523167
620728 434453
532568 560871
484504 601008
694622 445658
345452 450792
818351 182834
490031 505760
568607 488407
451314 480425
596866 592304
475038 500149
504459 501693
538515 549880
500024 499968
362467 590057
538279 526928
476262 451522
506944 464389
874753 245641
230615 463716
459250 405265
438131 451443
500640 494841
350073 575296
544863 531141
358859 450251
391077 360001
678166 442902
273392 285334
288705 744209
500311 500256
433801 583172
462077 192540
499340 490550
642780 357152
528614 518088
413250 369176
373295 293885
485839 589823
500169 496114
454471 448166
547294 490075
534669 481670
880825 679726
473599 354800
415340 459044
772528 288022
182157 208539
678730 579151
495672 563579
171774 202430
438566 499374
535975 510736
495888 487214
499319 551531
463024 402132
545208 108866
607822 688923
288929 388574
502799 528097
478841 460734
722809 736252
484534 340499
600658 760833
753732 696254
495043 397877
584793 253544
529735 499255
198465 697240
616917 712507
623612 679253
144398 391062
78816 441296
306422 333320
504715 498547
212209 714592
388889 340321
551351 629410
488019 574257
527252 567377
536197 437424
847088 759685
591861 680328
495196 500451
547105 336823
509790 714323
52756 450604
714888 273678
499219 499977
575289 589735
448865 591170
625881 570223
945321 691416
474478 526350
466641 452770
470786 345210
382234 505628
743970 734344
695697 393666
499728 684164
480792 755258
437595 395740
437429 797266
560136 370114
808124 537065
514197 958573
438640 501993
472939 545754
371646 410481
702009 352285
496354 530799
481500 308802
229107 602619
169572 659131
435801 515051
702813 609294
624137 731896
224229 491743
481988 601838
502425 552359
491283 543208
428487 404974
617591 222391
251903 913811
468854 421627
485109 476616
782251 137516
485288 423629
499765 544301
494158 490688
618750 274297
246103 601455
4217 555339
72953 627990
467326 787076
726982 585096
560879 638289
385655 720174
307314 41037
316024 619261
556733 457495
498815 502001
224311 565977
501426 500469
573948 743533
272625 611117
499567 500138
869739 568194
663890 96556
459443 390797
501362 502847
306152 295717
436753 518418
207445 850304
492586 493245
206089 466290
569304 386779
458408 861647
537707 475423
550649 504305
506065 501168
561403 575486
458529 608102
487538 507428
495900 494124
501826 505522
717834 231033
616259 822770
510323 452038
351752 543187
463472 571777
909905 263132
506080 488309
483394 504000
230406 493768
563962 406568
623622 428997
984729 546390
513977 521191
448105 576320
180827 423400
407221 384590
445467 556245
410877 161063
490449 507610
487430 495239
667921 695417
582063 423124
249061 109689
481077 444458
505521 487964
451506 360618
234376 449087
745750 438215
648814 683450
453237 500713
635556 313533
508711 504428
524514 496435
277510 711929
564793 477994
873471 729803
496948 501917
947124 639888
499096 502260
530485 776582
497968 508068
784448 175206
287852 239798
159768 485530
708095 724736
499991 500002
797056 878740
541244 637900
496856 506632
330546 509485
464252 495688
398750 633506
86320 374510
580611 499808
720664 793995
526848 497707
550413 580992
485833 861749
355951 211992
249634 351525
535419 176061
500262 498934
140368 292110
981928 600237
135817 314941
564372 621105
503525 502651
636544 520544
689149 406654
499727 499989
499904 502778
378601 491313
451469 572102
556197 789195
499795 499960
651986 214169
526429 464347
547904 683737
426538 440416
484486 524847
501663 483286
477773 628693
867154 585918
454990 494910
290839 914502
500300 500073
332952 480775
650977 497005
347654 839346
517351 484312
856238 547150
653962 700264
322898 836886
477747 558988
141437 249202
653317 641768
536219 555004
509169 577867
493853 482234
654064 734641
500034 499775
484596 488619
498732 457281
600643 647874
500767 498209
500606 499617
497102 151099
499592 498494
497571 501520
500115 500008
499983 499973
494178 506119
169224 445548
680855 514487
485184 519954
500517 514483
494733 505901
188740 675870
494195 502143
575745 645669
474456 478615
502927 501949
541292 549757
205095 626916
561592 361421
407047 463978
398676 447172
374506 913729
494859 498943
478134 542644
112468 549336
661989 509889
191756 681487
588217 475608
868950 502057
506335 505738
541256 682557
521826 496039
562615 504710
568448 453550
707393 226527
462544 600896
427449 557131
321644 463397
866400 277175
635445 158090
430723 534021
523823 835136
505387 854994
494271 481714
485724 527369
714157 242089
643920 526942
774000 288917
500062 500854
719286 266249
499615 504189
484567 497904
540536 287065
498757 499270
703803 373044
566781 539987
512759 555914
522026 547847
394205 486402
403876 122181
393124 157705
375852 605338
281370 653941
505711 460209
677272 603611
477424 294763
525586 444825
532239 501457
436301 667741
454306 668995
523912 497933
433251 474645
494083 480777
357201 267156
482134 482767
562933 529461
549195 481741
598497 535633
496713 440303
841531 471234
165152 562678
618575 729832
541359 492981
512588 489412
505710 460933
483668 499990
231020 396173
501622 499583
509919 467389
307306 519538
587790 497341
493341 346908
939390 531255
431632 811243
301373 298187
467590 482716
504677 499713
286088 685098
924273 311792
501311 537838
259843 568285
229087 558731
500034 499900
485447 589547
671450 553748
786501 533606
499634 500873
788243 467529
451057 480625
531448 516528
483136 495940
455740 709888
383735 576733
276185 512230
554574 480247
758804 579359
420353 509865
386498 566952
537132 485120
676304 339205
35746 649611
898029 579096
347796 251391
500076 500046
495371 524330
488558 507381
642306 197637
365006 697663
483373 519730
181333 355222
457904 479386
449279 317673
500965 501010
496184 506388
500887 497870
522331 508140
525408 523541
503718 500630
746800 679839
506582 500168
486557 570995
527517 580673
503938 503046
431445 630543
420901 574539
556193 103599
47566 471366
614772 503648
335934 378856
484365 444082
420068 469045
371787 239319
633937 313433
260273 562768
688679 90801
448609 594222
503459 496593
544308 631690
935109 705410
369546 544927
411262 548681
480302 513915
363353 89509
424744 465241
499420 454979
491522 463018
545734 511044
576226 492550
824688 721804
550716 415617
848569 269604
513668 501092
392036 212898
501986 477821
475061 210023
505166 521745
488887 505139
661741 597987
508356 501171
305577 591495
769125 375476
509198 504823
42400 396176
501159 498517
301089 493624
270302 433205
553013 433645
552331 646465
517800 349780
322493 924823
560733 612188
427095 382516
614781 640279
468400 221815
489064 507548
511980 494649
480635 552622
499984 500047
819154 653551
487520 502176
598391 366105
500153 499989
276806 385751
499130 516905
536688 546450
595206 367544
540577 528345
612999 434810
498385 528252
329052 622686
581808 296046
555795 499239
496197 505667
543898 488277
416330 521129
592756 495283
453999 515410
977064 559170
500145 500244
473951 528476
527663 461420
483103 483571
438079 56800
558672 633170
684405 950828
399419 361658
935602 256753
656723 639489
532844 489153
498804 497520
416052 497254
459776 278927
234762 130517
771825 461509
830148 539226
542589 541831
152235 355577
608801 243621
490579 541145
414241 990388
402481 444208
76069 572765
387987 442678
515953 327454
428431 382529
589956 460652
510687 509246
654973 649010
267212 676561
495661 497620
418760 529233
448499 741991
499973 500009
498589 504513
723692 652184
541599 660457
270352 495261
599926 710432
499589 503058
144571 231118
168639 783901
615604 586572
543817 617479
497605 525013
422306 655685
856851 512235
218161 411368
506879 458861
124017 826967
499719 497232
432183 406190
740972 874214
491708 491597
506379 556896
418351 894238
670975 195902
343658 660814
708787 882768
587501 634123
552938 578793
477709 613841
499970 513008
172900 605988
500167 499685
781117 707868
435271 643676
217597 491319
593972 436461
503390 492125
509318 501674
504656 499200
539318 132461
516172 442489
873386 268287
183453 823766
497923 500925
528467 711942
267593 524549
443261 276657
451923 495429
728807 262952
180684 365487
474340 566300
390239 494456
494019 495274
526343 641389
366666 601909
934577 278609
516049 491839
720703 771595
536659 474770
657781 451264
499537 508807
535857 412178
489255 30868
510172 447585
603271 661026
559132 498372
542097 398896
393553 431041
585118 521842
829798 497046
529282 409524
200084 196756
516832 237765
791209 542913
379489 684805
638744 44771
347145 595428
331886 422053
511404 495113
509966 439706
498440 495786
225139 385507
479672 626579
510627 494635
548615 489607
503848 72975
669206 260057
428925 503914
613647 645730
481576 631082
381860 507331
502052 501247
322654 134580
700617 577749
688168 506611
410049 163264
308402 348254
510149 535367
152828 675302
502795 508128
572265 526161
745048 877457
312560 862098
289513 485441
556889 595006
795672 418443
628536 328862
499089 499669
456526 366106
616377 648613
263554 577909
199582 704769
501113 501099
672239 429169
491860 349203
508529 496724
774288 659643
498448 495249
499785 415986
516235 484855
917141 484115
180668 354635
763820 257627
494532 505327
487244 331252
468361 632168
487665 512479
510104 739341
459838 617354
515684 504840
499610 500880
763742 87820
567829 542612
553886 364333
502331 148161
503876 261499
226893 450762
456871 472069
421024 528913
968438 476144
483447 501051
473396 528521
867246 433464
378488 643103
510230 463896
465296 576410
495101 503608
487475 499167
462298 386930
476042 545520
600912 507273
501078 502986
381969 585446
793982 404416
510854 143646
937402 573660
505395 529460
560820 549498
518527 501022
391622 523084
735487 280121
762884 340124
536553 486293
509939 410828
492715 294256
503769 502442
630517 754066
488401 539318
648262 572786
473642 514672
631015 816301
589276 543546
545511 429987
486836 490268
290569 205115
498683 498107
584926 386693
560510 351522
815587 479931
345227 564745
376164 260560
360642 508699
642520 169433
226511 643157
886134 577098
422375 153766
494318 523267
284469 277487
508263 498320
525988 496780
444368 683837
615982 663840
503443 510574
936179 341119
482638 495214
564589 466603
519834 487377
578623 534229
581331 749593
408991 422763
486972 523344
449173 516480
644544 625871
499982 496987
498829 503160
420818 246055
381386 637984
505481 135508
565110 355566
504113 257271
557212 530591
297329 393406
910599 763758
451864 299346
528735 530994
447841 492753
438041 413088
912329 730659
778792 590015
698258 218143
440956 476807
646078 461954
150571 742929
247692 523072
479546 513226
475224 486190
601956 439644
487676 501973
500005 499984
494945 516788
67414 467888
237307 707874
503361 487110
601518 451200
380793 832321
599385 784415
328923 832108
502798 488167
679199 303781
535279 488473
461878 497449
511684 359680
465961 416087
474280 511832
393363 554148
267429 626904
79573 373670
767706 695115
486361 555141
500184 500375
559818 334407
432560 518315
491586 498406
519078 476908
421423 491468
349414 208889
499792 500327
408473 527577
499810 499626
111076 455709
496171 496720
928307 602652
500199 487331
490526 500223
