1000 3000
168 655 6368 1006 8921 5824 8187 9451 7132 8791 7065 7002 2790 6973 6243 6825 1217 7235 3305 6965 3159 5891 9868 2854 5837 4284 5756 3440 9171 2269 5170 3867 9054 6830 8327 3414 1325 8245 6748 5550 637 1063 7506 3321 2442 3914 3680 6764 9736 8542 2457 6198 8214 5257 627 2665 1555 5786 9507 2150 7201 1828 3959 2320 5955 1680 1962 8094 6505 277 8429 2705 4331 8871 9005 9223 3253 1578 7246 7473 8622 4186 8864 6590 7113 2715 4934 3006 4826 4271 7191 7646 2001 5059 9273 6898 9579 7602 4162 6252 6333 4841 2389 2978 337 9497 1412 2145 1059 5279 9164 2652 8525 1728 3577 1901 3074 2953 2404 4355 9548 3815 8567 515 4669 7310 1542 4142 7105 8550 4219 3235 8844 5743 5674 3067 3409 7048 5339 1983 5403 8851 527 7832 865 5944 5440 7145 4963 5194 6449 7397 3774 836 3095 4319 4415 559 7954 9941 3297 3426 9623 7333 1106 9715 6052 1933 4570 6173 1281 2087 1184 8207 4649 4191 8677 2751 423 1171 8594 6035 1620 1118 3110 2178 6357 10009 6641 5315 7534 6565 7406 8941 9618 542 2987 3801 87 2786 4674 2119 7255 1796 7814 3902 8350 2600 3782 8715 2521 5131 5801 435 4711 1397 6412 7086 5736 3470 6206 8064 1089 7888 8374 5089 6166 6712 8472 6475 8602 152 4066 3394 8085 5991 1560 9646 3121 1891 142 7677 2516 2545 1942 1156 3641 8787 7523 3629 7160 6228 442 8409 6889 1453 5544 2925 22 7514 497 731 3055 312 9484 2681 7541 2311 3857 5778 5634 9441 4381 4621 6063 3200 4015 6100 1815 2161 4592 2475 754 8221 3679 1607 569 4328 4456 675 1474 3830 9377 5188 5726 134 7582 933 2588 6392 3970 8747 379 6453 1427 70 6135 1660 1306 9382 3451 9131 9362 980 586 9048 8252 6571 971 4950 9351 8907 2294 6638 5840 5681 1760 2507 4463 4688 2862 5760 9192 6589 9963 5302 3432 8457 5794 5978 9974 6945 9695 7126 5266 4831 7896 3134 2770 1863 2727 3704 7706 2236 1696 2995 5003 3946 2211 1659 5015 8129 8179 9951 3339 2303 8721 955 7822 2574 8819 5568 5369 6917 3989 8975 2873 4727 1160 7562 5359 6304 129 391 2122 2436 9269 9650 7017 8515 9912 5882 4792 2763 9989 103 9743 7271 5664 4372 4801 1224 2800 5918 2539 54 5859 8959 6790 7930 3481 1950 4817 4473 7683 7961 9794 7434 8690 3374 8686 3107 6779 7261 8734 1077 8396 8773 968 8533 4491 4291 6523 8574 5598 798 6261 5436 7027 4102 1366 6486 1144 6018 8419 8893 611 8961 7610 5030 7173 295 5398 5704 4204 3049 3564 1091 6292 5879 3035 3244 9776 5502 31 95 6370 8501 2343 2630 240 472 6143 9254 5716 4133 7928 1752 5246 7973 488 9297 5293 9103 2391 2364 9678 9587 7361 8025 5868 4119 1506 8491 9724 5093 604 9510 3278 8939 237 6533 4440 2420 9204 9933 1634 692 8152 8988 9036 2648 7575 4566 406 7754 9810 3654 9567 9531 1336 1370 1994 9321 3462 7228 8051 9344 1848 382 7055 593 6540 6750 4514 8262 321 7422 9781 1850 4867 6680 3345 6216 9289 579 2222 8832 6090 7417 4126 7983 9237 878 4777 4742 5645 1028 6461 4047 5960 6310 5935 1737 8348 1510 1319 7493 779 4984 8639 1493 8586 4617 5811 7185 712 3932 9061 1714 7623 7795 4546 6381 5167 2095 5204 8464 6806 4929 4553 4034 2964 3012 6731 4854 7389 6935 7590 1643 2100 1049 887 1204 1671 5606 4073 3729 8316 1190 846 4091 6007 3999 2254 8030 1132 3887 5909 6283 3529 1835 2595 4901 4631 9834 6606 2499 5524 4690 9242 9088 6123 9709 3366 9390 9639 3511 530 3585 1777 4709 3022 6657 1431 5981 8235 8703 1700 5465 2467 2279 660 3846 924 3183 3177 8488 264 7345 4879 2735 6512 5105 7551 4656 6665 4241 4393 6273 6556 9301 8887 2612 5110 195 6866 3319 816 3555 2888 63 49 5696 5156 6115 1384 7297 5927 2846 2015 786 6983 6074 7760 9767 8012 8287 649 6495 1016 8753 4758 2209 2672 9211 6184 8113 9841 8646 3283 7863 7288 4053 2377 6679 3531 1296 5571 8761 3387 185 9408 8043 3198 1257 8430 2557 2485 3752 1588 9687 7912 4991 4504 3872 8826 2930 1789 6435 8662 1467 6153 9098 8442 4029 1356 3168 6872 5417 5420 3926 7483 996 3260 8101 4088 5328 364 9923 9803 1402 4424 914 2411 2020 4603 1878 5493 2910 893 1127 2696 7153 4585 3612 9908 7731 6995 5073 6236 824 171 4942 457 7773 7721 1240 416 6027 6044 6620 2354 3220 8919 7033 7324 2074 1889 4254 9597 1266 9129 4762 2042 1747 5347 6347 4365 8300 7441 941 3500 7467 9475 4003 903 2629 2943 5453 4262 9551 7459 7806 8145 9071 4488 1974 7853 9184 219 2280 8337 221 6402 7841 2891 1530 3088 4520 3495 6082 1614 9425 6923 4403 2180 3766 8804 8276 7905 2058 6320 1444 9991 7210 6721 3820 2833 5382 460 807 1523 3968 5616 4733 720 749 5123 13 9013 284 2827 6428 1802 6615 4179 6787 2743 7073 3598 1270 686 3732 9025 7094 8997 3547 1918 9854 7746 4783 5478 7694 2130 5484 5025 5049 1347 1484 8075 9461 7940 5060 5653 5280 6857 2815 3797 9112 2039 8009 4232 5625 259 9153 9529 4227 507 2064 1591 3353 3607 9417 8168 7658 1230 7711 4154 4343 6699 9316 3214 7638 5518 7354 6812 3145 4300 4910 350 9824 3894 9660 8295 7662 6701 7994 8199 5143 4532 2901 112 9146 9883 303 8133 768 8388 3630 858 6954 1038 5225 4892 8650 9336 205 9879 7372 4439 3742 4885 9895 8369 1927 2334 8618 5236 5378 345 9606 2246 7873 2192 3693 3663 706 3710 5581 4971 5211 5539 6845 7788 9437 2565 7306 6903 9755 
692 499
240 738
298 43
610 516
215 452
490 327
688 415
713 450
908 385
953 676
236 2
190 442
638 379
175 78
579 589
525 270
440 116
7 737
510 616
252 724
419 94
403 107
508 467
556 768
851 508
443 438
861 632
880 851
10 406
928 588
347 804
209 786
919 568
874 781
535 125
504 954
218 258
60 78
725 615
845 927
475 639
365 335
622 244
537 631
1 464
571 347
619 131
484 890
698 357
670 233
834 525
186 403
783 245
480 507
211 676
433 685
666 149
372 287
744 908
270 745
724 840
443 342
322 927
231 20
635 900
604 820
425 789
223 207
385 54
65 595
730 849
280 395
998 3
34 741
910 303
837 633
494 280
975 815
558 557
186 544
457 789
364 233
577 938
791 961
991 855
908 72
55 539
819 52
541 852
145 802
154 981
435 647
612 761
813 169
317 999
65 125
787 428
357 716
365 147
28 355
353 935
779 408
825 597
811 365
448 955
167 601
288 953
599 899
65 411
420 381
761 484
858 548
263 566
615 627
65 642
333 417
929 111
176 753
59 987
118 506
293 636
458 580
588 408
831 652
171 250
384 931
733 593
830 347
159 444
973 575
438 657
343 366
120 519
470 178
857 587
684 149
574 493
81 513
901 911
516 71
160 900
353 244
844 183
590 354
978 914
928 415
922 271
132 41
789 602
571 997
540 254
145 114
98 577
978 998
487 494
420 998
745 773
593 588
307 182
942 284
447 221
51 369
491 182
761 631
135 331
627 675
936 124
140 34
700 117
383 539
610 155
536 354
279 129
294 585
662 587
220 461
807 270
181 298
804 941
280 938
624 259
612 559
382 751
944 433
220 679
971 181
833 507
887 463
987 180
47 648
118 266
108 924
888 640
573 691
581 853
628 556
111 592
114 844
694 410
276 913
440 247
94 624
105 332
86 91
511 132
90 628
749 550
903 636
189 476
678 121
680 658
676 142
249 142
985 294
903 260
559 342
858 4
965 314
335 50
756 197
533 198
824 633
747 726
269 287
553 298
408 232
955 435
725 555
576 709
849 478
321 407
171 530
762 135
196 96
536 951
292 420
500 467
53 246
544 673
885 449
970 644
32 925
78 757
479 6
465 679
835 137
85 6
667 198
492 214
293 380
164 936
799 664
754 203
261 298
875 497
746 845
140 129
769 570
885 599
575 702
278 409
838 714
414 856
912 258
69 556
637 585
844 435
600 597
638 212
246 864
709 343
708 848
472 828
417 356
779 343
409 56
752 247
121 517
454 384
774 523
940 410
459 135
197 58
83 186
269 329
49 977
23 757
177 494
936 945
202 714
288 610
121 39
208 594
907 662
977 681
536 268
90 994
402 286
403 485
823 671
165 872
1000 187
980 528
681 915
824 234
981 111
195 453
501 403
46 408
416 23
88 303
290 529
648 44
167 50
880 989
72 44
860 423
230 839
950 262
106 774
847 438
236 42
242 89
444 288
496 211
662 935
513 303
815 160
346 981
561 225
970 632
268 181
407 850
372 356
463 829
481 310
266 69
351 859
157 146
146 4
708 807
938 220
110 104
731 807
85 291
32 406
274 651
586 680
852 957
388 315
137 868
976 754
288 326
613 444
823 758
447 530
917 736
101 378
840 831
184 276
121 567
681 394
218 618
74 421
927 461
735 63
680 710
817 968
387 429
763 209
186 562
90 454
649 190
20 15
115 492
581 147
238 150
765 663
571 691
123 657
753 154
719 921
473 457
349 588
18 887
149 107
340 797
297 171
989 668
537 455
160 469
602 397
619 366
59 541
408 533
549 512
38 619
433 863
76 133
450 93
19 598
199 711
746 847
233 86
515 769
541 26
589 142
774 207
859 832
99 618
716 1000
129 105
618 913
967 693
46 416
785 416
365 336
126 463
534 358
548 400
478 88
425 67
581 550
625 791
381 76
408 448
75 889
553 692
801 519
737 198
287 521
966 651
208 91
465 742
801 365
493 630
452 918
696 385
467 673
175 200
100 935
999 174
823 903
217 975
774 953
525 60
826 490
62 33
580 527
126 732
891 619
362 694
888 409
430 706
433 605
257 532
891 256
705 713
158 922
39 283
226 563
342 51
52 404
436 984
282 561
715 524
531 76
217 770
837 647
476 269
603 84
801 493
339 857
557 849
130 595
483 356
158 825
758 209
580 193
192 861
106 259
384 988
686 952
758 522
950 585
143 552
668 295
396 359
151 952
559 633
547 41
340 704
865 97
264 796
290 456
656 747
66 391
734 751
343 491
273 292
75 767
196 743
61 591
453 563
543 11
195 89
51 534
144 268
631 407
63 272
214 71
370 279
461 103
30 155
594 654
799 20
772 994
114 832
936 566
394 478
928 941
918 331
474 61
598 456
820 12
79 33
82 448
312 895
551 693
401 496
698 199
867 469
544 981
652 480
898 45
309 178
337 227
508 811
639 457
618 458
468 697
491 902
496 154
796 398
198 196
893 895
747 112
715 290
444 718
121 341
114 430
870 451
8 377
261 646
833 230
104 301
278 594
554 774
99 349
171 296
896 416
542 994
527 608
636 970
325 756
662 438
537 532
888 544
260 500
190 93
82 645
745 359
238 298
132 688
998 655
983 245
70 876
239 948
483 226
917 159
981 930
596 870
813 836
413 73
687 954
165 768
598 261
127 187
558 610
874 907
264 208
503 333
435 741
280 917
318 548
75 651
830 23
520 642
210 284
714 896
238 230
664 187
490 790
726 399
399 951
657 663
159 160
347 593
252 979
862 570
878 288
220 707
662 739
701 871
374 414
767 611
644 430
150 485
571 875
236 321
177 892
983 335
51 682
280 303
12 493
224 241
132 443
948 794
533 1000
16 906
413 782
869 408
563 370
245 133
596 480
454 772
371 788
459 774
821 738
428 184
582 651
425 713
445 724
858 329
723 874
586 487
7 806
895 570
175 491
54 770
970 859
542 692
999 1000
817 171
89 244
355 670
246 779
734 42
502 944
370 576
169 308
62 175
113 308
96 288
798 502
409 119
712 950
811 62
301 979
233 389
223 587
410 820
717 496
791 583
145 959
890 558
485 355
866 933
642 15
786 50
134 497
352 296
911 652
274 143
393 848
81 154
668 797
1 881
718 791
463 862
101 705
771 586
59 636
870 52
3 7
453 488
503 804
783 413
808 408
907 552
608 987
705 275
783 58
507 500
848 969
713 949
25 836
886 83
471 107
486 825
113 939
312 615
380 901
854 638
804 461
625 861
87 759
918 593
611 765
913 675
65 938
510 950
372 333
56 210
157 168
148 469
135 241
914 866
494 119
503 649
579 479
509 17
590 426
609 200
543 874
226 607
163 736
557 534
68 964
743 576
484 242
44 970
835 310
835 328
428 689
976 359
520 837
727 109
262 336
660 804
561 885
411 723
620 319
256 39
634 351
615 117
944 10
438 778
671 272
457 451
313 433
809 184
621 535
292 882
222 951
38 134
835 800
856 807
118 464
845 103
166 811
572 109
173 9
887 843
633 343
293 945
127 453
480 747
340 771
981 913
73 18
47 259
817 254
65 286
717 262
388 882
424 959
991 596
320 229
791 952
571 435
248 50
240 727
796 579
849 128
843 921
145 241
179 961
495 596
598 211
209 986
445 984
296 435
932 967
15 722
918 585
508 517
986 747
595 134
677 443
261 520
363 406
112 894
718 606
841 316
169 401
301 613
384 948
399 315
915 413
36 184
349 544
701 335
642 295
468 319
738 728
190 452
485 301
697 203
259 889
518 427
289 170
391 25
117 141
339 383
553 727
567 253
622 619
587 263
913 406
933 2
486 122
806 970
775 854
172 33
743 689
811 383
210 201
407 679
341 746
61 245
824 979
497 445
597 436
59 510
841 992
863 326
113 668
296 887
874 819
271 616
860 81
350 69
633 757
747 325
854 808
921 677
786 770
121 735
205 179
244 45
170 458
723 635
478 370
873 351
188 144
318 47
576 667
116 561
423 214
237 276
373 510
304 511
279 424
245 483
955 840
879 476
297 601
110 126
322 335
476 510
478 145
908 405
812 375
317 586
589 906
214 961
415 517
471 693
293 715
175 247
906 405
722 203
358 184
328 679
518 156
540 347
652 448
103 463
822 420
401 410
325 614
723 91
482 545
783 774
260 309
372 165
65 446
719 422
981 399
453 498
906 992
196 557
439 298
372 613
69 772
374 745
737 96
835 570
641 617
696 252
277 67
768 342
864 839
763 844
589 567
341 494
559 888
50 349
186 773
313 254
544 687
999 632
134 185
202 126
802 897
377 430
315 497
771 179
687 886
22 275
452 715
120 362
602 521
63 139
294 375
745 189
61 743
821 547
927 22
672 80
270 401
510 584
249 632
762 935
517 136
561 321
202 680
682 803
200 96
294 493
471 38
682 883
780 502
429 58
875 453
490 144
853 351
79 101
982 193
387 851
328 947
171 529
626 204
683 825
300 976
318 122
13 351
4 144
852 785
554 78
237 43
573 89
393 651
541 374
195 927
224 522
873 746
402 498
950 437
674 601
412 991
722 777
341 725
920 544
509 473
973 745
515 545
185 259
548 725
633 742
651 208
616 875
954 369
724 255
805 398
855 217
740 928
993 433
652 264
976 513
737 301
609 603
197 794
862 744
870 846
838 873
53 805
747 358
173 471
964 978
868 170
546 607
97 890
39 101
153 367
613 241
667 573
844 215
718 57
959 588
902 148
460 306
952 558
16 124
28 979
453 247
149 998
206 245
239 596
345 392
314 309
984 332
234 827
547 951
235 505
890 136
4 349
794 955
259 809
430 638
139 883
237 287
232 442
884 471
389 580
214 703
889 197
34 474
376 580
424 610
436 314
98 439
14 891
745 272
51 175
262 189
409 498
828 992
939 711
462 327
290 27
381 530
576 415
3 951
994 427
560 782
92 9
220 105
251 965
729 301
491 990
842 899
487 669
890 777
731 704
103 20
82 836
550 657
250 904
607 595
330 519
376 773
527 948
878 130
912 606
782 402
947 623
652 433
643 893
209 373
596 663
745 678
498 646
334 99
549 293
694 231
811 69
3 689
16 880
170 279
837 952
32 783
926 35
567 569
928 127
293 523
790 37
552 639
682 238
738 231
530 783
461 692
203 815
732 571
695 902
849 883
853 233
18 778
267 936
698 194
63 991
69 204
27 972
194 61
209 931
643 738
65 455
781 268
269 513
190 963
414 390
198 618
622 215
747 241
502 445
786 564
435 854
767 813
826 961
225 386
243 867
124 660
321 256
927 590
768 116
904 533
505 101
502 479
667 249
719 521
693 856
84 479
710 203
643 887
163 868
272 757
86 747
416 407
355 694
348 122
161 251
7 18
704 508
496 722
108 566
242 152
421 678
630 482
880 625
720 42
492 344
150 577
442 566
335 796
611 682
270 772
285 276
789 340
135 636
61 595
553 655
746 973
332 728
807 211
352 526
604 195
221 753
123 663
670 458
458 281
491 727
404 127
354 192
466 841
179 879
435 731
533 180
55 864
259 861
426 610
739 29
156 959
133 279
621 155
88 431
435 930
157 838
57 511
381 522
703 559
400 137
641 284
668 695
499 927
556 924
888 646
304 44
604 789
674 577
943 761
7 377
42 163
566 98
25 298
972 727
208 723
215 848
7 235
542 505
513 449
781 400
94 84
795 698
872 468
626 814
580 632
542 622
794 107
71 171
756 42
249 963
765 816
162 123
50 704
627 562
504 407
313 598
491 108
647 714
927 272
880 859
903 421
480 48
880 902
570 635
950 60
986 111
182 387
166 160
300 670
567 612
267 409
71 265
474 350
888 353
208 142
774 39
541 653
940 111
639 235
633 588
646 618
51 179
356 216
339 655
885 257
266 503
665 689
119 138
38 6
491 597
147 616
635 688
620 926
150 610
513 134
550 158
103 600
689 458
815 27
112 52
283 729
554 299
417 673
788 806
30 630
402 177
245 388
666 717
826 178
850 375
687 952
974 375
409 140
753 872
191 387
600 97
685 369
121 825
526 150
454 928
678 51
667 893
266 332
961 91
509 810
817 196
113 790
922 521
282 675
744 824
61 344
920 98
64 392
922 589
542 375
868 571
425 535
816 691
866 776
133 727
938 950
274 50
91 195
923 372
221 666
196 282
361 467
379 424
211 652
13 104
26 232
674 451
766 489
493 984
265 625
62 202
926 335
603 17
881 525
388 102
543 935
735 255
754 465
679 964
116 43
67 493
274 92
295 392
581 787
375 197
764 436
750 689
122 352
57 354
229 445
807 123
731 541
377 836
357 55
151 824
449 569
317 75
661 611
466 241
750 192
437 865
979 538
905 100
889 962
453 469
758 612
591 488
504 968
676 861
374 826
36 823
395 352
897 55
315 714
647 416
905 435
280 883
972 536
982 860
497 786
681 254
397 271
94 901
238 769
113 612
946 148
786 340
852 34
746 518
747 392
933 651
826 564
533 797
99 866
9 948
201 752
959 646
4 549
766 468
512 712
967 297
51 818
682 797
335 428
188 619
430 366
534 962
162 985
179 522
932 533
210 484
636 521
130 639
69 247
458 932
958 425
580 9
242 261
157 929
688 696
899 469
61 433
782 575
769 960
96 700
844 658
535 480
178 16
470 598
263 928
529 220
704 460
580 945
720 88
225 759
784 124
227 196
908 8
122 676
319 570
727 162
227 613
993 404
629 815
353 891
742 233
462 445
692 42
741 411
481 318
521 264
793 747
812 700
754 933
727 424
502 805
585 728
417 930
483 45
744 187
287 837
419 749
633 110
142 373
520 622
42 40
238 834
138 49
885 243
333 611
666 187
767 603
266 184
532 749
580 275
935 867
463 706
967 95
815 460
819 687
433 861
78 22
694 216
422 579
810 755
541 476
941 308
78 206
491 961
306 70
587 593
288 49
298 254
143 464
65 313
150 498
173 580
519 867
147 941
445 956
47 337
783 339
644 860
896 134
172 202
556 758
146 843
158 795
449 652
258 865
965 760
714 137
691 233
355 837
525 151
792 923
488 575
261 131
786 156
617 310
709 172
419 206
366 577
352 166
580 962
31 544
721 744
33 763
328 387
599 204
538 742
126 25
668 738
507 806
246 123
115 954
646 533
512 364
461 863
529 41
824 911
584 896
7 616
658 686
355 608
890 244
350 367
620 369
105 126
174 350
601 288
655 598
173 166
961 633
381 842
673 204
104 609
100 462
576 109
148 930
717 389
173 418
755 792
786 211
270 960
912 222
599 567
819 123
84 132
756 464
325 428
20 780
36 471
242 964
579 389
893 295
777 418
64 883
561 850
94 182
161 5
403 759
923 574
882 7
57 989
822 381
768 193
160 156
663 753
119 242
141 11
888 269
780 952
152 341
153 597
522 313
601 277
71 524
850 304
882 906
292 55
638 60
248 149
215 910
902 333
503 394
695 743
15 475
46 166
167 198
762 688
510 714
316 932
589 165
588 470
422 231
877 411
290 124
560 856
385 813
540 240
558 235
982 572
61 379
89 227
928 850
266 789
916 934
72 504
450 659
326 872
890 202
634 531
677 193
387 61
357 278
300 915
864 633
486 924
363 927
502 290
128 120
78 43
53 150
547 502
808 224
373 49
425 7
580 101
551 318
513 260
947 813
174 811
797 11
734 160
937 588
449 65
707 879
459 759
28 357
260 187
580 985
588 4
343 519
456 245
836 969
504 134
133 29
944 281
392 678
440 680
265 241
96 971
471 555
81 850
911 340
36 491
324 975
846 18
493 302
263 680
622 766
814 754
147 757
386 538
786 826
217 402
418 313
724 888
867 804
737 129
144 124
619 819
99 817
189 943
470 451
623 91
568 788
196 714
544 581
603 682
758 820
83 527
484 807
414 350
610 502
830 105
978 801
276 428
617 464
370 86
266 344
528 185
131 723
899 27
655 853
708 413
672 790
939 507
596 705
856 558
558 38
14 887
838 289
314 806
104 36
243 369
379 770
554 862
844 804
240 498
8 947
262 680
88 553
186 684
609 394
593 166
783 606
53 620
247 718
425 350
753 667
71 484
788 976
697 631
779 936
480 786
882 742
817 969
646 355
4 254
100 948
419 882
554 823
853 152
541 629
501 293
647 571
128 434
546 824
416 676
759 895
814 992
988 982
313 633
336 668
238 787
616 657
20 521
831 224
672 371
852 172
16 850
95 143
283 992
319 50
668 77
945 481
421 284
814 733
269 150
752 506
288 367
514 660
239 345
883 910
715 87
434 730
936 528
225 571
519 543
620 538
971 916
370 391
200 184
475 820
685 227
325 972
593 839
983 832
183 218
93 249
304 526
979 591
405 203
161 276
97 133
813 67
48 183
458 599
718 932
418 402
510 95
725 103
285 708
286 467
925 730
715 580
256 45
170 12
599 683
287 695
815 100
762 214
634 571
165 703
854 934
104 364
28 180
818 312
239 455
130 515
184 197
94 439
241 616
803 840
298 89
886 464
540 999
29 525
569 193
227 423
127 682
786 506
862 955
170 100
409 299
967 592
495 60
383 88
675 185
279 324
625 164
139 165
163 168
689 83
360 268
505 838
949 642
696 162
596 865
262 356
515 228
948 362
639 682
801 666
866 79
341 490
594 480
6 756
647 695
839 358
314 695
548 262
337 243
424 284
459 37
640 325
616 939
38 254
620 838
271 485
916 612
326 510
443 332
617 441
378 455
150 691
502 697
304 190
291 727
473 101
115 464
426 730
402 463
336 21
301 958
857 568
921 535
77 363
218 694
803 595
500 953
637 1
1 292
542 644
371 15
744 485
478 521
567 880
336 902
252 636
211 109
555 132
643 632
494 860
677 649
806 528
953 794
881 305
85 422
948 455
788 44
940 266
564 858
497 899
111 100
886 321
208 441
452 202
424 298
413 452
298 218
331 250
363 211
554 448
985 854
902 124
897 193
741 460
50 237
711 160
689 596
481 896
36 284
450 811
581 862
614 878
432 945
479 794
507 385
241 843
238 495
967 134
687 707
945 89
296 655
600 984
251 432
879 638
716 680
801 648
542 414
878 973
358 708
118 217
92 359
59 681
205 25
166 243
732 111
331 27
117 283
10 719
714 240
709 781
920 509
429 813
274 658
137 984
365 254
200 809
964 258
489 168
635 655
411 366
117 93
392 233
727 753
952 441
992 660
221 263
520 1
75 793
658 211
776 375
817 327
183 780
585 671
300 219
325 62
936 441
154 679
26 233
431 977
673 774
988 245
37 507
246 111
651 903
674 779
277 490
105 811
621 41
482 920
611 158
981 546
951 487
224 976
719 6
304 391
780 291
635 816
149 232
278 799
487 303
577 115
144 34
926 765
74 407
684 685
916 17
230 866
503 806
841 573
811 496
315 590
786 301
757 286
533 387
85 19
41 13
133 185
46 410
949 472
816 984
156 84
1000 737
949 854
542 142
426 705
637 740
646 775
41 755
60 925
141 496
943 181
861 427
717 258
837 665
729 4
1 884
87 352
973 388
206 514
881 983
218 517
723 216
643 115
970 55
39 110
642 114
111 711
372 299
727 100
303 727
336 741
79 308
480 636
173 360
618 743
229 692
958 871
158 927
277 548
388 179
232 381
292 343
91 15
641 818
467 295
896 802
388 326
461 867
961 985
227 931
727 455
974 36
677 132
962 954
31 701
484 263
434 127
605 524
494 597
693 960
892 941
113 279
266 573
497 579
557 723
509 636
529 834
671 206
317 985
511 348
685 346
610 118
824 566
994 317
514 38
628 757
978 740
387 244
664 884
822 573
606 682
208 135
515 230
692 184
214 554
531 251
899 492
368 74
409 713
743 922
751 370
679 728
110 65
971 125
300 144
697 906
177 256
392 44
838 83
227 51
636 109
301 886
600 21
959 8
733 701
281 835
71 311
563 532
728 885
8 27
381 57
932 557
664 675
952 501
757 178
552 744
286 204
629 237
576 940
596 661
992 877
495 414
539 57
297 266
294 305
293 674
361 576
582 376
603 534
877 359
63 780
455 701
983 435
937 559
374 885
571 718
761 65
131 299
474 428
917 767
732 561
792 444
136 373
819 738
258 695
449 673
474 255
373 809
689 661
719 415
545 289
132 657
353 262
956 178
41 224
944 772
784 87
567 271
460 738
361 69
784 809
741 610
415 465
418 455
126 488
869 670
776 352
679 480
966 986
10 6
209 953
130 992
40 696
262 851
785 622
271 569
782 12
178 548
476 947
3 601
434 871
623 561
575 301
392 540
638 401
897 846
706 26
837 97
74 450
947 858
424 217
426 205
580 955
105 56
901 107
8 334
329 982
246 903
634 638
794 271
38 691
468 743
68 656
839 493
106 137
703 529
706 128
85 637
435 189
692 335
647 52
21 976
385 266
878 371
903 24
993 293
66 461
35 133
116 226
978 221
714 680
101 771
159 538
408 593
78 451
928 725
854 948
700 239
565 929
961 468
952 953
760 17
413 146
502 529
723 479
101 437
158 554
207 668
443 966
261 872
417 540
596 270
839 647
860 403
928 820
870 879
773 981
248 185
479 101
65 201
931 518
637 440
423 196
107 865
161 367
88 577
258 684
199 96
682 58
499 609
878 720
840 650
53 439
186 531
539 603
731 821
120 720
260 894
267 366
110 427
85 197
356 342
232 906
438 914
963 288
874 840
7 65
841 411
855 27
941 745
981 672
565 452
743 824
345 9
190 454
787 274
2 142
615 234
47 404
499 362
691 372
201 50
789 394
460 643
772 753
388 752
776 952
203 518
776 899
526 317
704 312
942 705
806 908
938 204
312 436
565 354
160 118
403 300
511 215
942 634
967 681
385 742
633 939
611 760
189 136
428 892
799 369
596 956
276 886
160 939
673 76
293 184
193 47
483 55
261 425
688 227
457 424
320 89
362 930
200 902
417 979
793 568
347 389
523 975
626 682
913 298
110 557
482 302
604 964
357 864
740 396
443 197
820 762
637 533
44 189
435 460
167 227
27 866
967 550
840 944
583 104
242 692
661 75
346 616
38 54
831 130
449 273
678 620
387 666
153 430
854 939
889 373
517 268
238 484
817 429
427 751
884 20
795 896
94 140
511 484
545 342
613 993
614 642
613 352
307 117
781 513
55 22
237 571
289 474
406 457
254 185
207 137
204 353
33 650
844 895
133 388
236 97
733 202
738 345
905 396
813 686
260 867
707 496
789 347
321 195
803 574
379 361
63 934
714 447
583 909
341 67
297 929
163 29
482 252
725 386
648 537
71 907
755 129
403 543
475 75
89 277
649 819
990 63
753 703
509 687
611 849
129 268
639 610
520 363
996 519
251 418
777 5
547 179
900 373
254 988
2 254
159 991
316 263
693 824
949 655
24 406
266 153
674 904
114 545
267 109
63 869
527 839
874 425
370 125
797 975
464 798
580 622
788 247
884 832
422 185
839 445
590 104
949 615
359 63
159 625
523 573
494 49
764 719
825 485
195 622
811 658
771 390
280 911
636 515
94 57
699 932
853 641
387 802
255 746
216 766
722 738
338 567
139 453
637 963
937 831
936 747
841 707
488 472
969 475
986 62
531 37
994 736
677 732
889 283
477 104
48 551
193 386
117 331
190 754
646 127
936 581
225 776
639 65
247 607
539 233
669 422
621 14
157 649
745 45
931 574
500 979
124 692
716 240
375 905
345 20
383 281
952 608
56 591
672 303
549 562
887 569
983 507
582 139
155 679
183 437
604 34
415 727
726 130
318 100
387 663
471 769
943 422
728 350
364 751
652 913
313 890
481 295
748 415
434 902
445 968
339 48
354 105
774 79
587 91
530 973
105 1000
741 47
773 469
749 137
219 400
49 883
642 881
178 389
647 963
643 91
282 333
138 635
437 263
65 23
706 594
995 810
945 88
209 718
908 957
854 478
708 254
361 349
134 890
90 133
204 732
223 485
64 713
472 500
975 536
875 32
482 869
194 426
308 402
495 215
710 348
693 769
601 405
470 87
294 559
219 497
290 793
333 705
505 804
204 832
692 78
215 173
299 408
950 958
809 445
173 870
792 217
991 745
621 460
183 266
18 401
762 659
193 446
363 50
250 918
233 293
348 447
817 998
855 766
955 15
562 479
237 706
695 227
450 667
686 632
932 55
384 45
713 928
491 427
329 92
344 561
736 691
8 552
688 862
317 995
228 879
473 464
584 520
690 385
538 375
368 470
429 103
866 493
30 708
919 711
151 615
271 886
657 278
437 345
491 106
691 71
336 163
534 271
34 224
7 572
950 374
393 379
828 610
223 209
318 142
919 820
108 190
706 764
819 494
460 662
951 150
732 286
665 265
908 698
488 914
621 790
639 13
168 466
623 742
675 292
235 593
111 342
134 168
106 953
14 565
614 964
67 345
250 731
609 509
780 449
775 401
238 413
765 757
231 739
850 257
382 85
201 845
426 335
12 883
287 25
448 252
341 866
596 942
596 556
450 727
356 224
479 945
989 244
53 219
334 903
827 68
339 27
912 764
361 275
652 798
602 992
663 549
933 258
457 382
984 812
958 463
109 946
58 161
516 743
415 342
810 753
720 721
869 433
348 867
783 999
664 385
990 326
933 274
935 389
7 918
553 964
732 13
261 141
173 128
884 940
821 693
692 541
766 912
973 113
778 107
111 441
491 452
118 776
725 52
164 731
322 68
47 53
80 307
194 605
435 429
896 607
121 587
147 238
851 471
350 628
578 812
421 420
263 538
195 339
942 711
70 263
778 116
667 210
774 212
166 560
640 61
167 113
999 665
350 849
136 52
477 65
863 249
484 478
138 679
816 79
741 237
693 870
352 360
79 478
571 244
389 563
656 555
675 655
572 24
503 707
427 331
123 290
931 606
767 69
636 582
499 376
819 192
246 522
903 676
351 825
272 740
387 927
646 61
581 217
437 84
275 863
766 397
152 697
355 270
117 990
204 615
718 374
158 963
247 60
990 598
885 261
689 271
188 334
684 768
903 472
203 177
334 321
926 838
17 280
459 133
621 662
99 338
35 257
652 282
668 642
231 904
254 919
527 441
604 210
561 506
681 115
35 366
435 312
203 451
943 662
935 563
675 34
253 710
642 904
343 309
897 573
213 151
843 739
943 446
948 503
304 980
618 690
345 404
353 900
855 295
561 141
857 235
174 109
296 815
365 990
124 613
562 688
115 756
426 58
202 725
912 857
56 529
898 400
285 250
299 139
544 211
279 752
798 805
213 93
619 577
435 94
541 348
781 656
104 558
713 657
634 624
865 689
505 762
89 789
11 739
279 554
950 909
657 747
713 869
191 684
797 977
777 338
325 910
993 428
819 57
436 453
32 300
141 888
61 229
676 71
968 306
976 269
215 632
367 279
501 909
962 649
886 91
986 210
1000 330
989 170
738 424
622 770
723 763
657 783
343 685
205 310
342 180
930 556
163 296
187 15
557 148
664 442
238 1
651 589
683 991
759 420
414 732
494 198
270 837
234 826
498 575
357 428
483 519
75 669
886 631
168 549
424 758
901 426
698 583
416 808
3 829
540 543
316 33
92 937
221 325
762 719
252 118
498 86
