100 100
47 340 16 129 9 208 891 549 28 78 5 188 25 802 9 495 43 5 306 16 116 71 29 48 206 5 335 127 3 18 9 78 881 544 17 530 48 5 76 28 1 325 10 855 124 201 45 521 121 322 27 4 72 2 15 197 844 8 69 7 292 110 41 24 14 770 5 182 475 5 18 90 387 55 11 630 240 147 33 5 2 488 43 792 3 115 16 184 1 9 26 300 69 15 71 10 3 4 44 27 
23 34
73 75
21 49
6 10
56 58
59 60
27 92
48 98
50 53
94 95
81 93
94 100
56 69
47 54
49 57
13 13
17 19
43 62
96 98
97 100
1 99
33 52
70 79
3 100
91 93
26 34
13 15
26 42
47 57
94 98
15 18
30 68
57 93
14 98
25 55
30 42
26 29
62 68
100 100
85 89
9 64
6 8
38 43
29 35
15 47
25 33
3 15
95 98
60 69
36 43
14 53
35 46
55 94
17 22
23 34
35 46
19 97
48 54
72 73
17 90
48 51
12 14
82 91
81 91
31 95
47 58
23 33
95 100
5 63
59 68
33 37
3 4
73 74
94 100
79 97
32 82
7 34
97 97
9 94
30 56
36 39
85 88
27 89
74 80
26 89
25 34
33 44
75 79
10 11
53 55
38 44
1 50
83 89
3 85
50 53
36 44
16 21
82 88
70 73
72 76
