100 99
345 130 903 558 30 212 18 81 5 48 9 69 185 489 5 41 24 14 112 301 6 791 8 297 42 778 112 69 481 26 16 5 183 476 110 292 181 69 768 25 7 16 5 41 1 907 79 211 50 28 344 559 130 18 9 6 3 767 40 25 180 14 8 69 291 2 3 474 110 134 30 81 17 219 575 9 5 51 933 355 13 51 86 948 224 138 5 362 586 18 32 5 59 12 21 36 4 98 6 160 
15 92
3 11
46 57
13 20
23 31
2 11
59 61
69 75
36 39
12 89
45 64
29 29
5 14
76 83
83 89
68 84
85 90
79 94
38 55
74 79
51 53
43 44
47 58
24 33
20 98
24 34
51 76
10 64
7 65
47 57
70 94
81 91
62 67
39 40
15 21
3 84
63 68
82 89
2 8
1 95
93 100
40 40
36 41
71 76
83 90
20 49
73 85
9 23
6 68
38 54
3 100
18 72
23 32
13 96
73 75
44 44
93 95
5 62
14 19
48 51
28 30
48 55
14 84
68 77
87 89
22 29
94 95
36 38
71 79
22 99
81 86
62 62
9 80
95 99
41 98
58 69
84 88
12 20
21 40
13 18
37 41
68 83
26 28
15 85
86 100
3 70
55 72
4 96
58 69
5 36
1 23
75 83
3 12
17 33
1 11
50 54
6 6
6 97
4 26
