100 100
28 79 338 887 19 208 128 6 2 546 9 47 42 15 808 190 27 116 71 498 4 9 306 2 4 6 601 228 140 32 2 19 11 51 970 86 369 463 8 38 283 13 749 4 176 106 67 25 28 15 74 5 121 520 321 9 841 44 2 196 4 987 18 4 610 31 231 376 86 10 52 142 40 8 108 286 16 178 5 24 68 754 466 3 46 841 2 74 17 122 5 518 322 9 28 196 5 1 9 18 
8 81
48 67
41 53
73 84
35 52
3 12
69 86
85 85
28 36
1 1
15 22
38 48
97 100
86 92
78 85
80 82
2 99
2 96
1 12
27 34
87 92
27 54
13 76
40 48
78 79
54 61
91 92
11 24
87 95
14 87
64 66
57 58
44 51
2 8
4 84
46 46
41 47
61 70
33 53
1 5
44 87
97 99
61 71
15 96
34 53
73 73
74 84
32 37
13 24
27 27
19 21
86 94
98 98
18 26
16 86
1 16
28 78
33 44
21 69
2 100
62 71
58 88
18 66
23 23
1 12
38 42
4 6
23 24
97 97
53 55
44 44
35 35
86 87
4 100
16 23
46 84
73 84
21 61
5 11
49 60
60 76
76 77
13 24
98 100
29 56
91 98
31 37
32 75
88 95
61 98
29 49
8 18
73 75
25 90
20 21
63 67
53 60
2 8
62 68
52 58
