100 200
51 90
13 19
4 100
25 64
13 51
23 47
44 74
17 56
45 87
45 96
30 89
68 77
47 77
71 94
3 54
6 20
25 52
26 98
74 80
15 53
62 95
11 18
26 69
58 85
82 99
1 8
21 23
63 76
11 17
47 50
89 98
2 44
2 69
18 70
18 22
28 96
5 69
64 71
1 2
28 57
19 95
3 37
49 89
31 73
15 78
15 36
8 50
78 88
24 73
25 38
46 64
6 72
21 72
59 60
8 61
3 73
6 94
35 62
53 78
28 35
27 43
40 94
4 45
29 30
10 93
16 56
30 95
42 91
69 82
73 93
83 93
44 51
15 87
41 95
40 74
49 57
16 55
75 94
19 23
39 95
21 33
3 50
48 87
10 59
9 69
18 43
4 47
1 67
6 71
16 79
45 70
52 75
34 96
6 47
87 98
35 63
4 67
2 40
16 78
42 57
9 35
14 85
38 46
22 31
10 52
19 98
10 68
2 24
25 34
11 47
80 84
8 67
70 84
22 99
62 88
13 71
67 99
12 18
33 99
33 70
43 97
4 12
67 81
6 69
49 71
24 38
31 36
91 94
54 64
22 43
73 82
65 98
30 50
3 25
25 88
18 20
57 66
10 35
65 75
37 80
5 50
1 91
34 37
9 60
39 88
3 67
49 63
47 82
31 72
3 31
23 88
6 60
26 31
35 70
33 42
20 33
7 31
3 62
9 48
46 75
43 65
10 58
80 81
8 72
3 5
76 98
39 59
65 91
5 21
65 80
62 63
51 83
53 56
8 60
22 51
43 88
1 73
47 89
53 79
81 87
20 48
13 35
25 98
17 19
58 77
1 80
15 49
37 68
45 58
1 97
2 86
66 96
43 64
52 86
9 19
26 56
56 62
30 66
3 14
86 99
