500 1000
59 292
218 223
58 135
50 427
109 114
117 272
38 169
308 500
267 301
194 454
109 211
9 203
60 338
403 498
147 389
139 390
164 397
310 354
215 467
238 313
100 447
351 478
85 252
69 77
377 401
75 310
119 489
196 319
107 256
85 113
299 378
103 323
193 253
94 482
47 380
135 233
244 399
162 381
272 370
302 440
42 188
79 408
21 222
12 189
233 438
330 418
242 368
358 491
85 409
71 445
65 440
36 468
188 468
121 276
64 66
138 444
378 469
3 231
33 286
202 237
180 226
40 391
325 338
348 492
210 316
342 399
142 148
221 266
258 313
19 425
93 322
58 237
22 370
246 415
93 169
22 361
102 383
279 495
74 122
209 217
251 490
69 390
83 413
37 492
241 466
74 382
312 364
237 463
64 357
25 125
265 341
392 411
399 464
122 404
59 381
370 412
11 87
239 395
190 248
160 438
37 149
77 347
429 464
118 482
110 491
204 208
82 210
69 257
93 259
298 399
105 199
95 101
144 161
348 382
385 387
118 344
37 489
58 128
196 322
175 486
220 498
27 324
128 433
16 20
190 247
48 285
78 497
182 218
261 385
111 252
11 183
249 348
19 333
445 493
73 323
238 435
84 378
126 300
112 192
251 431
92 297
202 352
24 135
28 186
14 123
176 376
80 304
345 371
345 443
22 116
270 354
45 494
293 301
13 428
155 248
44 484
92 168
237 393
30 50
201 241
142 369
328 397
259 321
283 467
62 266
53 93
185 362
114 311
134 229
252 320
60 165
245 458
220 341
288 382
130 140
13 175
89 405
6 263
23 452
317 414
82 143
241 310
36 230
23 155
62 102
228 298
110 175
1 407
44 475
172 177
8 148
73 355
428 494
263 487
39 209
489 499
450 465
172 174
140 386
179 226
361 486
53 64
161 463
86 325
89 188
215 235
397 447
87 119
127 297
236 490
44 453
38 226
25 261
225 373
228 303
227 322
97 417
75 148
174 489
73 205
53 147
55 226
77 355
97 305
296 477
133 229
332 401
191 335
126 356
175 263
202 264
100 292
4 415
352 477
168 175
202 288
428 480
308 489
171 491
205 454
329 443
42 152
52 475
160 452
73 149
47 482
70 365
323 493
233 335
186 229
212 279
279 467
261 372
315 433
111 388
385 413
244 320
14 240
57 240
67 403
246 346
85 128
246 285
309 429
146 205
324 349
12 210
405 487
283 348
33 387
7 387
171 232
161 424
21 229
106 375
75 231
279 472
271 320
128 171
436 474
255 387
325 429
115 380
52 56
155 187
238 496
200 285
201 461
189 498
59 94
68 100
27 439
206 407
21 318
6 459
183 274
158 184
14 438
258 305
160 446
113 277
190 496
249 342
121 442
163 278
152 353
356 382
181 420
353 464
261 469
253 420
97 436
181 246
67 290
412 415
228 242
72 279
46 287
88 395
194 272
122 215
49 133
282 412
311 335
155 222
103 259
28 102
207 225
48 119
13 196
10 306
300 488
92 212
54 137
174 321
16 369
31 237
274 440
40 257
176 233
334 357
159 418
160 418
53 222
3 373
8 239
411 488
184 498
11 284
2 119
323 359
58 151
158 281
336 464
80 449
41 250
210 212
17 409
326 481
425 433
240 309
247 483
151 358
98 403
31 110
242 465
264 326
333 394
103 243
225 333
159 224
90 149
176 244
217 378
123 392
160 379
109 281
10 163
222 277
307 322
218 494
346 413
272 348
226 276
208 268
382 440
166 218
30 81
66 309
117 209
16 251
298 325
65 70
179 323
206 431
36 402
84 90
388 458
75 129
85 465
230 353
122 260
116 274
8 16
207 495
251 493
264 475
433 441
67 289
36 295
204 440
218 266
132 168
199 288
233 449
148 226
120 170
25 218
112 290
346 397
163 365
294 436
137 227
22 210
469 492
113 414
11 143
80 427
88 414
423 429
174 252
121 311
90 431
343 489
106 274
30 452
193 285
3 343
354 365
413 488
204 417
277 400
78 286
104 399
10 410
251 416
289 391
99 459
99 472
348 480
18 441
38 176
68 211
157 184
210 434
13 177
202 252
28 418
75 201
161 454
69 265
158 347
14 170
143 238
314 455
354 472
126 452
256 338
361 368
241 441
58 61
205 266
219 351
374 489
293 470
61 183
58 265
435 492
113 205
239 474
167 344
152 455
102 403
73 124
58 169
44 247
193 194
293 436
66 120
60 273
236 492
92 347
184 389
238 241
315 482
244 269
79 255
91 385
97 450
209 370
42 395
349 458
207 395
56 417
177 408
149 266
264 414
329 404
94 472
396 462
47 323
345 423
163 409
371 476
273 372
52 202
205 493
4 14
16 394
49 76
211 447
49 175
302 389
133 217
57 67
336 448
414 475
405 470
114 247
21 408
65 482
33 386
45 266
47 456
276 324
63 231
88 233
291 464
353 360
233 261
282 387
86 271
9 301
76 110
186 257
191 352
82 480
246 474
104 184
90 133
32 227
157 187
243 357
238 256
27 393
292 500
160 498
248 417
191 430
327 447
32 92
11 323
32 75
320 474
161 208
93 265
60 253
124 199
269 355
98 241
259 407
120 198
204 483
345 402
2 376
420 476
239 311
231 262
295 334
124 337
38 360
15 25
71 182
284 410
60 259
287 392
293 309
184 453
242 374
155 441
348 465
216 310
206 261
84 487
231 255
461 496
250 305
433 456
227 447
33 378
206 477
371 484
63 116
88 142
26 383
69 320
163 187
205 388
49 72
203 493
265 495
74 468
388 468
409 496
335 371
287 322
342 436
404 484
16 171
173 390
392 474
24 32
73 247
1 439
283 415
246 309
304 409
232 391
109 239
126 254
366 481
86 93
395 414
233 292
333 451
75 446
63 291
54 124
54 106
3 166
373 473
4 177
48 51
392 438
24 464
31 222
103 296
109 285
296 483
215 478
253 411
253 455
230 384
71 216
206 364
192 406
71 320
103 295
30 286
258 483
65 432
33 384
348 416
182 332
21 437
376 431
24 329
183 264
15 99
446 492
113 241
58 335
3 417
18 196
178 380
270 387
452 476
227 258
20 395
248 271
51 470
455 478
79 404
37 479
308 422
145 388
217 435
109 436
190 434
98 187
27 294
249 314
127 317
251 268
82 274
330 475
317 394
186 471
224 496
64 274
243 431
214 317
275 397
208 449
329 436
156 366
36 208
14 111
277 496
110 426
346 420
192 295
399 407
145 303
22 77
42 319
251 439
16 24
65 124
282 308
85 120
36 255
33 458
244 292
82 394
247 488
149 442
249 422
245 475
318 445
23 433
254 425
242 348
405 445
337 481
14 374
176 434
337 338
125 479
196 403
182 202
351 455
1 73
82 490
168 235
94 413
357 373
55 93
402 460
69 175
283 487
125 458
155 323
82 287
167 221
432 444
96 135
106 281
234 364
50 147
106 262
35 276
50 112
312 489
32 421
225 496
157 409
66 253
142 235
137 262
29 488
159 487
235 356
82 187
54 294
103 404
210 332
302 452
272 324
241 314
17 167
124 305
161 394
259 272
88 393
146 485
165 339
163 173
104 426
334 426
163 413
230 344
95 213
79 484
180 497
439 482
14 197
25 247
409 481
87 254
244 285
333 393
405 488
247 348
369 388
196 358
176 463
33 498
249 476
311 413
407 476
267 491
128 166
210 360
243 388
63 221
44 284
25 467
380 488
224 371
139 410
405 462
127 331
57 330
139 248
224 447
66 269
184 186
321 404
14 349
130 436
294 356
276 480
91 98
84 293
396 456
38 209
35 64
299 461
423 490
302 454
391 402
160 185
174 185
24 108
398 476
35 88
147 271
103 456
97 467
47 193
7 131
311 455
141 267
65 226
345 449
307 320
151 285
174 495
337 409
134 218
67 230
300 412
99 419
129 421
50 62
86 359
419 469
17 322
11 54
10 148
27 303
317 413
311 354
216 321
121 480
51 302
290 364
12 201
198 283
276 488
54 129
160 288
453 478
217 423
23 138
311 328
369 470
242 375
41 80
62 283
39 292
131 202
100 260
92 360
45 427
87 453
339 404
291 450
317 496
289 387
32 498
276 496
237 283
89 322
72 458
278 456
140 235
156 364
225 391
88 392
260 446
325 378
88 101
15 192
95 160
347 491
231 346
236 314
272 441
63 500
3 454
189 499
382 387
178 256
1 225
371 430
67 278
2 223
129 320
70 307
226 356
254 290
190 316
316 405
91 199
20 387
230 232
38 248
442 448
7 39
70 260
49 285
6 38
352 446
76 210
261 438
114 338
40 243
181 212
286 395
136 394
236 489
22 259
66 424
176 436
117 397
91 313
53 399
272 326
137 429
50 289
253 395
224 370
164 447
135 175
378 400
262 413
340 450
433 445
147 295
58 193
452 493
236 451
25 258
146 423
163 266
56 216
354 487
36 499
477 479
329 408
229 387
28 379
321 470
161 499
48 460
11 105
215 219
425 440
214 389
64 323
49 349
188 404
82 304
45 132
387 390
55 398
83 363
180 495
