1000 2000
223 588
417 656
630 662
294 850
373 817
168 786
180 514
11 622
288 753
808 931
365 647
298 570
415 563
667 844
280 514
30 630
493 972
41 934
526 717
520 913
655 983
108 569
42 344
167 585
155 838
267 471
413 728
209 805
576 930
76 990
192 991
481 728
586 904
209 651
32 971
471 754
458 779
74 834
535 630
771 908
624 878
224 392
29 875
255 974
598 621
527 792
164 605
148 186
8 286
201 717
272 636
470 853
693 854
114 234
72 484
28 514
1 429
538 595
325 383
291 909
99 800
105 366
59 862
296 747
8 957
895 977
325 810
606 996
377 433
325 761
284 716
65 861
604 645
58 373
89 481
118 866
351 660
160 480
542 841
61 509
233 735
530 669
10 833
161 301
196 747
379 968
333 981
573 673
83 868
541 787
184 233
148 639
736 890
318 998
455 587
754 918
520 926
234 675
68 125
765 992
355 584
379 663
58 864
629 745
100 430
470 553
615 938
167 252
288 905
323 816
84 845
311 560
178 438
850 920
640 992
555 854
499 972
213 935
659 804
293 418
9 718
474 843
587 839
421 954
642 964
647 701
325 898
143 838
401 739
134 175
618 758
311 323
281 538
157 707
9 176
272 448
136 223
93 676
72 557
530 990
423 876
450 725
280 962
224 589
690 835
415 632
419 438
141 890
46 663
24 894
217 495
90 696
316 607
156 471
150 980
144 725
159 832
179 665
294 620
248 684
780 941
471 863
204 681
40 832
811 900
266 605
70 975
59 368
353 402
240 268
604 972
87 183
139 496
323 553
91 756
729 940
5 282
176 804
165 476
480 638
665 872
610 825
320 543
476 610
407 463
499 985
142 544
381 488
149 553
339 748
864 931
276 601
227 471
51 270
667 787
355 365
774 803
162 758
356 867
77 651
6 190
70 547
260 907
168 559
846 891
416 795
586 761
789 920
245 483
381 606
196 370
614 617
445 853
25 838
111 445
76 80
527 742
681 893
14 243
29 481
703 723
101 485
833 943
792 983
373 836
500 569
182 872
57 297
454 691
644 686
267 476
806 817
271 963
200 272
26 154
471 633
215 925
27 745
621 646
465 511
292 914
431 518
157 291
371 790
15 90
735 943
546 652
326 589
385 833
284 677
362 871
284 644
211 874
363 493
456 620
727 788
307 923
439 635
514 602
260 456
446 697
524 665
138 186
95 712
405 482
556 891
13 377
533 622
581 800
210 244
282 391
375 902
826 879
54 297
46 594
36 272
132 936
419 628
667 691
189 719
564 785
146 187
362 644
341 919
176 884
564 610
508 865
59 693
342 626
384 593
489 653
270 714
312 522
286 301
113 877
34 247
46 585
165 684
486 625
540 629
252 278
455 467
22 607
80 803
23 867
744 867
98 628
538 623
104 198
315 429
218 993
682 836
57 541
539 912
110 395
137 504
702 875
222 368
198 381
362 549
459 637
9 496
17 317
232 407
273 904
182 427
664 798
110 862
34 220
47 309
49 764
13 114
633 725
117 954
309 658
312 754
320 961
497 878
111 714
417 631
228 385
494 910
346 748
107 951
101 190
584 723
303 586
681 991
82 401
600 712
388 524
22 856
85 272
108 656
709 719
645 905
910 994
20 558
691 840
220 428
205 567
83 725
81 727
232 551
59 877
210 587
499 947
191 444
247 989
119 480
202 551
260 572
259 926
821 980
172 473
950 961
69 297
552 572
137 646
418 839
830 941
153 771
152 361
114 734
16 640
581 666
145 942
737 766
22 717
292 519
255 894
193 813
320 341
167 879
103 769
98 557
172 858
683 778
768 897
102 760
199 383
15 679
171 924
160 610
519 541
466 869
409 794
206 952
341 578
99 563
584 763
761 770
363 462
160 241
383 985
550 925
51 916
520 772
662 922
649 720
355 825
632 766
144 431
334 711
525 720
356 625
4 778
269 462
41 906
86 408
103 821
274 511
237 368
637 979
55 915
842 883
240 875
146 869
346 829
802 844
543 575
25 354
791 948
144 718
9 786
268 522
279 342
57 359
298 435
57 178
140 211
94 767
454 500
216 978
172 888
490 972
43 191
84 370
155 927
726 800
40 180
357 436
622 661
84 131
671 762
594 650
151 812
77 180
575 889
87 922
341 858
94 898
721 872
221 347
149 204
5 614
555 586
168 439
140 810
86 473
103 825
856 946
128 994
173 517
357 433
579 710
256 375
60 197
162 250
143 929
28 983
354 442
66 89
48 207
500 540
217 901
421 934
820 940
269 853
462 697
41 178
327 997
10 835
505 770
45 933
512 639
393 492
139 566
454 788
503 857
507 835
169 924
448 777
62 270
270 597
314 951
437 978
530 703
143 329
53 72
371 658
694 750
749 900
313 979
35 253
325 911
451 575
125 249
355 840
221 433
151 183
143 152
353 602
251 877
133 388
501 611
266 639
687 736
128 295
490 1000
63 495
74 489
145 794
273 406
515 548
498 893
187 831
486 811
678 880
267 847
500 874
649 650
316 549
352 362
23 447
81 683
111 811
430 510
722 816
469 483
662 881
292 978
329 855
303 385
14 307
177 949
405 693
372 442
357 417
524 550
129 533
628 711
35 435
367 896
305 884
513 688
333 621
124 655
462 848
602 897
730 984
395 626
319 508
315 695
397 543
212 509
169 382
322 644
163 430
2 955
806 833
28 400
398 698
588 666
46 852
430 462
52 737
218 462
133 401
535 680
531 867
347 647
607 783
693 976
330 643
41 733
151 703
578 689
181 581
561 918
421 858
108 504
189 620
229 855
423 835
305 428
60 781
579 787
441 977
182 425
121 598
113 513
254 282
385 913
61 717
174 957
93 698
18 530
173 650
157 984
266 317
5 625
358 725
755 825
177 369
79 994
85 119
387 753
303 989
212 534
219 222
378 581
493 855
185 795
861 938
655 980
378 826
298 961
329 586
493 502
359 744
745 753
35 320
41 289
760 863
140 979
111 391
575 822
546 610
304 794
364 565
546 572
310 500
448 667
127 530
207 372
214 962
220 615
623 846
86 345
601 801
285 314
472 842
80 171
218 432
809 967
123 419
17 182
558 825
288 783
232 622
637 808
458 852
353 449
65 464
103 945
484 707
244 734
605 847
122 818
196 359
262 463
65 283
340 913
188 642
143 231
146 431
34 582
60 819
8 633
229 586
337 526
165 446
221 275
793 923
148 642
358 676
143 519
102 468
447 509
784 864
186 545
571 922
478 544
725 867
378 990
306 769
7 272
584 650
606 669
516 525
680 868
198 272
565 917
475 639
172 320
802 931
373 998
661 957
523 805
298 348
369 618
169 483
577 764
6 410
541 675
748 793
512 914
343 604
78 634
226 238
228 231
601 941
418 503
446 468
316 908
653 982
10 526
98 146
784 915
48 128
18 906
828 992
439 791
390 591
266 839
475 633
150 725
137 225
589 673
420 558
153 739
141 626
317 483
350 826
581 900
384 412
141 937
345 898
687 870
415 825
553 995
177 965
34 785
188 510
880 921
481 771
100 103
154 314
678 716
251 599
301 882
398 765
669 913
32 827
234 928
466 599
211 407
440 900
201 395
176 717
271 435
411 444
513 654
117 346
711 752
670 979
238 984
291 787
922 946
864 997
44 118
623 788
15 706
36 820
384 653
304 900
583 627
175 341
110 601
298 863
385 989
778 948
414 895
694 790
420 478
327 954
148 755
70 301
14 245
585 864
562 940
849 876
316 916
652 991
246 815
547 568
456 567
148 835
726 727
510 728
686 703
304 526
4 483
51 904
168 456
80 247
128 216
366 637
83 442
73 177
26 707
710 775
252 583
450 949
119 997
571 696
602 989
33 99
376 637
195 815
93 642
331 977
751 923
385 571
219 613
516 751
783 924
80 799
341 420
158 238
405 423
102 845
217 990
232 420
399 776
158 675
412 859
227 354
474 962
99 548
405 485
341 888
402 619
318 425
386 824
119 583
127 750
364 434
715 827
671 861
168 653
5 785
37 943
495 525
134 361
73 677
64 897
228 892
436 808
366 840
266 923
262 536
7 767
189 992
514 841
832 926
259 908
87 684
644 645
143 729
735 811
146 239
674 933
36 193
92 539
166 839
44 581
329 369
535 561
425 478
935 999
651 879
301 353
192 936
486 980
395 831
578 700
354 926
56 323
252 575
522 748
354 898
260 557
178 459
278 435
728 886
71 561
209 679
176 538
237 264
310 687
459 694
141 764
77 691
492 867
502 526
490 519
201 304
28 951
169 747
357 758
147 259
55 433
336 678
532 774
775 825
197 237
223 806
275 362
6 631
363 717
453 631
747 942
45 657
66 861
141 684
138 628
471 980
174 432
314 460
722 731
565 718
533 948
559 887
262 716
189 320
72 375
155 476
813 865
62 789
455 711
85 870
518 691
217 682
482 601
101 234
450 652
538 779
459 825
282 787
134 522
694 763
117 937
734 781
430 440
953 990
811 988
84 495
18 106
828 842
553 988
179 903
76 255
198 880
255 577
444 566
330 899
16 608
815 971
376 744
485 670
66 976
205 413
16 632
36 401
240 664
706 835
365 776
742 881
479 776
280 939
785 930
29 109
243 513
95 951
442 507
158 503
535 642
217 593
293 918
278 664
51 260
23 292
381 677
755 860
60 307
497 834
2 423
731 933
577 869
394 573
431 763
503 648
626 767
451 695
44 428
10 602
273 396
457 528
76 599
43 589
506 545
741 842
937 959
18 295
736 750
577 727
298 994
811 966
366 741
315 652
331 818
569 676
99 543
220 453
645 934
409 981
531 645
182 715
7 488
547 563
279 292
75 176
383 628
946 999
597 860
286 908
176 778
132 885
655 838
325 925
732 840
624 829
279 865
130 438
4 41
332 585
149 546
467 748
276 298
534 675
280 823
192 770
477 650
314 934
281 357
510 615
191 877
664 699
382 965
82 883
277 393
127 850
80 690
297 684
691 738
529 968
78 627
126 889
315 587
236 935
342 985
11 446
404 988
153 815
496 976
23 720
285 729
629 882
779 832
79 93
224 401
401 479
40 638
127 883
84 720
322 839
767 798
294 881
731 740
143 885
266 933
190 601
137 813
218 831
358 828
29 367
389 508
20 554
87 413
357 853
445 909
44 159
345 776
809 844
205 486
193 792
628 877
46 469
786 861
37 993
302 458
79 254
735 846
225 714
183 926
479 544
384 450
444 748
232 524
819 900
66 434
216 900
182 407
718 911
348 916
875 931
440 684
707 869
831 871
605 643
331 941
673 865
506 542
7 394
38 255
96 400
377 424
649 734
64 116
187 569
440 586
243 864
152 679
897 963
117 462
32 813
43 635
567 883
186 686
294 486
460 785
485 542
719 843
634 718
193 875
701 733
460 919
68 966
233 727
62 468
376 684
586 703
638 975
45 787
434 663
283 841
97 394
7 489
343 937
564 710
238 497
274 530
339 962
39 334
3 115
636 741
545 978
82 898
194 934
383 588
139 206
316 818
273 559
225 308
276 862
70 165
697 796
297 931
231 529
33 482
653 951
359 674
297 732
343 655
124 600
82 841
331 902
89 339
278 621
541 767
328 593
371 632
233 876
760 840
468 552
472 757
453 627
303 508
110 134
521 744
743 997
381 884
313 594
590 871
422 662
284 689
540 864
217 506
408 775
89 409
124 978
263 930
542 588
690 941
718 872
35 878
25 708
118 990
295 974
459 911
358 877
229 754
649 938
261 653
293 478
172 775
646 917
194 345
54 885
569 986
17 165
282 872
195 830
108 137
457 526
693 741
263 770
875 903
139 395
312 1000
519 520
187 220
320 838
323 360
536 793
770 959
38 68
128 639
51 631
508 965
119 957
404 977
748 891
399 671
106 316
523 905
340 910
127 885
312 389
52 940
611 926
444 726
457 809
884 916
80 582
15 677
180 615
564 916
34 187
397 613
188 775
664 816
307 727
155 982
74 814
25 307
25 649
401 566
288 289
702 788
206 736
217 670
370 700
593 696
92 768
318 381
596 739
805 977
669 714
564 881
625 724
22 904
170 209
77 266
467 588
921 971
287 708
374 845
92 901
319 414
226 783
32 676
321 405
91 183
34 258
216 415
33 190
304 366
315 738
154 242
199 600
66 422
816 966
5 703
220 386
59 404
114 920
324 674
150 388
590 860
67 951
319 564
186 315
77 398
104 502
174 499
216 274
176 208
824 954
351 793
90 280
184 867
312 392
65 672
645 713
350 361
56 976
386 785
52 911
425 441
216 293
134 735
216 374
667 947
234 501
509 771
375 678
676 892
275 591
277 782
170 228
182 676
49 990
38 897
170 772
136 154
151 176
3 38
666 834
3 814
36 664
210 569
39 375
15 823
145 896
780 1000
457 703
382 524
141 752
148 608
107 590
57 746
356 962
43 720
32 958
185 665
596 886
261 884
206 304
52 705
913 915
651 674
865 971
20 156
736 854
169 966
380 630
142 767
302 802
761 854
81 201
180 460
320 863
12 87
9 146
636 731
63 668
160 405
539 680
532 742
283 290
523 649
346 382
623 866
279 722
414 970
138 526
839 957
400 965
82 814
732 963
61 556
38 137
479 734
56 501
260 319
379 442
903 982
300 625
131 899
693 919
336 674
202 678
666 867
371 513
284 492
710 987
376 460
225 958
478 878
306 854
562 583
416 886
154 511
182 787
130 802
73 235
504 762
617 890
174 574
481 874
873 948
496 762
78 420
296 707
541 989
422 839
29 143
426 622
34 783
70 613
612 664
382 835
378 768
159 649
337 606
507 951
323 928
331 439
107 341
644 1000
427 916
127 871
101 367
465 847
342 909
37 222
162 283
247 747
650 830
179 468
284 484
239 555
756 986
492 891
95 121
177 696
148 240
606 818
404 885
353 762
158 404
211 831
515 525
591 696
249 998
650 694
224 791
46 515
627 641
528 946
223 715
26 497
180 381
368 526
248 253
425 876
277 671
395 580
373 431
118 692
81 485
989 993
515 871
415 539
549 705
562 692
24 100
95 250
52 616
340 409
406 703
211 429
62 459
75 384
295 491
325 403
52 879
633 834
767 965
595 792
198 533
780 833
672 832
45 718
546 653
100 763
274 457
422 845
337 664
14 710
294 953
612 894
728 792
145 795
298 672
33 307
139 271
523 762
626 716
2 512
836 878
106 297
16 951
156 313
737 820
758 934
648 720
153 984
284 832
256 504
288 950
403 650
88 294
316 903
238 878
340 433
239 748
59 470
573 610
951 955
96 100
344 771
864 993
667 937
187 997
269 848
10 270
722 806
462 879
160 502
276 409
1 171
721 916
67 327
212 521
457 997
177 894
59 677
238 710
424 996
166 861
44 921
214 769
17 737
420 476
95 761
188 322
724 845
498 923
550 664
708 869
451 767
213 800
612 680
662 746
98 758
291 802
260 452
513 633
264 756
63 734
805 996
3 734
736 913
24 989
103 324
115 702
925 978
116 346
271 774
338 349
286 658
172 338
606 991
77 102
527 617
809 901
710 850
171 946
294 495
376 621
440 563
366 802
181 486
269 734
391 934
221 920
485 760
861 922
221 863
113 521
597 797
57 81
805 848
377 706
541 961
547 713
546 891
718 837
52 150
428 935
8 140
219 754
7 839
364 428
495 670
297 677
539 571
151 883
411 486
185 257
439 476
324 814
404 814
584 628
610 877
442 972
403 958
648 951
429 631
890 901
285 845
361 679
34 353
121 836
421 445
111 499
370 923
613 802
457 673
647 939
163 802
455 950
15 21
32 706
173 320
589 666
94 626
302 746
216 863
117 495
318 349
381 536
52 536
502 909
419 528
451 746
323 817
219 276
240 766
754 804
193 323
145 812
91 422
682 746
605 966
32 277
460 934
710 889
23 559
279 617
28 715
429 585
752 988
609 612
365 800
49 556
312 710
892 927
832 939
527 854
611 630
95 808
119 157
405 647
414 830
501 544
296 317
498 824
254 776
317 551
38 525
73 829
129 383
58 303
322 770
225 998
493 526
410 472
400 537
362 870
108 403
584 862
76 405
814 861
234 976
81 215
164 336
248 321
306 635
266 567
87 498
855 862
82 829
95 846
531 958
151 801
665 696
138 158
34 448
270 301
664 833
118 206
310 313
9 192
219 542
129 442
147 719
523 624
21 658
258 259
589 853
581 687
485 885
230 248
161 463
379 705
36 969
500 922
10 40
95 174
21 984
129 287
440 738
138 792
270 316
295 517
134 622
341 423
275 753
174 920
154 371
60 753
335 884
259 722
498 780
290 643
223 320
420 619
74 972
444 636
739 837
36 212
161 303
82 471
345 547
109 436
379 634
105 476
153 852
108 655
165 783
292 430
166 532
160 408
665 871
73 231
42 463
177 371
62 983
71 362
287 917
411 810
62 702
484 564
369 769
57 391
332 744
104 747
767 860
634 794
190 738
621 979
214 856
154 340
629 958
743 832
6 341
17 562
122 934
267 519
435 640
11 304
14 807
649 952
685 719
815 987
442 667
271 457
118 296
44 210
476 614
625 743
133 485
119 182
442 712
470 502
31 311
203 897
155 332
804 903
23 989
432 679
444 533
241 513
265 635
178 985
152 583
204 948
164 892
17 607
257 750
150 464
372 464
432 627
61 677
614 965
2 627
609 732
473 921
311 905
493 700
631 694
395 886
4 761
161 958
205 279
183 634
95 682
689 857
129 463
84 168
472 834
131 888
17 873
45 975
295 852
301 888
373 868
520 768
150 500
373 842
129 461
34 828
309 714
804 979
664 926
193 611
580 982
150 766
205 216
673 984
355 811
406 847
37 847
10 596
553 745
483 994
673 912
167 825
64 330
136 261
412 827
347 700
416 596
185 612
364 867
137 704
535 703
154 322
399 932
68 349
549 906
367 458
42 155
238 927
165 518
446 593
4 395
658 826
183 698
225 521
220 782
813 825
244 496
373 935
9 342
165 239
160 999
190 965
536 666
9 460
550 701
135 546
426 994
42 958
204 539
302 358
788 865
94 336
258 511
207 710
381 811
584 750
514 734
156 278
6 858
