15 0.999999999911001
12 0.999999999919
15 0.999999999983368
15 0.999999999901720
13 0.9999999999241
14 0.99999999996757
15 0.999999999988294
12 0.999999999906
12 0.999999999923
13 0.9999999999307
12 0.999999999901
13 0.9999999999220
13 0.9999999999125
15 0.999999999944330
12 0.999999999994
14 0.99999999998978
15 0.999999999946880
13 0.9999999999056
14 0.99999999999564
14 0.99999999990276
12 0.999999999954
12 0.999999999978
13 0.9999999999676
15 0.999999999927255
13 0.9999999999839
13 0.9999999999930
14 0.99999999999149
15 0.999999999906439
15 0.999999999968338
12 0.999999999988
15 0.999999999962781
12 0.999999999977
13 0.9999999999621
12 0.999999999946
15 0.999999999958437
15 0.999999999975726
15 0.999999999917555
13 0.9999999999469
14 0.99999999998073
12 0.999999999998
13 0.9999999999135
13 0.9999999999081
14 0.99999999991596
14 0.99999999999563
13 0.9999999999073
13 0.9999999999949
15 0.999999999998055
12 0.999999999972
15 0.999999999930929
13 0.9999999999425
13 0.9999999999634
12 0.999999999943
15 0.999999999965368
13 0.9999999999630
14 0.99999999993989
15 0.999999999990652
15 0.999999999979595
12 0.999999999939
14 0.99999999999133
12 0.999999999948
12 0.999999999933
12 0.999999999999
13 0.9999999999870
15 0.999999999908959
15 0.999999999949543
12 0.999999999966
14 0.99999999994325
14 0.99999999993762
12 0.999999999962
14 0.99999999999812
12 0.999999999974
14 0.99999999994693
15 0.999999999968107
13 0.9999999999060
12 0.999999999985
14 0.99999999990888
12 0.999999999972
15 0.999999999929082
13 0.9999999999585
15 0.999999999970131
14 0.99999999993757
14 0.99999999992711
15 0.999999999966234
12 0.999999999968
14 0.99999999998204
14 0.99999999993745
14 0.99999999996142
13 0.9999999999029
12 0.999999999937
14 0.99999999999633
14 0.99999999996367
13 0.9999999999457
13 0.9999999999239
12 0.999999999927
14 0.99999999993350
15 0.999999999950075
12 0.999999999940
15 0.999999999920490
12 0.999999999943
14 0.99999999993034
13 0.9999999999558
13 0.9999999999925
14 0.99999999993149
12 0.999999999973
14 0.99999999994837
12 0.999999999971
13 0.9999999999545
14 0.99999999996891
14 0.99999999993352
13 0.9999999999076
14 0.99999999996309
12 0.999999999971
14 0.99999999994178
14 0.99999999991656
13 0.9999999999444
14 0.99999999998922
14 0.99999999995694
14 0.99999999992290
13 0.9999999999767
12 0.999999999931
15 0.999999999952857
13 0.9999999999205
13 0.9999999999609
12 0.999999999978
13 0.9999999999797
14 0.99999999990401
15 0.999999999958062
12 0.999999999933
13 0.9999999999660
14 0.99999999995785
14 0.99999999991265
14 0.99999999997294
15 0.999999999996396
12 0.999999999938
13 0.9999999999708
13 0.9999999999054
14 0.99999999992202
13 0.9999999999907
13 0.9999999999308
13 0.9999999999659
13 0.9999999999050
13 0.9999999999328
13 0.9999999999786
12 0.999999999900
13 0.9999999999063
14 0.99999999993204
13 0.9999999999451
14 0.99999999998440
14 0.99999999997725
12 0.999999999926
13 0.9999999999991
13 0.9999999999511
13 0.9999999999142
14 0.99999999996486
14 0.99999999997033
12 0.999999999985
15 0.999999999939505
13 0.9999999999079
12 0.999999999929
12 0.999999999964
12 0.999999999977
12 0.999999999982
14 0.99999999995364
12 0.999999999902
14 0.99999999996566
12 0.999999999965
15 0.999999999919402
15 0.999999999972561
14 0.99999999994834
14 0.99999999993566
12 0.999999999901
12 0.999999999979
13 0.9999999999963
12 0.999999999983
14 0.99999999997479
12 0.999999999930
12 0.999999999946
14 0.99999999993742
15 0.999999999909559
12 0.999999999923
12 0.999999999961
13 0.9999999999240
15 0.999999999971705
15 0.999999999982222
14 0.99999999996712
12 0.999999999982
15 0.999999999918048
12 0.999999999916
12 0.999999999906
14 0.99999999996116
14 0.99999999998383
15 0.999999999932266
12 0.999999999943
14 0.99999999994776
12 0.999999999995
15 0.999999999962125
13 0.9999999999077
12 0.999999999960
15 0.999999999905770
14 0.99999999990356
13 0.9999999999374
14 0.99999999997202
13 0.9999999999112
14 0.99999999998171
14 0.99999999991190
14 0.99999999997794
13 0.9999999999075
12 0.999999999944
15 0.999999999912462
14 0.99999999994686
15 0.999999999997413
14 0.99999999996238
12 0.999999999900
13 0.9999999999387
15 0.999999999937840
15 0.999999999999172
14 0.99999999990632
14 0.99999999997630
13 0.9999999999150
14 0.99999999992868
12 0.999999999989
14 0.99999999998911
12 0.999999999992
14 0.99999999991008
13 0.9999999999619
12 0.999999999942
15 0.999999999903151
15 0.999999999968884
13 0.9999999999633
12 0.999999999986
12 0.999999999977
13 0.9999999999033
13 0.9999999999504
14 0.99999999996938
15 0.999999999962429
14 0.99999999991614
14 0.99999999996630
13 0.9999999999851
13 0.9999999999617
14 0.99999999993132
13 0.9999999999232
12 0.999999999920
12 0.999999999907
13 0.9999999999427
12 0.999999999928
12 0.999999999991
12 0.999999999969
15 0.999999999959659
12 0.999999999995
15 0.999999999983863
15 0.999999999920160
15 0.999999999940000
12 0.999999999951
13 0.9999999999783
13 0.9999999999630
15 0.999999999958040
12 0.999999999957
14 0.99999999994578
15 0.999999999936817
15 0.999999999919240
12 0.999999999972
15 0.999999999905713
15 0.999999999903122
15 0.999999999929669
15 0.999999999916795
12 0.999999999987
15 0.999999999900674
12 0.999999999960
12 0.999999999962
15 0.999999999949044
14 0.99999999995612
14 0.99999999991686
15 0.999999999930017
15 0.999999999975408
15 0.999999999950825
12 0.999999999919
12 0.999999999981
15 0.999999999939124
13 0.9999999999320
13 0.9999999999292
15 0.999999999992763
15 0.999999999943784
13 0.9999999999678
12 0.999999999922
15 0.999999999983670
15 0.999999999953422
13 0.9999999999071
14 0.99999999998224
15 0.999999999969405
12 0.999999999922
13 0.9999999999452
14 0.99999999997532
12 0.999999999969
14 0.99999999993145
13 0.9999999999784
15 0.999999999934595
13 0.9999999999665
14 0.99999999993817
15 0.999999999947105
12 0.999999999906
12 0.999999999962
14 0.99999999992274
14 0.99999999996153
14 0.99999999998885
13 0.9999999999357
15 0.999999999964900
14 0.99999999997075
15 0.999999999945030
15 0.999999999901976
13 0.9999999999803
12 0.999999999967
15 0.999999999999942
15 0.999999999988289
15 0.999999999966908
13 0.9999999999768
14 0.99999999991678
12 0.999999999908
15 0.999999999986077
12 0.999999999926
15 0.999999999970199
13 0.9999999999973
12 0.999999999945
14 0.99999999997022
14 0.99999999994055
14 0.99999999998785
13 0.9999999999853
12 0.999999999939
14 0.99999999990502
14 0.99999999999510
15 0.999999999927854
12 0.999999999992
15 0.999999999922706
13 0.9999999999513
14 0.99999999993707
12 0.999999999953
15 0.999999999970512
13 0.9999999999885
12 0.999999999967
14 0.99999999990501
12 0.999999999903
12 0.999999999914
14 0.99999999998743
12 0.999999999934
15 0.999999999924355
14 0.99999999999813
13 0.9999999999342
13 0.9999999999155
13 0.9999999999003
14 0.99999999991483
13 0.9999999999242
15 0.999999999979937
12 0.999999999907
12 0.999999999996
15 0.999999999944141
13 0.9999999999401
14 0.99999999990496
12 0.999999999903
13 0.9999999999172
15 0.999999999992178
12 0.999999999985
14 0.99999999993941
13 0.9999999999145
14 0.99999999991711
12 0.999999999989
14 0.99999999993470
15 0.999999999907595
12 0.999999999903
15 0.999999999905259
13 0.9999999999995
13 0.9999999999400
13 0.9999999999264
14 0.99999999991681
13 0.9999999999201
15 0.999999999986681
13 0.9999999999900
12 0.999999999943
15 0.999999999928499
12 0.999999999902
13 0.9999999999921
15 0.999999999973444
12 0.999999999924
13 0.9999999999030
12 0.999999999916
14 0.99999999993602
12 0.999999999972
12 0.999999999909
12 0.999999999958
13 0.9999999999139
14 0.99999999998337
13 0.9999999999306
15 0.999999999949782
14 0.99999999999506
13 0.9999999999318
13 0.9999999999632
12 0.999999999994
15 0.999999999927653
13 0.9999999999577
15 0.999999999947584
12 0.999999999936
12 0.999999999974
13 0.9999999999210
14 0.99999999993419
14 0.99999999996410
13 0.9999999999606
13 0.9999999999594
14 0.99999999990128
12 0.999999999931
15 0.999999999969877
12 0.999999999911
15 0.999999999923253
15 0.999999999906523
14 0.99999999999295
14 0.99999999993504
15 0.999999999930552
15 0.999999999997254
14 0.99999999994757
15 0.999999999910647
12 0.999999999919
14 0.99999999993304
13 0.9999999999493
12 0.999999999971
15 0.999999999930678
14 0.99999999994278
15 0.999999999910593
12 0.999999999933
12 0.999999999996
13 0.9999999999305
15 0.999999999924867
15 0.999999999969880
15 0.999999999992070
14 0.99999999996786
12 0.999999999949
14 0.99999999999723
12 0.999999999967
13 0.9999999999769
14 0.99999999993830
15 0.999999999905238
14 0.99999999998455
15 0.999999999994421
12 0.999999999900
15 0.999999999934944
13 0.9999999999266
14 0.99999999996804
14 0.99999999995012
12 0.999999999931
13 0.9999999999402
13 0.9999999999779
14 0.99999999993662
15 0.999999999959586
12 0.999999999944
14 0.99999999991248
15 0.999999999991400
13 0.9999999999290
14 0.99999999990378
13 0.9999999999601
12 0.999999999990
15 0.999999999936784
15 0.999999999992966
14 0.99999999994717
15 0.999999999947529
13 0.9999999999473
12 0.999999999990
12 0.999999999961
12 0.999999999947
15 0.999999999952174
14 0.99999999999215
13 0.9999999999791
15 0.999999999958400
14 0.99999999993056
15 0.999999999998639
15 0.999999999953404
13 0.9999999999954
12 0.999999999901
13 0.9999999999719
12 0.999999999946
14 0.99999999993257
12 0.999999999954
12 0.999999999917
15 0.999999999984960
15 0.999999999946103
13 0.9999999999147
13 0.9999999999644
13 0.9999999999994
12 0.999999999985
14 0.99999999997769
14 0.99999999997327
13 0.9999999999864
15 0.999999999946456
15 0.999999999942917
13 0.9999999999599
14 0.99999999996167
12 0.999999999982
12 0.999999999973
12 0.999999999911
12 0.999999999916
13 0.9999999999414
12 0.999999999941
13 0.9999999999359
14 0.99999999992345
14 0.99999999992344
