8 0.17386730
7 0.3029494
9 0.006522029
9 0.810682064
7 0.4843971
8 0.47158054
3 0.902
12 0.386091382717
7 0.1988516
6 0.218670
6 0.927774
12 0.085799458140
9 0.980552877
9 0.553119457
9 0.320290659
8 0.54317690
12 0.363208223673
3 0.494
10 0.1408083307
3 0.521
5 0.73546
9 0.151279837
9 0.931329357
3 0.533
3 0.255
5 0.19135
12 0.469854330111
11 0.31051470276
10 0.4016533469
8 0.55209051
7 0.2663969
4 0.6189
6 0.301723
7 0.6847910
3 0.128
10 0.4312569805
5 0.39147
7 0.3723941
6 0.736295
8 0.56648824
4 0.2639
3 0.332
6 0.576492
4 0.1731
6 0.886046
6 0.490138
12 0.159495871966
6 0.796635
5 0.42172
8 0.85674262
7 0.5123069
9 0.448277295
4 0.7047
9 0.449574410
3 0.547
6 0.925425
11 0.31336360018
9 0.365541976
12 0.237716335681
8 0.49629506
7 0.7908585
6 0.676381
10 0.1141365643
6 0.804405
9 0.721577042
7 0.9303577
3 0.393
12 0.912690009744
12 0.087579312947
8 0.89156339
10 0.1730372724
8 0.06138211
8 0.57726836
4 0.8555
12 0.011080541441
11 0.73861901560
3 0.308
10 0.4471914630
3 0.438
6 0.295590
8 0.31224087
8 0.97748468
11 0.17478459886
7 0.3967595
7 0.5193699
7 0.9621278
9 0.244267370
9 0.070858684
12 0.546349171847
9 0.735548036
5 0.82426
3 0.170
6 0.612868
10 0.2112122520
3 0.811
3 0.674
10 0.6259680277
10 0.0954894141
3 0.413
3 0.421
12 0.116833398717
4 0.1052
8 0.25601189
11 0.82779218605
6 0.494091
6 0.782660
5 0.87579
11 0.03627755431
9 0.549257016
3 0.111
10 0.9161276844
10 0.9494560548
8 0.99272870
6 0.049930
8 0.31898133
4 0.5150
7 0.9143554
4 0.0814
4 0.4614
12 0.166352800072
9 0.521076861
5 0.78278
6 0.898644
10 0.0900528362
10 0.9762039871
8 0.34717895
6 0.953930
5 0.05934
5 0.46890
7 0.1456385
10 0.2069835912
7 0.1958784
12 0.242373854399
6 0.503651
7 0.9721819
4 0.2461
7 0.2225606
6 0.637634
6 0.311427
4 0.7207
5 0.03640
12 0.299337213691
11 0.24171692148
5 0.34364
8 0.25204348
8 0.70848405
4 0.8393
8 0.51143416
9 0.450175502
7 0.3428836
3 0.260
7 0.1794899
6 0.677600
11 0.53990101966
3 0.888
10 0.5413616190
3 0.818
7 0.0524747
8 0.47964471
6 0.014213
12 0.475082637346
5 0.20425
12 0.298298125910
3 0.188
10 0.7775440132
10 0.0788573690
9 0.518418308
5 0.28752
11 0.86281624991
10 0.4369811468
7 0.7661986
7 0.4976016
5 0.52921
6 0.071365
6 0.533598
5 0.85626
12 0.896293345833
8 0.92331756
4 0.4032
8 0.33770460
6 0.722569
3 0.077
5 0.37627
5 0.69827
10 0.7481908910
11 0.93812952738
3 0.750
6 0.108365
12 0.268311679854
8 0.62661178
5 0.54760
4 0.6077
3 0.898
7 0.2235933
4 0.0714
9 0.879789612
9 0.953969950
9 0.289154129
7 0.7867960
11 0.24281392023
5 0.23146
3 0.040
5 0.20923
9 0.259687189
7 0.3583018
6 0.285613
6 0.493306
6 0.766030
3 0.710
10 0.3531380345
6 0.920981
11 0.13179576516
12 0.733641974252
11 0.00321187606
6 0.028906
7 0.9790994
11 0.43189889130
4 0.7052
3 0.067
9 0.547586500
6 0.122686
8 0.33344636
10 0.3018951721
4 0.5745
9 0.995792322
3 0.350
5 0.61385
9 0.778581795
12 0.013487154230
5 0.24460
12 0.051480745696
3 0.771
10 0.5275886935
9 0.005628468
7 0.8275431
11 0.46488229599
10 0.9268582662
6 0.111345
5 0.50376
11 0.46637768827
12 0.191547379893
3 0.726
8 0.00846883
4 0.9424
12 0.407195350634
4 0.4673
8 0.62113328
5 0.65300
4 0.2953
7 0.1828162
8 0.51226594
8 0.97188810
5 0.22977
6 0.709289
5 0.86721
3 0.768
4 0.5835
3 0.838
6 0.651499
5 0.41073
10 0.7708768526
12 0.819098407865
5 0.13487
10 0.6288656760
5 0.07566
9 0.522414360
9 0.862682475
5 0.09435
12 0.771006040354
9 0.103461637
6 0.570910
10 0.5107347892
3 0.471
4 0.3798
3 0.586
8 0.14162367
10 0.9417813707
12 0.379665496502
5 0.06824
3 0.117
8 0.39061056
7 0.0343568
8 0.61237828
4 0.3828
5 0.04533
7 0.0297766
7 0.9789653
5 0.08323
4 0.5517
7 0.2269797
12 0.603763058953
8 0.53667600
10 0.1037330631
4 0.1541
12 0.614668656005
6 0.770389
9 0.459563765
9 0.114699485
8 0.70208929
12 0.401890646450
6 0.843792
3 0.949
3 0.618
10 0.7508866348
3 0.269
8 0.59924668
12 0.933021337539
3 0.306
4 0.3270
12 0.934830211537
3 0.744
9 0.138134845
12 0.148325656846
12 0.350866021045
11 0.17256690658
8 0.74246641
4 0.3674
5 0.74304
9 0.681030927
8 0.08576931
8 0.72451227
9 0.070892048
8 0.52747695
5 0.78086
9 0.371904095
4 0.2193
5 0.69363
5 0.79236
9 0.605421460
7 0.9729163
6 0.278490
12 0.650710265455
12 0.604988299931
8 0.85746861
12 0.327497362695
7 0.6769895
11 0.03993301990
11 0.60567234875
3 0.042
10 0.5477386554
9 0.505456597
7 0.4199199
8 0.79055332
12 0.441435194991
11 0.91788375996
3 0.306
12 0.557334305354
4 0.7468
5 0.10957
4 0.2959
11 0.68044077611
5 0.29867
11 0.81964091662
11 0.06942511746
7 0.8499830
4 0.3623
3 0.435
4 0.9305
4 0.7329
11 0.77594083205
5 0.14273
7 0.4912867
12 0.862809374171
5 0.90592
11 0.88034809329
9 0.701763024
7 0.5239130
7 0.3342067
3 0.281
9 0.624493549
11 0.99179415107
5 0.59464
10 0.5482313712
4 0.7208
11 0.61113000768
8 0.30569147
7 0.1343463
10 0.6387153166
6 0.548592
11 0.31112337209
6 0.766238
8 0.06393242
8 0.53205886
9 0.660523858
5 0.66036
12 0.049230125071
5 0.06856
6 0.620308
9 0.352726557
5 0.41358
9 0.562512948
9 0.563862792
4 0.6677
12 0.966197657995
8 0.98507160
11 0.25052082873
10 0.9178218966
12 0.869535102611
7 0.2397921
5 0.52741
4 0.1573
4 0.2602
6 0.989314
12 0.755400962400
8 0.36176359
3 0.484
8 0.16530363
3 0.952
11 0.37446031829
8 0.82805719
4 0.4754
9 0.657097383
9 0.866971085
7 0.6864943
10 0.6858850006
10 0.8300527123
4 0.5493
12 0.898656551311
12 0.336429547436
7 0.3721978
3 0.290
8 0.50872297
10 0.9209664100
10 0.5105266378
12 0.261965298758
11 0.67329145606
3 0.383
3 0.962
9 0.818392643
5 0.70570
12 0.572262642336
3 0.601
11 0.70217657529
3 0.006
4 0.2749
8 0.25181543
11 0.86462082383
10 0.6933531110
3 0.067
10 0.4516252544
7 0.9190551
8 0.87053097
5 0.60520
9 0.885855943
10 0.7092129813
5 0.70464
11 0.16346888374
11 0.63520015332
3 0.296
11 0.44712837796
9 0.261159018
8 0.98497572
4 0.4793
3 0.172
4 0.3971
10 0.5112698442
6 0.038469
4 0.7578
7 0.4362190
4 0.9391
10 0.8918238539
3 0.043
11 0.17639072530
4 0.2631
8 0.39820951
6 0.123282
10 0.6818909374
5 0.30530
8 0.84223527
9 0.085039685
8 0.69754583
12 0.780071826320
3 0.325
9 0.551841336
6 0.668673
8 0.15245290
10 0.5671391336
5 0.24629
8 0.11660137
3 0.856
6 0.797157
9 0.844214725
6 0.909138
7 0.1420031
12 0.660689085751
8 0.35116805
8 0.72730368
11 0.23096867840
8 0.70859298
9 0.239998486
7 0.5434815
9 0.556229786
5 0.26342
8 0.42880225
9 0.052712403
11 0.74801694083
4 0.1765
11 0.84206334770
7 0.4785452
10 0.0131898136
