9 0.676549872
10 0.1685017790
13 0.9891161045416
10 0.8141948462
12 0.237084885557
15 0.365824157393805
13 0.6646599847185
10 0.1910725431
11 0.90893028502
11 0.20370670966
11 0.51533460014
10 0.6679286529
13 0.7968007107659
9 0.738891995
12 0.103296312083
15 0.858250644744877
9 0.995028818
15 0.171088223742028
14 0.32986287018539
11 0.08095197072
12 0.091245264083
14 0.14772748081634
8 0.08953174
8 0.06614527
12 0.911536409394
10 0.5958603937
13 0.7494284966974
8 0.25968491
15 0.645037585036902
9 0.709907823
9 0.649459025
9 0.390265580
11 0.10427040569
15 0.523944753130157
8 0.35574384
10 0.1157395314
10 0.0013077355
10 0.3538896387
15 0.759318222650407
10 0.3861415867
13 0.1786160920099
11 0.75342195168
13 0.1040696779792
14 0.70160376965922
9 0.884397272
13 0.4915285538843
15 0.711260224447819
11 0.71287066907
11 0.24731671841
14 0.33873911594641
10 0.2512924416
10 0.7004796396
11 0.00110413629
15 0.938859052594680
10 0.9722925220
14 0.04038234045162
15 0.945000153529399
14 0.83685582609989
14 0.39987574728393
14 0.80078633830355
15 0.889126318119713
15 0.886007179703890
10 0.8925136830
9 0.177932012
15 0.378247557531725
14 0.59394933361577
13 0.9166784033224
8 0.28046376
13 0.8163587331223
15 0.997226375905119
14 0.29077836044001
12 0.353889961551
8 0.04673770
14 0.19270784361587
14 0.73796248137105
11 0.88839918216
8 0.20557938
8 0.92322419
13 0.8102181817232
10 0.3342971831
13 0.9385511847695
11 0.84936169286
15 0.144526729500011
10 0.9477435781
14 0.35785640350027
8 0.88594201
8 0.34833854
10 0.8905166965
14 0.30816180634082
12 0.502951397666
15 0.066129554623984
8 0.76571257
12 0.067942962970
11 0.17755190568
15 0.289314480812205
12 0.062684688736
9 0.648544990
12 0.421362629565
15 0.607873279573319
9 0.489128919
12 0.660963373461
9 0.596658038
9 0.381607881
15 0.304641926533707
11 0.13356444403
14 0.77790962137552
8 0.50305923
14 0.84289476658714
15 0.761486792623922
8 0.53949927
10 0.0483909101
8 0.03206280
13 0.4147611698594
12 0.206135215493
15 0.606286705140982
13 0.0731723384757
9 0.566538030
10 0.0008361008
15 0.572051332454646
14 0.46541265351567
13 0.1230001877767
12 0.913081116201
8 0.48780528
9 0.444989747
8 0.26793694
13 0.5911008368858
13 0.7702298246605
14 0.85789791775045
12 0.053068548702
14 0.02805526459767
11 0.02228999277
14 0.87298157601388
13 0.2506627733573
13 0.3485255423250
13 0.7793403725883
11 0.23686269970
10 0.9070078598
14 0.85688173521803
13 0.7241576497552
15 0.658970213674116
10 0.4995518823
14 0.93765288061921
15 0.366145618005228
13 0.7745391692767
12 0.990784152332
12 0.594798296104
13 0.1311232260823
11 0.40198950573
11 0.74830535895
10 0.6269406957
8 0.14970233
15 0.280844976446696
9 0.437662434
9 0.772729775
13 0.0277639015892
11 0.64915828015
11 0.77709525225
10 0.3914520676
15 0.984388532620026
13 0.7457623325967
12 0.331997192515
8 0.93154077
15 0.949740571815728
14 0.34742115476791
13 0.0361289146496
12 0.239211766866
11 0.13634282333
15 0.743651055943541
12 0.433707045069
8 0.04141002
10 0.3892900356
11 0.62252284921
15 0.018947069770602
8 0.34052503
8 0.89035814
14 0.31749610890808
9 0.869061554
15 0.339174697794738
14 0.70987231189608
9 0.928343947
8 0.70940357
12 0.688579633526
11 0.07456988095
15 0.448267830641529
14 0.04434277383705
12 0.139539892765
9 0.757719833
11 0.09367333869
8 0.13234723
15 0.378803434772956
14 0.01523624545501
13 0.1920943278740
11 0.97547233646
13 0.3586477929219
9 0.355142761
9 0.531684771
14 0.97930391599445
9 0.748686799
13 0.0165835725217
8 0.55515692
12 0.422516694014
8 0.73482928
10 0.8356274756
13 0.5564098498482
13 0.6637195748422
8 0.66573276
8 0.43819774
12 0.307335837809
9 0.985706966
8 0.52938333
10 0.6101902890
8 0.29280385
11 0.85216799993
14 0.73401018736207
14 0.12834856624947
10 0.8214845774
13 0.3891562144490
8 0.89312324
12 0.735930612603
8 0.59926786
9 0.446314289
13 0.1312857587612
13 0.0604829308417
8 0.15378331
10 0.1406749743
9 0.035507922
15 0.964371445331010
9 0.052972900
15 0.897138863799449
14 0.56541563224808
9 0.232058165
13 0.5078134304385
9 0.061283383
10 0.5903285609
8 0.98425797
12 0.795953699946
10 0.2572983784
10 0.0840900612
14 0.05962743855119
13 0.7963172894602
10 0.3058689240
9 0.336824241
8 0.54266700
8 0.49154358
15 0.207471421670803
9 0.447832616
11 0.02827636523
13 0.5733745656541
15 0.433407286765272
12 0.368091271042
14 0.00080946478619
10 0.0960159593
15 0.189486888418051
14 0.69757171949304
14 0.22547420713979
8 0.95621573
14 0.95503811369690
9 0.409787002
14 0.24464525294197
11 0.87924040539
11 0.54609153175
12 0.399358187106
14 0.42907256982286
12 0.482340932282
8 0.47695880
15 0.740513394403554
12 0.522054597926
10 0.8335152601
8 0.22479285
14 0.54011451659138
10 0.5681444472
8 0.63347670
14 0.48082598136968
11 0.34153463671
9 0.185723136
8 0.15463988
8 0.48735327
9 0.201731973
14 0.83463374201247
10 0.0389428103
9 0.583009322
15 0.595535209272401
13 0.0204512643058
10 0.6066520163
8 0.72961431
12 0.605067347795
9 0.891063669
15 0.016954562897658
15 0.865237006902106
13 0.0252994631031
10 0.9471257030
14 0.20970085247961
11 0.44351140624
14 0.55185994940730
14 0.40954563501091
10 0.8832925623
14 0.58102458253276
15 0.162703629886074
12 0.410282890009
15 0.317701017151537
12 0.067289515594
9 0.652601644
8 0.80655350
9 0.115417193
15 0.915831165521729
14 0.41138386380706
10 0.9493234560
10 0.3498163530
11 0.99768006703
11 0.58346257932
11 0.04091905717
8 0.01270000
11 0.81278080832
15 0.818284223978763
10 0.5542949396
14 0.51855951076692
8 0.68162872
13 0.8965087846268
12 0.153451203207
9 0.846289421
10 0.7622347881
8 0.73395270
14 0.85366141204185
11 0.73575649485
8 0.50305055
15 0.681430852490253
13 0.7790146143435
10 0.8005044850
13 0.4724301404154
13 0.3322407292141
10 0.9730667438
9 0.689852309
10 0.8473573310
10 0.2062721679
12 0.455932822883
15 0.542607308278289
11 0.61378407997
14 0.02702407116067
8 0.21583966
13 0.9679771888264
10 0.3854354358
15 0.100549038449887
8 0.67800725
13 0.6642049363315
15 0.937929099106746
11 0.93131211636
8 0.77982468
13 0.3165656235726
8 0.01514968
14 0.52717019328020
10 0.6024676955
9 0.307963474
15 0.818625745319494
11 0.34320793326
15 0.676481867872436
14 0.99211348568828
14 0.94359739908162
15 0.999181292055251
15 0.411958021774732
12 0.045524153842
11 0.60247656772
8 0.31214030
15 0.726588569740205
14 0.42676400558594
9 0.941676426
8 0.31584721
13 0.3633906238514
11 0.02793841633
15 0.122763049779358
8 0.54616094
15 0.127160542447014
8 0.05888817
13 0.5958503976001
15 0.045112940133909
13 0.6879183305512
9 0.096279251
12 0.463606383556
15 0.002897959728428
11 0.75985674527
13 0.0461128783454
10 0.4135298383
10 0.3536457727
8 0.44087105
12 0.740048221300
13 0.9715047240404
11 0.21655428622
9 0.558211420
9 0.017258932
15 0.024213085112703
12 0.295101182673
12 0.984382925514
10 0.7210468774
12 0.582666941420
14 0.61321231232195
14 0.23208721049330
12 0.093110446574
15 0.361600953036269
8 0.10995061
11 0.92948488746
8 0.52078406
8 0.69517635
11 0.75827376788
13 0.8984770669763
9 0.802641381
9 0.641913196
8 0.30576843
15 0.299119770669262
12 0.591198035574
9 0.816359622
15 0.197174636748342
15 0.987974805658884
8 0.51605259
12 0.983564602001
15 0.656862121797439
9 0.948424718
15 0.655427858657794
8 0.12440076
11 0.05528313863
14 0.34833979663118
9 0.672218940
13 0.0859112469195
12 0.311699325321
10 0.7033949861
10 0.1307317815
9 0.344435437
11 0.59031936492
15 0.030161704327914
9 0.409877911
11 0.45022886179
8 0.94187227
14 0.30452165073528
14 0.68308595968585
13 0.7313873282420
8 0.20916031
12 0.989262415761
13 0.3536997249599
10 0.5132146224
9 0.729075217
9 0.012760131
14 0.30531630573666
9 0.096105935
10 0.5718510047
12 0.354785810014
14 0.10305248031412
15 0.506220097338960
9 0.554140028
8 0.63951343
11 0.85676517373
12 0.900274473132
14 0.78962881383751
15 0.491094697918553
15 0.078958282403794
14 0.16675708312358
10 0.8833054733
12 0.881663789002
8 0.27877799
10 0.3228193545
12 0.292995400576
14 0.35787297785437
13 0.9011273694458
12 0.055972925686
14 0.15621869980136
14 0.67903398865384
11 0.34202077706
13 0.7025106206513
15 0.606128746219039
10 0.9330820423
14 0.69110035969556
12 0.502238439076
12 0.045503785361
14 0.47032591584800
11 0.40643720489
10 0.4586350634
8 0.55474836
13 0.9154170916529
8 0.34251755
12 0.590872330860
13 0.9286356141452
11 0.26465437701
13 0.6118468014606
12 0.740611246943
13 0.1427172010107
11 0.22864076611
14 0.31022147776589
12 0.153035757789
13 0.5807637625078
11 0.41887165810
13 0.9175077548288
11 0.68406012004
13 0.4497718257074
10 0.3493070535
14 0.08182256918870
11 0.84837864264
9 0.401001511
14 0.73045104078460
8 0.48238099
10 0.4685495992
12 0.197051021361
8 0.63712025
13 0.2122825512713
