11 0.99999999372
14 0.99999999541754
11 0.99999999494
10 0.9999999938
10 0.9999999983
10 0.9999999917
15 0.999999991029726
12 0.999999997919
13 0.9999999914130
10 0.9999999978
12 0.999999991435
11 0.99999999135
13 0.9999999907366
12 0.999999992936
15 0.999999994531557
10 0.9999999996
15 0.999999992491634
12 0.999999991835
11 0.99999999521
11 0.99999999653
10 0.9999999981
13 0.9999999940558
13 0.9999999943277
15 0.999999990457881
10 0.9999999967
14 0.99999999033333
15 0.999999999934966
12 0.999999995320
12 0.999999998117
14 0.99999999692943
11 0.99999999476
10 0.9999999968
15 0.999999998934994
14 0.99999999348275
15 0.999999991554456
15 0.999999998081044
13 0.9999999916926
15 0.999999990410866
11 0.99999999294
12 0.999999991034
13 0.9999999904169
12 0.999999990019
13 0.9999999913844
14 0.99999999043407
13 0.9999999994773
12 0.999999991313
13 0.9999999998885
14 0.99999999328263
12 0.999999995082
10 0.9999999960
11 0.99999999214
10 0.9999999992
15 0.999999995105664
12 0.999999998544
15 0.999999993960579
14 0.99999999460108
12 0.999999990097
11 0.99999999212
11 0.99999999259
11 0.99999999045
12 0.999999994280
12 0.999999991837
15 0.999999992589912
13 0.9999999978945
13 0.9999999979072
11 0.99999999163
12 0.999999999990
11 0.99999999611
10 0.9999999900
12 0.999999995227
15 0.999999997209058
15 0.999999990703626
11 0.99999999823
11 0.99999999282
14 0.99999999320660
13 0.9999999920117
11 0.99999999838
15 0.999999995114658
10 0.9999999997
13 0.9999999958314
14 0.99999999662604
14 0.99999999091922
10 0.9999999934
12 0.999999990310
12 0.999999996268
14 0.99999999790064
10 0.9999999961
14 0.99999999423548
11 0.99999999032
13 0.9999999945788
10 0.9999999928
14 0.99999999329446
13 0.9999999967691
15 0.999999996724391
10 0.9999999990
12 0.999999993524
10 0.9999999981
13 0.9999999953482
10 0.9999999917
10 0.9999999966
14 0.99999999856517
10 0.9999999973
14 0.99999999409232
11 0.99999999726
15 0.999999996982195
11 0.99999999067
14 0.99999999041461
13 0.9999999944224
10 0.9999999998
12 0.999999990737
12 0.999999994807
15 0.999999992981645
10 0.9999999992
12 0.999999998114
10 0.9999999911
14 0.99999999189330
12 0.999999999903
11 0.99999999481
14 0.99999999705800
11 0.99999999237
10 0.9999999901
13 0.9999999947258
15 0.999999999459123
10 0.9999999986
10 0.9999999908
15 0.999999999869574
14 0.99999999872803
12 0.999999990459
11 0.99999999534
13 0.9999999990759
12 0.999999995718
14 0.99999999914964
14 0.99999999421583
12 0.999999995125
12 0.999999996806
12 0.999999991176
13 0.9999999901961
14 0.99999999896320
13 0.9999999936080
14 0.99999999181160
10 0.9999999932
11 0.99999999212
11 0.99999999712
12 0.999999997301
11 0.99999999287
14 0.99999999096902
11 0.99999999102
15 0.999999997941646
15 0.999999997676360
11 0.99999999998
10 0.9999999914
13 0.9999999912805
10 0.9999999977
10 0.9999999940
10 0.9999999965
15 0.999999999347251
10 0.9999999998
15 0.999999991046675
15 0.999999996754347
14 0.99999999573985
14 0.99999999446427
15 0.999999993706546
10 0.9999999913
13 0.9999999945802
11 0.99999999964
11 0.99999999154
14 0.99999999853428
12 0.999999995643
12 0.999999998454
13 0.9999999931417
10 0.9999999957
11 0.99999999672
12 0.999999990042
15 0.999999993866817
10 0.9999999976
14 0.99999999536447
15 0.999999991672844
13 0.9999999951839
10 0.9999999973
11 0.99999999697
11 0.99999999030
13 0.9999999977526
15 0.999999993381615
15 0.999999992372781
13 0.9999999953769
14 0.99999999368580
10 0.9999999965
11 0.99999999681
15 0.999999991508304
11 0.99999999370
13 0.9999999971593
10 0.9999999958
12 0.999999993979
10 0.9999999990
10 0.9999999945
15 0.999999998080228
10 0.9999999963
13 0.9999999922503
15 0.999999990370484
11 0.99999999711
12 0.999999990660
15 0.999999993575220
12 0.999999991564
15 0.999999992481309
11 0.99999999374
12 0.999999994865
14 0.99999999621305
13 0.9999999968013
14 0.99999999846757
15 0.999999996905530
12 0.999999991396
14 0.99999999453553
10 0.9999999975
13 0.9999999936613
10 0.9999999960
10 0.9999999940
10 0.9999999972
12 0.999999997025
10 0.9999999968
13 0.9999999974844
10 0.9999999961
11 0.99999999318
15 0.999999990660471
12 0.999999992999
13 0.9999999959141
15 0.999999999118789
12 0.999999998482
11 0.99999999360
12 0.999999996836
11 0.99999999082
10 0.9999999979
11 0.99999999761
10 0.9999999955
10 0.9999999949
10 0.9999999928
12 0.999999993641
10 0.9999999986
14 0.99999999208420
13 0.9999999921492
14 0.99999999160707
12 0.999999996370
11 0.99999999498
15 0.999999991061523
12 0.999999998925
10 0.9999999913
14 0.99999999678247
14 0.99999999061007
11 0.99999999508
15 0.999999997863180
12 0.999999991702
12 0.999999996689
14 0.99999999804433
15 0.999999997159139
14 0.99999999390891
14 0.99999999472644
12 0.999999998872
12 0.999999994750
10 0.9999999931
10 0.9999999914
13 0.9999999965932
11 0.99999999513
13 0.9999999911377
14 0.99999999718060
10 0.9999999910
12 0.999999991492
10 0.9999999925
13 0.9999999938697
14 0.99999999437548
14 0.99999999630646
11 0.99999999137
14 0.99999999900226
13 0.9999999903715
14 0.99999999231105
10 0.9999999915
14 0.99999999521311
15 0.999999999071323
11 0.99999999040
10 0.9999999968
10 0.9999999990
10 0.9999999916
10 0.9999999961
12 0.999999994125
15 0.999999995341128
12 0.999999998508
14 0.99999999608205
11 0.99999999311
10 0.9999999932
15 0.999999996269687
11 0.99999999507
14 0.99999999873193
12 0.999999997288
13 0.9999999922727
10 0.9999999919
15 0.999999999201168
13 0.9999999943771
14 0.99999999536534
14 0.99999999970817
15 0.999999996547648
10 0.9999999995
12 0.999999996400
11 0.99999999981
15 0.999999994966208
12 0.999999997373
11 0.99999999670
12 0.999999998159
10 0.9999999931
15 0.999999993770014
15 0.999999999881999
14 0.99999999825816
13 0.9999999928276
13 0.9999999958894
12 0.999999995490
15 0.999999992098165
15 0.999999997100504
15 0.999999990286505
10 0.9999999925
12 0.999999999331
11 0.99999999814
14 0.99999999370772
10 0.9999999961
12 0.999999991227
12 0.999999998984
12 0.999999998032
12 0.999999995775
15 0.999999991217174
15 0.999999999718161
10 0.9999999961
12 0.999999991000
15 0.999999998779764
11 0.99999999440
11 0.99999999846
13 0.9999999904976
14 0.99999999897016
10 0.9999999971
14 0.99999999134909
11 0.99999999172
13 0.9999999993780
13 0.9999999968576
14 0.99999999050839
10 0.9999999983
10 0.9999999990
12 0.999999998925
13 0.9999999954070
11 0.99999999324
11 0.99999999109
11 0.99999999908
11 0.99999999946
13 0.9999999961458
11 0.99999999571
15 0.999999995808430
12 0.999999993015
10 0.9999999992
14 0.99999999595900
10 0.9999999991
13 0.9999999931915
10 0.9999999955
15 0.999999995952416
14 0.99999999949957
13 0.9999999996537
13 0.9999999932178
14 0.99999999998256
12 0.999999994163
12 0.999999997268
11 0.99999999115
11 0.99999999362
13 0.9999999939743
14 0.99999999161562
15 0.999999999092409
12 0.999999997900
15 0.999999994783505
12 0.999999999874
15 0.999999990171473
10 0.9999999986
11 0.99999999770
14 0.99999999872939
12 0.999999999081
14 0.99999999056452
10 0.9999999920
13 0.9999999967188
11 0.99999999492
10 0.9999999913
11 0.99999999824
12 0.999999992702
10 0.9999999987
11 0.99999999735
11 0.99999999970
12 0.999999995505
13 0.9999999912442
14 0.99999999513895
14 0.99999999553918
12 0.999999995186
13 0.9999999910810
14 0.99999999656909
14 0.99999999537854
12 0.999999999223
13 0.9999999975363
15 0.999999997584415
12 0.999999990273
12 0.999999999836
10 0.9999999908
12 0.999999995704
15 0.999999992517077
11 0.99999999862
11 0.99999999689
10 0.9999999998
10 0.9999999954
11 0.99999999035
14 0.99999999358609
15 0.999999998974141
13 0.9999999927799
13 0.9999999957665
13 0.9999999975156
15 0.999999999577387
14 0.99999999424718
13 0.9999999941586
12 0.999999991056
14 0.99999999161794
13 0.9999999951979
10 0.9999999991
14 0.99999999309148
11 0.99999999549
15 0.999999994672767
15 0.999999993919550
13 0.9999999904388
10 0.9999999949
14 0.99999999429982
15 0.999999990998229
12 0.999999997675
13 0.9999999998676
10 0.9999999930
13 0.9999999944127
10 0.9999999991
10 0.9999999988
13 0.9999999942037
14 0.99999999557055
15 0.999999992478635
10 0.9999999906
12 0.999999997671
12 0.999999993410
10 0.9999999917
10 0.9999999985
14 0.99999999426860
10 0.9999999900
15 0.999999996875732
14 0.99999999053887
11 0.99999999013
10 0.9999999929
11 0.99999999404
11 0.99999999884
15 0.999999997205454
15 0.999999991769387
10 0.9999999980
11 0.99999999731
15 0.999999990911623
12 0.999999993056
11 0.99999999346
13 0.9999999913320
14 0.99999999330156
11 0.99999999004
14 0.99999999563498
10 0.9999999942
11 0.99999999184
12 0.999999999624
10 0.9999999945
12 0.999999993138
12 0.999999990891
12 0.999999990914
15 0.999999999110828
13 0.9999999994784
12 0.999999991033
12 0.999999999482
14 0.99999999027454
13 0.9999999919233
14 0.99999999005975
15 0.999999995319818
14 0.99999999776013
15 0.999999995650860
15 0.999999994284014
10 0.9999999989
11 0.99999999557
12 0.999999992620
13 0.9999999977534
14 0.99999999206560
10 0.9999999900
11 0.99999999952
15 0.999999996318290
14 0.99999999930470
11 0.99999999938
15 0.999999993086800
14 0.99999999005725
15 0.999999993566309
14 0.99999999630425
11 0.99999999891
12 0.999999991863
10 0.9999999938
13 0.9999999966221
10 0.9999999966
13 0.9999999989609
11 0.99999999229
15 0.999999992856431
