11 0.90470187374
13 0.6239756064917
9 0.990499653
8 0.78144959
12 0.728867008702
8 0.68086929
8 0.29500264
13 0.3906253260421
13 0.2701188618971
8 0.16848004
15 0.100652717732407
13 0.8104975210888
12 0.380562556940
10 0.7604086077
13 0.1001767039968
13 0.6312724319988
15 0.594522513736692
15 0.712829978720720
10 0.7357428960
12 0.879782264478
12 0.692162206300
14 0.37992234463640
9 0.794345976
15 0.975442781531301
9 0.856992452
10 0.7062725418
10 0.8303128211
14 0.18940772935135
10 0.4598346886
9 0.620780992
13 0.9729288812284
9 0.842764812
8 0.04139103
13 0.5034573550740
11 0.03183332362
10 0.6202751515
14 0.03101866578267
14 0.70485794446593
14 0.94642501796642
8 0.20678957
11 0.43490451373
13 0.7267550112537
12 0.142901751153
9 0.308572944
11 0.82802858567
10 0.1895341641
14 0.48536158021427
13 0.5235110061226
10 0.8210396283
12 0.644237443655
11 0.96296302526
9 0.353200522
11 0.12134642264
10 0.0845827219
11 0.47291498029
13 0.4763016374920
12 0.226356463976
9 0.201175694
13 0.9166560843429
14 0.63986738042188
11 0.67997350029
9 0.895726832
8 0.31147611
11 0.16432696466
13 0.2615298259794
15 0.027142330482330
10 0.5399756445
12 0.721198862034
13 0.3404706076279
9 0.686594955
13 0.7286175377316
13 0.1458282164401
13 0.1759776919684
10 0.0666196972
13 0.2590802510944
9 0.987691745
15 0.549020986499513
15 0.629671787184446
9 0.038398551
8 0.27526171
9 0.589034033
12 0.380751544856
8 0.17272022
9 0.319418967
13 0.8249946694794
15 0.201157354547855
13 0.0727054885019
8 0.78855361
15 0.752655294237947
14 0.65127203510380
8 0.50962289
9 0.396467374
10 0.7124783125
13 0.1809009762829
12 0.680489792154
13 0.8452158995369
14 0.26311057474026
9 0.961779252
8 0.64430517
8 0.48359211
12 0.328242075763
12 0.482321084490
10 0.2601718357
12 0.666078579568
9 0.265716254
12 0.032190435924
9 0.566254726
12 0.352266715021
9 0.898044824
14 0.71715455675428
12 0.040166668019
15 0.311646311346753
9 0.886402752
11 0.72521418673
10 0.9398400209
12 0.320220718005
8 0.12649424
11 0.80752274556
9 0.618475388
13 0.6999193669813
10 0.2001019948
12 0.909032441373
8 0.57516290
8 0.57559955
14 0.13201923703035
8 0.20726888
13 0.3115427024524
13 0.6523080124768
14 0.53153734784526
15 0.304141038406673
15 0.907444223181332
12 0.022870044862
15 0.907779514719691
11 0.54787238239
11 0.31869464694
13 0.1231942002939
8 0.84056839
13 0.4197695799227
11 0.20762463837
11 0.81637996967
11 0.70066404593
11 0.44314708806
8 0.38278945
15 0.608715909538846
12 0.929511069693
15 0.355265285253000
12 0.970342582581
12 0.946159445505
8 0.82629428
10 0.7923398001
9 0.895938625
13 0.4010485366753
8 0.71708641
13 0.8480155815267
9 0.345533412
10 0.1146584239
14 0.47614477500829
14 0.87255700137157
13 0.5346915291874
9 0.376027866
14 0.73580820923525
15 0.693900295976245
11 0.91058966784
9 0.085214672
9 0.422989085
15 0.611376048738032
8 0.51129246
12 0.880757107965
10 0.6498635451
8 0.38876315
10 0.7035794204
12 0.603949519607
9 0.355784080
11 0.37803837337
15 0.809296090441601
9 0.668235724
10 0.9438800973
9 0.580579804
8 0.94355362
15 0.222049429218528
15 0.902058096370387
13 0.4913488983292
8 0.74002271
14 0.40233409870306
15 0.030538080198486
12 0.612982395477
12 0.907643291915
8 0.43381826
8 0.53956432
9 0.430158918
12 0.899652995532
11 0.26270640884
13 0.0875844175252
13 0.3487656064593
10 0.3367760500
9 0.781208546
8 0.62886750
13 0.9484588935238
9 0.585575484
14 0.58426308384885
15 0.362816878582182
13 0.6949549207563
15 0.474323398022530
14 0.20308253909307
15 0.048221583255017
14 0.29237621710309
10 0.3237928984
13 0.6184371326296
8 0.32201272
9 0.532683249
10 0.5042614564
10 0.5442206818
13 0.5502105201355
11 0.20936772561
11 0.94976678293
15 0.589608893839284
9 0.624937745
12 0.792947008457
12 0.503208189484
9 0.192091859
14 0.03175168958409
11 0.61664198239
15 0.128142891964532
13 0.0730930704364
11 0.33713079778
15 0.786647353946018
14 0.48360874129166
12 0.672933745082
13 0.1686117293143
8 0.06424667
8 0.72090888
13 0.1308697506332
8 0.16818930
12 0.449206988896
11 0.93760077520
12 0.302335727513
15 0.792135117817694
13 0.5114674985332
8 0.62093837
12 0.667214524807
8 0.75720841
12 0.098900672517
12 0.073573534480
10 0.9085709049
8 0.26922941
10 0.8493414884
12 0.753380106729
11 0.79595236030
8 0.63969178
14 0.83652898105079
11 0.42123706115
11 0.76829108919
13 0.4754830858954
8 0.53383646
10 0.3163034437
8 0.77219694
8 0.31996229
12 0.937572244782
8 0.95843280
11 0.20776632045
12 0.292473348042
11 0.33272301470
11 0.72703349696
8 0.30333203
15 0.870794964335951
8 0.85443994
8 0.51756124
11 0.53326936256
15 0.944751408635504
14 0.99268224471277
8 0.50939045
15 0.968635613858733
8 0.78586392
9 0.738373536
15 0.255557508401548
9 0.076770418
10 0.6948603528
9 0.898557747
14 0.41880927202107
13 0.4149680886315
12 0.901921358891
15 0.735788547680394
11 0.87611493620
8 0.60383378
10 0.1629010523
12 0.852746109123
14 0.42567531873748
13 0.6940513194013
11 0.73278265238
10 0.9181850362
13 0.7604395842668
8 0.77122734
14 0.29459863012944
10 0.6948873281
8 0.62956396
15 0.664534842064812
14 0.55093777509635
15 0.961067811403120
12 0.796847864839
15 0.443509770469253
8 0.74643344
15 0.498589194020181
8 0.43929899
14 0.58866666062128
9 0.945718538
8 0.60677293
13 0.8260861904438
12 0.712966266312
15 0.115628293361309
8 0.68399761
13 0.0209450365165
12 0.758031614686
13 0.4954784870480
13 0.3583105875149
10 0.8700690879
10 0.2691188949
15 0.709831679718964
15 0.678560637006186
15 0.524070890304779
9 0.331617207
12 0.089522915046
15 0.288330488720513
10 0.0539291115
9 0.542778959
15 0.138783231891936
10 0.9626727872
15 0.835274463042809
15 0.976462870387057
15 0.460829691777137
11 0.69623677416
14 0.02925004039811
15 0.615446068971247
10 0.5880920102
8 0.18323668
12 0.027350945988
13 0.6548863078336
15 0.762340921630112
8 0.78624757
11 0.65542563626
10 0.4466236381
9 0.040581506
11 0.59880907860
11 0.39582967011
9 0.886301672
15 0.106028478351298
8 0.68262117
9 0.504938497
14 0.37646910476804
8 0.64138299
11 0.75388262408
9 0.836085025
8 0.71589916
10 0.3838789433
11 0.77943384460
14 0.09592087068235
14 0.59658454658208
10 0.5128923734
8 0.25692026
13 0.4488796334776
9 0.961739381
10 0.7379246421
12 0.396986918504
12 0.083623433579
8 0.04408606
14 0.66590345987344
11 0.92479835830
12 0.135169880320
8 0.54221217
11 0.51385702182
8 0.47430543
11 0.34607131210
14 0.75231968062556
13 0.3268725919963
14 0.69826034385772
14 0.41404844875311
13 0.5827042500030
15 0.521093920227512
9 0.665056734
10 0.6815497182
14 0.66656435400236
11 0.89703319996
11 0.71307785938
12 0.112675137383
10 0.3140640393
9 0.444554106
9 0.536703466
10 0.5856855989
9 0.908785662
8 0.46577094
11 0.75257935043
14 0.83714018721914
12 0.885263450309
11 0.55034713112
15 0.512320867596386
10 0.7530393754
15 0.008687707020277
9 0.104304828
9 0.421003543
12 0.587524600664
8 0.76819340
11 0.11988002903
14 0.31567475604458
8 0.58767402
15 0.022296599017868
9 0.438078823
10 0.6849683175
13 0.5226624121056
15 0.384266739976676
8 0.03936817
13 0.6111116464063
8 0.63590763
8 0.13636830
9 0.788520061
11 0.75729930966
10 0.0993740081
10 0.9961991318
15 0.078354007291227
14 0.54790481752452
8 0.50567443
13 0.4921534671427
8 0.09482917
12 0.077582094718
8 0.45044665
12 0.182188362989
12 0.834422319540
14 0.07458797424137
11 0.42864085750
13 0.6639469961334
12 0.538145118346
12 0.589521934088
11 0.11634927229
10 0.1347540663
8 0.40523885
11 0.15454438398
9 0.350064006
10 0.1305431927
14 0.22888034816226
9 0.691673966
14 0.62166355867514
9 0.699367790
12 0.181296487267
11 0.32142723802
9 0.759807551
10 0.9649169102
12 0.980617200443
10 0.4831129486
9 0.347852129
13 0.6049062784026
8 0.08668061
10 0.7945740599
13 0.2000716540085
14 0.01713942060634
13 0.7782868607808
10 0.6137699243
9 0.083963205
9 0.712700088
10 0.5229601441
15 0.280872631319387
8 0.35263569
11 0.60046900413
12 0.866658317349
8 0.36367256
8 0.66559481
8 0.88892040
8 0.44687804
15 0.502730728541353
14 0.95144044319880
12 0.254807077831
12 0.205687919088
11 0.84682362228
13 0.3164775376360
8 0.22485157
11 0.64651907141
9 0.508616891
11 0.23472863437
12 0.037843811362
12 0.571486858586
14 0.91385255135577
11 0.10596458507
9 0.023482597
10 0.2616121379
13 0.2184134185456
9 0.404451995
12 0.491537877352
12 0.222930690181
11 0.11920841161
13 0.0707168404428
11 0.17737224697
15 0.444689283332130
11 0.08607999530
11 0.65646026679
8 0.72511627
14 0.50209624551456
9 0.185296310
13 0.5102048185478
11 0.49156716235
14 0.67660890242812
8 0.71318620
12 0.740617476322
8 0.21966371
