3 0.547
8 0.77074768
3 0.674
12 0.387494996095
12 0.669096867098
9 0.566092083
7 0.6263570
8 0.44508193
12 0.413542275569
5 0.16178
7 0.4844711
10 0.2667323111
5 0.23400
8 0.79094942
7 0.0480242
6 0.021367
4 0.3384
6 0.864068
9 0.666234308
9 0.726726199
7 0.7439853
9 0.977955428
4 0.9251
12 0.993093039573
6 0.575818
6 0.872598
8 0.31229598
7 0.1033320
3 0.231
3 0.391
7 0.0313304
9 0.669379201
8 0.88658895
12 0.173742422883
5 0.29571
7 0.7195377
5 0.02068
11 0.44529371222
6 0.698993
9 0.526228788
10 0.0065955010
5 0.67212
6 0.778431
12 0.263059024854
3 0.835
7 0.1466775
3 0.821
8 0.75369574
6 0.436894
5 0.42705
6 0.538669
9 0.389593586
12 0.466541165920
7 0.2757138
6 0.981754
11 0.94029412075
10 0.8786341356
12 0.242339927398
4 0.8584
6 0.754663
3 0.793
7 0.3917012
7 0.2128814
11 0.87211520346
12 0.773360242383
6 0.524869
4 0.9494
7 0.8640146
7 0.0613251
6 0.663468
8 0.04901410
10 0.0535900062
4 0.4793
10 0.1075171946
7 0.0894918
12 0.133774144268
8 0.78672993
3 0.504
5 0.79019
6 0.752564
5 0.29141
9 0.126460203
3 0.103
4 0.9925
7 0.9123901
3 0.257
9 0.840007983
4 0.7034
3 0.235
3 0.561
4 0.3201
3 0.082
11 0.46729989097
6 0.080345
5 0.39510
8 0.44858667
3 0.872
7 0.1855886
5 0.66406
10 0.2151764104
10 0.8723915310
5 0.40584
9 0.050003538
11 0.64901928859
7 0.8706251
6 0.442416
7 0.8313223
8 0.16992805
7 0.1014060
11 0.73415066291
11 0.26599996392
10 0.2208981754
9 0.427114893
8 0.48797501
8 0.64924710
4 0.7651
8 0.90654293
9 0.181487896
10 0.1593525103
10 0.5048346316
9 0.477612255
10 0.6218675785
9 0.767866409
9 0.887597360
3 0.241
9 0.846799818
4 0.5787
12 0.253564573412
8 0.84419969
5 0.20814
3 0.423
4 0.8790
4 0.6851
7 0.3156810
5 0.97053
12 0.240088625546
9 0.688450631
4 0.1822
8 0.63116594
4 0.1171
6 0.582792
4 0.0871
9 0.300551407
6 0.621620
5 0.48340
4 0.8637
5 0.76130
9 0.728374761
6 0.714227
8 0.09463166
10 0.3203090471
12 0.978506543414
12 0.082217202620
6 0.617644
8 0.99740639
8 0.58955469
9 0.713321981
12 0.953255780707
9 0.584627654
4 0.5206
10 0.6569036099
7 0.9608299
11 0.47169459550
9 0.225565849
8 0.85747953
8 0.02040641
10 0.1083919614
5 0.65247
5 0.01245
10 0.3551650362
8 0.54889444
8 0.17499303
7 0.0979973
7 0.0080522
4 0.2336
12 0.714631134784
5 0.37766
4 0.4761
5 0.15644
7 0.3461251
6 0.874576
9 0.120367243
3 0.888
7 0.2122967
5 0.00744
3 0.508
10 0.5083060218
5 0.81350
4 0.1003
10 0.3412479078
12 0.787931675073
7 0.6407179
6 0.392259
11 0.46763509954
8 0.59436964
8 0.47277305
11 0.49303521280
8 0.51932285
11 0.56196617880
11 0.03926970592
10 0.6135154759
6 0.417877
6 0.551177
4 0.7040
9 0.612865749
8 0.83584119
9 0.281148896
9 0.732618301
10 0.2920366874
8 0.38866329
7 0.3114134
11 0.19221228422
12 0.283411707906
7 0.4308454
6 0.843699
6 0.318364
8 0.30962535
8 0.38830783
7 0.3868937
7 0.4030856
9 0.168083688
7 0.5026394
7 0.9062684
6 0.727892
7 0.1448902
12 0.067673296516
8 0.48071600
7 0.9309641
4 0.7306
4 0.2890
12 0.460726387351
3 0.609
8 0.87941027
3 0.709
12 0.450889698434
3 0.764
5 0.29322
11 0.63515355457
9 0.830696867
6 0.432620
3 0.033
8 0.39987050
7 0.3488250
3 0.306
9 0.770041986
4 0.5544
12 0.858747353104
8 0.45347391
4 0.6898
9 0.049927936
3 0.259
5 0.31210
5 0.01251
7 0.7080038
6 0.778152
8 0.48186216
10 0.2680502619
9 0.496750857
12 0.869321269234
4 0.8060
12 0.085253681111
6 0.476560
5 0.07179
9 0.676040942
3 0.004
8 0.52359841
8 0.85908200
3 0.923
11 0.45628748840
3 0.094
3 0.747
12 0.615601760640
5 0.13507
7 0.1408836
3 0.175
11 0.34154362518
5 0.98817
8 0.63741948
9 0.095095325
9 0.160827824
6 0.779144
7 0.4651133
4 0.4418
6 0.386153
6 0.661400
11 0.12624580165
10 0.4983397931
7 0.6633705
4 0.4915
10 0.2291696644
12 0.369264431307
8 0.31335964
10 0.4347557476
3 0.563
10 0.6371102376
8 0.29148571
12 0.022788796545
3 0.734
5 0.39364
11 0.67926629466
3 0.210
12 0.238532058517
11 0.62125718856
8 0.34822997
12 0.917688017235
9 0.460928781
3 0.746
4 0.6910
3 0.202
7 0.9890571
6 0.481698
6 0.185386
7 0.5637010
8 0.50021464
4 0.0160
3 0.064
3 0.772
9 0.300276958
8 0.49701669
4 0.0671
12 0.758914967019
8 0.45633890
12 0.633156523145
8 0.65946639
4 0.4692
9 0.269402182
9 0.408661978
7 0.6551936
10 0.9696521809
12 0.127060037604
10 0.0918735484
12 0.896644878946
6 0.207472
11 0.81998799941
6 0.785869
11 0.72868910449
8 0.23161350
4 0.8262
11 0.32270411160
7 0.5094337
3 0.921
6 0.816931
7 0.3124517
8 0.91867008
7 0.4025816
8 0.97896024
10 0.3305173493
12 0.555808798065
11 0.83555288892
6 0.427391
12 0.344508347241
6 0.585358
10 0.9830630813
8 0.88432778
7 0.4724113
12 0.248739997124
4 0.6992
12 0.276045763786
9 0.489554238
4 0.4536
9 0.214718877
7 0.9235393
3 0.691
12 0.997699784483
7 0.3254631
12 0.147702319304
8 0.36756347
11 0.23008302804
11 0.87156917896
10 0.3400949464
5 0.74802
5 0.32114
6 0.282449
12 0.536059052538
9 0.326574512
10 0.1888190655
5 0.07302
4 0.8982
4 0.4653
11 0.43861987809
12 0.760650096741
12 0.512281321499
11 0.95681343157
3 0.868
3 0.678
9 0.973866983
9 0.376062506
7 0.9171082
4 0.8701
11 0.39065913715
9 0.285134396
5 0.97335
6 0.973252
10 0.3809924781
5 0.27236
10 0.0534724674
11 0.07360979839
5 0.83408
5 0.00550
4 0.6047
12 0.472584468061
3 0.258
11 0.22512243107
8 0.75230496
10 0.7541572913
7 0.2836673
12 0.687297448946
6 0.857516
6 0.818859
9 0.392817139
11 0.22475547467
7 0.7082230
9 0.829072666
9 0.907510491
6 0.809058
5 0.12306
9 0.887605144
5 0.17899
4 0.7719
7 0.1069192
10 0.8141184662
4 0.2617
10 0.0421372915
4 0.9373
12 0.023603735753
6 0.242686
4 0.3769
4 0.3714
3 0.460
10 0.4741805339
6 0.004533
6 0.200664
8 0.48047483
5 0.77673
6 0.175560
9 0.971853268
3 0.481
12 0.034734061502
7 0.6557544
8 0.94306412
6 0.532570
3 0.419
4 0.0014
3 0.085
6 0.541357
11 0.86421037233
8 0.27838190
5 0.54651
7 0.1430612
3 0.594
8 0.06062950
6 0.329365
5 0.23213
8 0.25123827
4 0.0033
8 0.77810933
10 0.0815329170
12 0.295571593770
5 0.95090
3 0.828
7 0.7997350
7 0.3563657
5 0.76826
9 0.902326274
3 0.323
3 0.731
3 0.864
7 0.2958134
5 0.90150
4 0.4687
11 0.47848768484
8 0.92927457
12 0.375113688042
8 0.92585352
6 0.825101
7 0.3885110
11 0.11511586835
10 0.4807594270
12 0.621734586624
3 0.799
8 0.08804594
3 0.705
5 0.34642
9 0.455675902
4 0.0624
10 0.5824889445
7 0.7759725
6 0.186849
9 0.921728854
3 0.785
11 0.03544518401
4 0.7543
11 0.03169879539
7 0.7251820
8 0.72963989
9 0.847193509
10 0.7934802259
12 0.130680536680
11 0.02701360961
11 0.20732194428
