15 0.412905433988039
13 0.7947899348909
15 0.710370047869036
10 0.2262787076
10 0.0208847224
13 0.4236240590942
15 0.296742461710501
12 0.850679380781
13 0.5416070808110
13 0.6767417068658
9 0.449912447
15 0.362056162482089
9 0.892426015
15 0.420306085026400
13 0.3480153192046
15 0.456966456946162
14 0.08365915124550
9 0.383984751
14 0.53172499238850
14 0.01170110393927
11 0.62682293995
13 0.5564216133234
8 0.22138304
14 0.61805924896297
12 0.553830454445
15 0.852277965952777
8 0.52892705
14 0.20006142950929
14 0.89354505909941
9 0.378349534
9 0.794009861
14 0.20572391495986
12 0.589394828857
12 0.317894261721
13 0.6155005392464
14 0.13686383852199
13 0.9964191807066
10 0.7424343110
15 0.221645686520512
12 0.710681166809
12 0.143852834196
9 0.202899382
8 0.43103452
9 0.863279911
13 0.6329387630643
10 0.5461471614
10 0.1963766385
12 0.618574714501
9 0.344401800
12 0.285644577904
9 0.638277795
15 0.125736313023907
8 0.34624686
8 0.14201349
15 0.399056333651306
12 0.717511050131
15 0.271578609401473
12 0.542952561990
14 0.79296352561337
12 0.143618482884
13 0.0965832290435
8 0.17729832
11 0.92953041865
9 0.151739983
9 0.125166158
13 0.7826020029839
15 0.391767344910208
12 0.248544337156
9 0.459780264
10 0.7249962867
12 0.469252289692
11 0.47386149337
13 0.7713896141446
8 0.52457311
10 0.6620371220
12 0.064546448325
8 0.61511787
10 0.9412515791
9 0.310176295
13 0.7318382773425
11 0.06404999006
11 0.92577438422
9 0.591200801
11 0.90555906112
15 0.833681461082833
12 0.392337727514
12 0.925291315532
14 0.10470916878667
9 0.270208100
13 0.8207586772617
13 0.3300227205748
10 0.2600956336
8 0.25714370
15 0.785875709422307
15 0.487368408041709
12 0.991825339805
15 0.387277713723363
10 0.1690921647
9 0.585140520
12 0.089847169944
11 0.87425093702
13 0.6587305687130
15 0.183107303427726
11 0.62585083625
12 0.333582715839
14 0.85687100423399
15 0.180258447613005
15 0.398876900943265
15 0.569098998367439
11 0.83708521225
11 0.45091035994
11 0.93293131657
9 0.204422365
12 0.204640877589
9 0.662660321
14 0.79983397797060
8 0.70282566
8 0.00880814
12 0.272650456974
12 0.658770792951
10 0.3227696195
10 0.1092506256
14 0.26739598344876
13 0.9924821651744
14 0.78848914547317
12 0.385273717250
15 0.071959788430947
10 0.8914786495
12 0.016460030734
13 0.5518555458101
8 0.75691351
9 0.780250439
14 0.77607191927721
10 0.5152929567
8 0.80069051
11 0.22998981778
15 0.002806679611612
13 0.6141426592123
13 0.0310914026261
14 0.73058500173963
9 0.938747039
14 0.14555801068595
11 0.27276327288
15 0.974147059892925
10 0.1538606882
9 0.993314509
12 0.095886033193
13 0.6687379683334
11 0.11249266979
10 0.2467758517
9 0.602593851
10 0.0362170234
10 0.4669377955
10 0.3812472034
10 0.1707492535
10 0.7367527994
15 0.849113918896888
12 0.244834126675
8 0.95860404
15 0.847859648715514
12 0.276107700693
9 0.388096373
10 0.1428560015
11 0.11975511898
10 0.0809441656
11 0.05471944964
8 0.65472416
9 0.700469385
12 0.777839830158
13 0.5487266790575
11 0.31272004266
13 0.3255880029252
11 0.52634007022
10 0.1936245463
9 0.156239862
15 0.910199303858233
12 0.818556124952
9 0.969685991
8 0.19930315
13 0.8010234436789
13 0.3972205123004
13 0.6641976300785
9 0.606910346
12 0.239430196608
14 0.47109303381289
10 0.6316717587
8 0.53909579
8 0.42028127
10 0.8817160950
8 0.03275464
10 0.3421962490
12 0.926870185168
9 0.687578131
12 0.726238935762
14 0.28233735002432
15 0.012104753287703
8 0.70331642
13 0.6921298005586
14 0.18115714092543
13 0.5137708396204
8 0.73055993
15 0.850504799759680
9 0.104933452
8 0.30542785
13 0.9900750661438
13 0.5208720911283
14 0.55637498807543
12 0.773906398755
9 0.727033339
12 0.294502543644
11 0.38535036734
8 0.45918668
9 0.599429641
12 0.131260163790
13 0.6540893022363
9 0.717435529
15 0.037153744065846
14 0.07128438138929
9 0.403176430
10 0.9935902506
15 0.944668697436631
9 0.243266464
14 0.53169137428641
13 0.6886165878821
9 0.182860477
12 0.761309122544
14 0.91383439593863
13 0.0546723209195
9 0.752096317
11 0.29048432648
11 0.95136696986
13 0.7258514040910
11 0.91396185287
9 0.220172125
9 0.446647346
10 0.7692390107
13 0.0370868911602
14 0.56447440940145
14 0.98807855818272
10 0.8254008513
14 0.85604045246037
14 0.34947652871670
8 0.81651898
10 0.8606363337
15 0.766656981899694
9 0.941034984
8 0.15331479
12 0.846794942228
8 0.94453511
15 0.357407300749457
9 0.962478082
10 0.7606396440
11 0.22654937992
10 0.7458072025
12 0.743506476506
8 0.36764855
15 0.072105068414683
8 0.85910562
11 0.21898936954
13 0.8921377801410
10 0.7113394862
9 0.439608165
9 0.755754684
10 0.7643278968
14 0.80294191213644
14 0.79432779568300
12 0.821669679246
12 0.706285238097
13 0.3352607163328
10 0.7106948371
15 0.009032247730110
14 0.10777116308440
11 0.05730400145
11 0.41828737001
15 0.062329804549426
12 0.706348589147
9 0.522885412
11 0.39704132590
8 0.13661136
8 0.58867714
14 0.93669397168015
14 0.23784111730246
15 0.772312775063285
14 0.44571957059040
11 0.54445800956
11 0.55217001659
11 0.54276612454
15 0.709634242993198
9 0.593889397
10 0.1581924158
11 0.58892930940
8 0.85269487
8 0.52149982
12 0.685469189883
9 0.752815982
15 0.234983219918326
10 0.1867609953
9 0.095771633
13 0.2231743622796
12 0.039696322573
11 0.57853623847
9 0.563446141
14 0.72241206242568
14 0.13674411432109
8 0.75849496
9 0.820081862
11 0.51172599991
8 0.91358176
10 0.2035207675
14 0.12498300273705
9 0.749205941
12 0.139809795958
11 0.58994848740
13 0.3005538553313
9 0.907948335
13 0.2748403904212
8 0.17823697
14 0.42539663659176
12 0.230225365668
15 0.497409971816189
13 0.7149815668750
14 0.94271988413941
9 0.999916151
8 0.05973708
10 0.0358175271
10 0.3279419720
14 0.63807821727056
12 0.625997956198
13 0.7521470667459
14 0.17899655090363
11 0.55610281953
14 0.74163784941661
10 0.3028299652
14 0.36829751107441
13 0.1289630122564
8 0.76712903
15 0.392478979209626
12 0.985252608988
15 0.795804262770297
8 0.01353471
15 0.649542249507005
11 0.69761794058
15 0.344171983296515
9 0.475163910
14 0.37791594366250
9 0.429660811
10 0.1343602881
9 0.568471725
14 0.17836975765449
14 0.14131975258739
15 0.878136706707069
12 0.161829101474
10 0.3033564650
13 0.5828643989113
9 0.864134270
12 0.722384509536
9 0.237877077
12 0.831842032796
13 0.4387818727503
11 0.35013657016
12 0.148388771450
10 0.7823692355
8 0.12128216
12 0.571449941879
13 0.5945183917673
8 0.61976784
8 0.69566674
9 0.459603127
11 0.75282893900
10 0.4029234074
11 0.18488818047
8 0.00045948
15 0.221606382877457
10 0.6984278143
13 0.5563238979064
15 0.549352747652728
8 0.77231405
9 0.797411441
12 0.347016990255
10 0.7055709400
15 0.627435558112912
8 0.44632594
15 0.040015760291635
10 0.5508294416
8 0.48163668
11 0.63175358629
15 0.464658362237638
11 0.27973261765
9 0.545907639
9 0.177853962
9 0.592497370
10 0.5792913114
8 0.45463884
13 0.7842213171120
8 0.30238968
12 0.449099857386
13 0.1433802264513
14 0.51658993909309
15 0.901823089193843
14 0.16870104649210
14 0.67545377983565
14 0.74487491308717
8 0.60648294
11 0.73709135223
9 0.776983988
11 0.30606063340
10 0.6752788662
9 0.710811220
14 0.45999638974326
9 0.778991636
15 0.281947704157722
8 0.81955799
8 0.43855862
13 0.3212200692927
11 0.59453152798
12 0.501424437435
8 0.47580091
9 0.263896726
9 0.362351583
8 0.80316771
12 0.292542034109
10 0.9645312842
13 0.7857035901356
11 0.33206532159
15 0.137958224266512
15 0.227087099025195
10 0.5617585743
13 0.8644074602255
12 0.427189981305
15 0.383366089615641
8 0.98155582
8 0.53372821
14 0.10942994130141
8 0.72558416
9 0.699462160
9 0.053182161
10 0.8190419181
13 0.2396225970266
15 0.316450052446142
9 0.964161939
15 0.768867102342862
8 0.56652579
12 0.122291733920
14 0.73855122714935
10 0.6755613212
14 0.72966011584157
12 0.700153774091
12 0.420925237374
8 0.49646113
13 0.1065146081742
12 0.466176122659
10 0.4316977819
14 0.41364525262890
9 0.455570964
13 0.1232594534558
12 0.574487656801
12 0.953013085566
10 0.5415028829
12 0.866363464943
10 0.7206965650
15 0.702849677864010
11 0.26645443168
8 0.16404984
15 0.431962432334739
9 0.172727365
10 0.2530847405
8 0.53595766
12 0.095519136662
11 0.96758774185
8 0.33225972
10 0.1940605642
12 0.933747284062
9 0.686887727
13 0.5753490160372
14 0.10072794523098
9 0.250897164
12 0.862689023898
12 0.722046243020
8 0.99066738
14 0.51285419763647
11 0.91137502713
10 0.5772655768
15 0.226999026887852
8 0.14622812
10 0.0085539710
12 0.170141576382
15 0.737842663951578
8 0.31703961
15 0.207804859690297
12 0.733379319895
14 0.82632604875652
11 0.46030437204
11 0.55705218203
14 0.31408218790507
13 0.5483620241248
10 0.4104279472
12 0.578826992709
11 0.68433492429
15 0.134591542051387
13 0.4552975371382
