6 0.380208
3 0.000
10 0.6156462585
7 0.2577320
10 0.2101210121
10 0.3872767857
5 0.66429
2 0.53
4 0.0978
5 0.61722
8 0.32465544
8 0.41520468
2 0.06
1 0.8
3 0.248
5 0.85021
5 0.75758
9 0.541884817
7 0.3617021
2 0.20
2 0.68
10 0.8192000000
6 0.007955
7 0.5396290
10 0.1225225225
9 0.111111111
9 0.365914787
7 0.4459459
6 0.372571
5 0.60687
2 0.12
8 0.92121212
1 0.5
10 0.8626126126
6 0.780269
2 0.14
1 0.3
5 0.39721
4 0.8055
8 0.20977918
3 0.353
7 0.5000000
8 0.24324324
9 0.109459459
2 0.44
9 0.390510949
3 0.320
10 0.0967741935
6 0.856452
1 0.2
3 0.880
2 0.94
6 0.362222
6 0.285714
9 0.021505376
5 0.65302
3 0.770
4 0.9976
5 0.30219
6 0.910383
2 0.10
10 0.5691144708
6 0.469173
3 0.993
10 0.4739884393
9 0.066395664
7 0.2689394
5 0.94194
8 0.06081871
3 0.893
6 0.251748
5 0.90558
9 0.791896869
8 0.89957265
3 0.810
4 0.1675
2 0.51
1 0.5
6 0.333333
3 0.801
2 0.31
4 0.9040
7 0.8450704
5 0.48804
5 0.42857
7 0.5294118
5 0.59873
7 0.0794552
7 0.5629139
10 0.8666666667
7 0.9479675
3 0.830
7 0.1286089
7 0.8033613
9 0.699842022
6 0.217105
3 0.399
9 0.321755027
9 0.122641509
2 0.15
2 0.08
1 0.0
10 0.8263157895
9 0.724757953
6 0.750000
7 0.6509573
2 0.60
1 0.6
3 0.926
10 0.7183098592
9 0.056603774
9 0.045517241
1 0.4
5 0.78017
6 0.076923
1 0.7
1 0.2
7 0.1515957
6 0.914634
5 0.22370
3 0.914
9 0.037735849
4 0.0040
8 0.89774078
7 0.0996169
3 0.406
9 0.425316456
6 0.396181
2 0.09
3 0.355
5 0.57647
2 0.70
5 0.30647
2 0.24
8 0.54586130
4 0.3462
4 0.1111
2 0.17
9 0.944067797
1 0.8
2 0.42
3 0.030
7 0.3839150
2 0.02
10 0.0339622642
5 0.91905
9 0.162974684
5 0.71765
1 0.0
8 0.71583514
8 0.18181818
4 0.7515
7 0.3333333
5 0.90990
6 0.801047
7 0.9315789
7 0.8061798
7 0.2269504
7 0.0522152
3 0.782
7 0.4683735
4 0.9053
3 0.206
10 0.0218579235
6 0.446741
8 0.00667780
1 0.3
6 0.185801
1 0.5
10 0.4606598985
2 0.88
1 0.1
8 0.90678941
4 0.0748
6 0.000000
9 0.977477477
4 0.0214
5 0.79101
2 0.42
10 0.9390642002
8 0.47951274
7 0.7558824
3 0.561
10 0.5564516129
9 0.975422427
8 0.22809917
5 0.89655
10 0.6236933798
2 0.59
10 0.2076124567
5 0.97479
4 0.1061
9 0.257763975
3 0.423
7 0.7240664
10 0.0000000000
8 0.22362869
1 0.3
5 0.07295
2 0.90
1 0.7
10 0.2307692308
3 0.350
1 0.8
9 0.809734513
2 0.40
4 0.0875
10 0.0626262626
10 0.5585585586
6 0.976563
10 0.5432742440
6 0.215017
9 0.588800000
5 0.16814
3 0.925
5 0.61257
1 0.7
6 0.563694
3 0.906
9 0.376237624
9 0.569390402
5 0.26906
7 0.8351648
4 0.0471
10 0.3917137476
1 0.3
3 0.466
9 0.387559809
6 0.784242
4 0.4515
1 0.0
4 0.1757
3 0.435
6 0.437262
3 0.043
7 0.2016632
8 0.01975851
6 0.127090
5 0.21992
3 0.063
7 0.9238095
1 0.7
9 0.424200278
4 0.3272
3 0.654
5 0.84783
10 0.3478260870
3 0.654
4 0.2927
2 0.17
10 0.2955145119
2 0.75
2 0.75
6 0.637868
7 0.4981818
10 0.5971223022
1 0.3
6 0.878128
1 0.8
3 0.983
1 0.0
3 0.009
1 0.1
2 0.03
1 0.3
6 0.063008
7 0.9549550
1 0.6
7 0.1386861
10 0.2815789474
5 0.05333
6 0.132530
1 0.3
3 0.437
8 0.82727273
2 0.72
2 0.94
8 0.60427807
9 0.194848824
6 0.925926
9 0.640473628
5 0.68319
6 0.438944
7 0.7049743
5 0.20000
9 0.134751773
1 0.9
4 0.6877
9 0.252136752
5 0.90173
2 0.62
1 0.7
6 0.016566
1 0.6
5 0.73286
6 0.574514
3 0.098
1 0.9
8 0.67194570
7 0.3929766
1 0.0
8 0.97425997
1 0.4
7 0.1247706
7 0.2494970
9 0.453929539
7 0.9187935
6 0.466667
8 0.88473520
3 0.308
9 0.000000000
6 0.813514
10 0.3164277839
6 0.038462
6 0.124242
9 0.342105263
1 0.7
9 0.633393829
8 0.48477157
1 0.8
6 0.573991
10 0.7892271663
10 0.2876712329
1 0.2
7 0.6388889
9 0.832565284
8 0.58966074
4 0.7366
3 0.283
9 0.062176166
3 0.565
4 0.8441
5 0.34450
1 0.1
4 0.9101
9 0.869352869
2 0.77
8 0.70734341
10 0.6446446446
6 0.482044
2 0.83
9 0.215725806
8 0.49290780
3 0.514
4 0.5940
6 0.984466
7 0.0537281
4 0.1635
9 0.226917058
8 0.84415584
3 0.767
1 0.1
3 0.527
7 0.3530612
6 0.300937
10 0.3606557377
6 0.155556
4 0.9315
4 0.6016
3 0.502
1 0.8
5 0.83201
5 0.00000
4 0.3347
3 0.152
4 0.1590
7 0.8690808
8 0.36099585
8 0.73241852
6 0.722164
10 0.1591397849
8 0.91183295
5 0.66082
9 0.970013038
10 0.0777385159
8 0.40625000
7 0.7853403
8 0.89002037
9 0.871495327
7 0.0975610
2 0.87
5 0.61066
8 0.21293801
9 0.552380952
1 0.7
9 0.849264706
6 0.552564
10 0.7745098039
2 0.39
7 0.6072289
7 0.4440559
9 0.166666667
3 0.473
9 0.219387755
5 0.48313
5 0.59091
8 0.72113943
9 0.988472622
8 0.90016103
5 0.95041
8 0.67580645
4 0.6356
3 0.660
5 0.08679
10 0.6585365854
9 0.148309706
2 0.03
3 0.507
10 0.5516431925
7 0.4631268
2 0.55
1 0.4
5 0.27762
3 0.552
5 0.96801
3 0.169
10 0.7989510490
1 0.6
8 0.78977273
10 0.4148936170
2 0.02
9 0.017977528
6 0.559211
8 0.45514950
7 0.5067698
1 0.1
10 0.5000000000
3 0.957
5 0.68525
1 0.5
9 0.556250000
6 0.672704
1 0.2
3 0.000
4 0.2812
3 0.674
7 0.3476440
2 0.20
4 0.3101
4 0.2411
6 0.566667
7 0.5790725
3 0.116
8 0.00000000
4 0.1553
3 0.138
10 0.4247104247
7 0.4335664
2 0.84
3 0.663
3 0.553
10 0.6530612245
10 0.4124513619
9 0.845350052
1 0.1
4 0.9244
9 0.175510204
4 0.1114
10 0.8740920097
8 0.36483740
10 0.4400000000
6 0.121043
7 0.1313340
2 0.14
9 0.337423313
8 0.51128668
3 0.360
3 0.748
5 0.22667
7 0.2765043
6 0.903676
3 0.524
9 0.067340067
9 0.000000000
10 0.1712962963
2 0.59
7 0.7402299
2 0.50
2 0.39
3 0.091
2 0.49
1 0.1
3 0.644
9 0.652665590
3 0.200
4 0.0875
6 0.157233
1 0.5
9 0.258992806
9 0.511627907
9 0.290322581
6 0.651765
2 0.56
3 0.683
2 0.30
5 0.47841
6 0.347403
6 0.385481
