15 0.999999999999993
15 0.999999999999877
15 0.999999999999290
15 0.999999999999570
15 0.999999999999639
15 0.999999999999964
15 0.999999999999305
15 0.999999999999312
15 0.999999999999682
15 0.999999999999937
15 0.999999999999993
15 0.999999999999120
15 0.999999999999010
15 0.999999999999297
15 0.999999999999040
15 0.999999999999663
15 0.999999999999008
15 0.999999999999461
15 0.999999999999847
15 0.999999999999334
15 0.999999999999848
15 0.999999999999086
15 0.999999999999657
15 0.999999999999890
15 0.999999999999145
15 0.999999999999351
15 0.999999999999476
15 0.999999999999096
15 0.999999999999680
15 0.999999999999275
15 0.999999999999517
15 0.999999999999458
15 0.999999999999577
15 0.999999999999730
15 0.999999999999090
15 0.999999999999867
15 0.999999999999145
15 0.999999999999199
15 0.999999999999898
15 0.999999999999175
15 0.999999999999115
15 0.999999999999928
15 0.999999999999309
15 0.999999999999684
15 0.999999999999783
15 0.999999999999734
15 0.999999999999520
15 0.999999999999871
15 0.999999999999413
15 0.999999999999678
15 0.999999999999115
15 0.999999999999933
15 0.999999999999177
15 0.999999999999978
15 0.999999999999620
15 0.999999999999652
15 0.999999999999765
15 0.999999999999140
15 0.999999999999656
15 0.999999999999070
15 0.999999999999767
15 0.999999999999339
15 0.999999999999681
15 0.999999999999588
15 0.999999999999729
15 0.999999999999626
15 0.999999999999347
15 0.999999999999625
15 0.999999999999453
15 0.999999999999383
15 0.999999999999815
15 0.999999999999295
15 0.999999999999871
15 0.999999999999327
15 0.999999999999632
15 0.999999999999800
15 0.999999999999137
15 0.999999999999896
15 0.999999999999697
15 0.999999999999431
15 0.999999999999623
15 0.999999999999582
15 0.999999999999899
15 0.999999999999798
15 0.999999999999191
15 0.999999999999918
15 0.999999999999525
15 0.999999999999282
15 0.999999999999125
15 0.999999999999885
15 0.999999999999287
15 0.999999999999592
15 0.999999999999770
15 0.999999999999400
15 0.999999999999971
15 0.999999999999363
15 0.999999999999843
15 0.999999999999555
15 0.999999999999180
15 0.999999999999318
15 0.999999999999110
15 0.999999999999324
15 0.999999999999759
15 0.999999999999018
15 0.999999999999628
15 0.999999999999194
15 0.999999999999488
15 0.999999999999023
15 0.999999999999810
15 0.999999999999595
15 0.999999999999519
15 0.999999999999286
15 0.999999999999446
15 0.999999999999760
15 0.999999999999393
15 0.999999999999377
15 0.999999999999267
15 0.999999999999678
15 0.999999999999801
15 0.999999999999572
15 0.999999999999527
15 0.999999999999465
15 0.999999999999524
15 0.999999999999980
15 0.999999999999925
15 0.999999999999929
15 0.999999999999702
15 0.999999999999686
15 0.999999999999569
15 0.999999999999401
15 0.999999999999895
15 0.999999999999594
15 0.999999999999234
15 0.999999999999306
15 0.999999999999394
15 0.999999999999194
15 0.999999999999844
15 0.999999999999454
15 0.999999999999188
15 0.999999999999851
15 0.999999999999600
15 0.999999999999914
15 0.999999999999366
15 0.999999999999679
15 0.999999999999722
15 0.999999999999418
15 0.999999999999870
15 0.999999999999977
15 0.999999999999857
15 0.999999999999018
15 0.999999999999947
15 0.999999999999422
15 0.999999999999227
15 0.999999999999163
15 0.999999999999665
15 0.999999999999581
15 0.999999999999353
15 0.999999999999166
15 0.999999999999295
15 0.999999999999861
15 0.999999999999288
15 0.999999999999104
15 0.999999999999637
15 0.999999999999889
15 0.999999999999156
15 0.999999999999141
15 0.999999999999404
15 0.999999999999073
15 0.999999999999698
15 0.999999999999157
15 0.999999999999868
15 0.999999999999798
15 0.999999999999477
15 0.999999999999071
15 0.999999999999784
15 0.999999999999020
15 0.999999999999929
15 0.999999999999467
15 0.999999999999716
15 0.999999999999595
15 0.999999999999148
15 0.999999999999702
15 0.999999999999873
15 0.999999999999184
15 0.999999999999406
15 0.999999999999709
15 0.999999999999740
15 0.999999999999120
15 0.999999999999253
15 0.999999999999124
15 0.999999999999646
15 0.999999999999347
15 0.999999999999997
15 0.999999999999906
15 0.999999999999937
15 0.999999999999449
15 0.999999999999254
15 0.999999999999719
15 0.999999999999102
15 0.999999999999987
15 0.999999999999550
15 0.999999999999453
15 0.999999999999503
15 0.999999999999155
15 0.999999999999001
15 0.999999999999629
15 0.999999999999597
15 0.999999999999128
15 0.999999999999215
15 0.999999999999174
15 0.999999999999053
15 0.999999999999137
15 0.999999999999108
15 0.999999999999128
15 0.999999999999716
15 0.999999999999513
15 0.999999999999523
15 0.999999999999344
15 0.999999999999379
15 0.999999999999065
15 0.999999999999081
15 0.999999999999575
15 0.999999999999399
15 0.999999999999664
15 0.999999999999416
15 0.999999999999728
15 0.999999999999153
15 0.999999999999110
15 0.999999999999317
15 0.999999999999322
15 0.999999999999442
15 0.999999999999790
15 0.999999999999401
15 0.999999999999024
15 0.999999999999973
15 0.999999999999972
15 0.999999999999148
15 0.999999999999090
15 0.999999999999497
15 0.999999999999490
15 0.999999999999091
15 0.999999999999335
15 0.999999999999307
15 0.999999999999777
15 0.999999999999499
15 0.999999999999452
15 0.999999999999398
15 0.999999999999932
15 0.999999999999566
15 0.999999999999909
15 0.999999999999650
15 0.999999999999871
15 0.999999999999029
15 0.999999999999836
15 0.999999999999488
15 0.999999999999378
15 0.999999999999663
15 0.999999999999370
15 0.999999999999066
15 0.999999999999338
15 0.999999999999292
15 0.999999999999150
15 0.999999999999829
15 0.999999999999820
15 0.999999999999905
15 0.999999999999244
15 0.999999999999086
15 0.999999999999120
15 0.999999999999560
15 0.999999999999067
15 0.999999999999322
15 0.999999999999392
15 0.999999999999313
15 0.999999999999064
15 0.999999999999691
15 0.999999999999535
15 0.999999999999110
15 0.999999999999832
15 0.999999999999534
15 0.999999999999921
15 0.999999999999382
15 0.999999999999468
15 0.999999999999741
15 0.999999999999055
15 0.999999999999435
15 0.999999999999705
15 0.999999999999395
15 0.999999999999944
15 0.999999999999076
15 0.999999999999137
15 0.999999999999261
15 0.999999999999483
15 0.999999999999751
15 0.999999999999617
15 0.999999999999575
15 0.999999999999641
15 0.999999999999024
15 0.999999999999032
15 0.999999999999234
15 0.999999999999623
15 0.999999999999763
15 0.999999999999916
15 0.999999999999422
15 0.999999999999341
15 0.999999999999754
15 0.999999999999061
15 0.999999999999249
15 0.999999999999175
15 0.999999999999885
15 0.999999999999130
15 0.999999999999764
15 0.999999999999726
15 0.999999999999164
15 0.999999999999241
15 0.999999999999049
15 0.999999999999273
15 0.999999999999309
15 0.999999999999489
15 0.999999999999366
15 0.999999999999290
15 0.999999999999426
15 0.999999999999979
15 0.999999999999970
15 0.999999999999267
15 0.999999999999481
15 0.999999999999191
15 0.999999999999936
15 0.999999999999969
15 0.999999999999328
15 0.999999999999378
15 0.999999999999869
15 0.999999999999869
15 0.999999999999777
15 0.999999999999584
15 0.999999999999471
15 0.999999999999302
15 0.999999999999048
15 0.999999999999909
15 0.999999999999652
15 0.999999999999933
15 0.999999999999007
15 0.999999999999356
15 0.999999999999967
15 0.999999999999363
15 0.999999999999448
15 0.999999999999900
15 0.999999999999879
15 0.999999999999792
15 0.999999999999377
15 0.999999999999830
15 0.999999999999693
15 0.999999999999283
15 0.999999999999602
15 0.999999999999916
15 0.999999999999530
15 0.999999999999130
15 0.999999999999552
15 0.999999999999896
15 0.999999999999075
15 0.999999999999964
15 0.999999999999793
15 0.999999999999267
15 0.999999999999879
15 0.999999999999245
15 0.999999999999482
15 0.999999999999839
15 0.999999999999415
15 0.999999999999111
15 0.999999999999237
15 0.999999999999187
15 0.999999999999888
15 0.999999999999759
15 0.999999999999954
15 0.999999999999686
15 0.999999999999908
15 0.999999999999006
15 0.999999999999443
15 0.999999999999686
15 0.999999999999245
15 0.999999999999328
15 0.999999999999311
15 0.999999999999999
15 0.999999999999442
15 0.999999999999737
15 0.999999999999470
15 0.999999999999960
15 0.999999999999042
15 0.999999999999756
15 0.999999999999223
15 0.999999999999304
15 0.999999999999436
15 0.999999999999291
15 0.999999999999978
15 0.999999999999787
15 0.999999999999996
15 0.999999999999415
15 0.999999999999476
15 0.999999999999786
15 0.999999999999466
15 0.999999999999937
15 0.999999999999601
15 0.999999999999019
15 0.999999999999209
15 0.999999999999793
15 0.999999999999995
15 0.999999999999026
15 0.999999999999485
15 0.999999999999155
15 0.999999999999110
15 0.999999999999520
15 0.999999999999899
15 0.999999999999326
15 0.999999999999927
15 0.999999999999020
15 0.999999999999195
15 0.999999999999310
15 0.999999999999502
15 0.999999999999891
15 0.999999999999824
15 0.999999999999251
15 0.999999999999772
15 0.999999999999833
15 0.999999999999164
15 0.999999999999464
15 0.999999999999583
15 0.999999999999730
15 0.999999999999952
15 0.999999999999748
15 0.999999999999519
15 0.999999999999601
15 0.999999999999921
15 0.999999999999773
15 0.999999999999486
15 0.999999999999675
15 0.999999999999089
15 0.999999999999798
15 0.999999999999088
15 0.999999999999372
15 0.999999999999113
15 0.999999999999495
15 0.999999999999105
15 0.999999999999572
15 0.999999999999535
15 0.999999999999356
15 0.999999999999267
15 0.999999999999724
15 0.999999999999808
15 0.999999999999158
15 0.999999999999056
15 0.999999999999105
15 0.999999999999115
15 0.999999999999473
15 0.999999999999748
15 0.999999999999569
15 0.999999999999561
15 0.999999999999032
15 0.999999999999649
15 0.999999999999330
15 0.999999999999355
15 0.999999999999758
15 0.999999999999457
15 0.999999999999409
15 0.999999999999250
15 0.999999999999439
15 0.999999999999342
15 0.999999999999467
15 0.999999999999603
15 0.999999999999997
15 0.999999999999804
15 0.999999999999730
15 0.999999999999010
15 0.999999999999463
15 0.999999999999419
15 0.999999999999607
15 0.999999999999708
15 0.999999999999841
15 0.999999999999597
15 0.999999999999319
15 0.999999999999951
15 0.999999999999118
15 0.999999999999119
15 0.999999999999207
15 0.999999999999520
15 0.999999999999787
15 0.999999999999759
15 0.999999999999280
15 0.999999999999821
15 0.999999999999471
15 0.999999999999752
15 0.999999999999767
15 0.999999999999525
15 0.999999999999193
15 0.999999999999972
15 0.999999999999982
15 0.999999999999350
15 0.999999999999508
15 0.999999999999929
15 0.999999999999296
15 0.999999999999003
15 0.999999999999338
